ALARM 0
0 0 1 0
764 75 11
43 60 68
11 60 74
43 60 43
43 60 51
43 51 68
43 60 72
43 74 68
43 74 68
-213 72 68
43 72 60
43 11 43
11 43 60
60 72 68
11 51 51
51 60 72
43 43 11
11 43 74
43 68 60
11 43 11
11 43 11
43 -213 11
11 11 11
11 11 11
11 11 11
11 11 4
11 4 11
11 8 11
11 -4 8
11 11 11
11 11 11
11 11 11
11 11 10
11 11 4
11 11 11
11 11 11
11 11 11
11 11 11
11 11 11
11 11 68
43 68 44
43 60 72
51 74 60
60 60 51
11 11 11
11 43 11
43 11 11
11 11 -213
11 43 11
11 11 11
11 11 11
11 11 11
11 51 51
83 83 211
140 11 140
43 11 60
11 60 75
68 75 60
140 140 75
60 68 60
60 68 74
43 11 74
68 11 68
75 11 72
51 43 72
68 68 72
68 72 68
68 43 60
68 11 43
68 51 68
43 43 68
68 43 68
60 43 51
68 60 68
51 60 60
43 68 68
68 60 60
60 68 72
68 75 68
68 75 68
60 11 68
68 60 68
51 60 60
60 11 60
60 11 51
43 43 60
51 11 43
51 60 44
68 68 60
68 43 60
43 11 43
60 11 60
68 72 60
72 83 68
72 75 60
74 91 68
74 75 68
74 140 68
75 91 72
75 75 68
End
