0 0 1 0
716 11 11
11 11 11
11 11 11
11 10 11
11 11 11
11 11 10
11 8 11
11 8 11
11 4 11
11 11 11
11 10 10
11 11 11
11 -4 11
11 8 10
11 4 10
11 8 -4
11 11 11
11 10 4
11 8 11
11 10 11
11 4 4
11 11 8
8 10 11
11 10 11
11 10 11
11 11 11
11 -4 4
11 8 8
11 10 4
11 10 8
11 11 8
11 11 11
11 10 10
11 4 8
11 11 11
11 11 11
11 8 11
11 4 11
11 4 10
10 11 11
8 10 8
11 11 4
11 8 11
11 11 8
10 -4 11
11 11 8
11 10 11
11 11 10
11 4 11
11 8 8
11 8 11
8 11 4
10 8 4
11 10 8
11 8 8
10 8 -17
8 11 11
8 11 11
4 4 8
8 11 8
11 4 4
11 8 10
11 8 11
10 4 11
11 8 11
11 4 10
11 11 11
8 4 10
11 -4 11
11 8 11
11 8 11
11 11 8
11 11 4
11 4 11
11 8 8
11 4 11
11 4 11
8 11 11
10 8 4
11 -4 10
11 8 10
10 4 8
11 8 -4
11 10 8
11 11 -4
11 11 8
11 10 8
11 11 10
11 10 8
4 8 8
10 10 8
8 11 10
8 8 -4
11 8 4
10 4 11
11 8 4
11 8 4
10 10 10
11 8 11
11 10 10
11 11 10
11 8 10
11 11 10
11 10 8
11 8 8
11 10 11
11 8 11
11 11 8
11 8 11
11 8 11
11 4 4
11 4 11
11 8 8
8 4 4
11 4 11
8 8 4
11 8 4
8 4 11
10 -4 8
10 10 10
11 4 8
11 10 11
11 11 10
10 8 8
11 4 11
11 11 4
11 10 11
8 8 11
11 8 11
11 11 11
8 8 -4
11 8 4
8 -4 4
11 8 -4
8 11 4
11 8 10
8 11 8
8 8 10
11 8 11
11 11 8
11 8 10
10 -4 11
11 4 11
11 4 8
11 8 8
4 4 11
11 8 11
11 8 8
10 4 8
8 10 10
10 4 4
11 11 8
8 11 4
10 11 8
10 4 4
8 4 11
10 4 11
11 8 10
10 4 8
8 10 8
10 4 4
11 11 10
10 4 4
11 8 10
10 4 8
8 8 11
11 4 11
11 8 11
10 -4 11
11 10 10
8 4 4
8 8 4
11 4 8
11 10 8
11 4 8
11 10 4
8 8 11
10 10 11
11 -4 10
4 10 8
8 8 11
11 8 4
4 4 11
10 11 4
8 4 -4
8 8 4
11 4 4
11 -4 11
11 4 8
11 10 8
4 8 8
11 8 8
8 8 10
10 -4 10
11 4 11
10 11 10
8 8 11
11 4 8
11 -4 11
11 11 11
11 11 4
11 11 10
8 11 10
10 11 11
10 4 11
8 10 11
8 11 10
11 11 4
8 11 -4
8 11 4
4 11 4
4 11 -4
11 11 11
10 11 11
11 11 4
11 11 -4
11 11 8
8 10 4
10 11 4
8 10 10
4 4 10
8 11 4
4 10 10
8 11 8
11 11 8
11 11 10
11 11 10
8 11 10
4 11 11
4 11 4
8 8 11
8 11 8
11 11 11
10 10 11
11 11 11
8 11 11
-4 11 4
8 11 8
8 11 -4
8 11 8
4 11 11
11 11 10
10 10 11
4 11 11
11 11 11
11 11 4
4 11 4
4 11 4
11 11 8
11 11 10
10 11 11
8 11 11
11 11 11
11 8 8
11 11 4
11 11 10
10 11 11
8 11 11
8 11 11
10 11 11
10 11 8
4 11 8
10 11 11
4 11 11
11 11 10
11 11 8
11 11 11
10 11 11
11 11 8
10 11 8
11 11 10
4 10 11
11 11 4
10 11 4
10 11 10
4 11 11
11 11 4
8 11 8
8 11 11
8 11 4
11 11 4
10 11 4
10 11 8
11 11 11
8 11 11
4 11 10
8 11 -4
8 11 10
8 11 10
10 11 11
11 11 11
11 11 11
11 11 10
11 11 11
11 11 11
11 11 11
8 11 11
11 11 11
8 11 10
8 11 11
11 11 11
43 11 8
43 10 11
11 11 11
11 11 11
11 11 11
11 11 11
11 11 11
11 11 11
11 43 11
11 11 11
11 11 10
11 11 11
11 43 11
11 43 11
11 43 8
11 11 11
11 43 11
11 11 11
11 11 11
11 11 10
11 43 11
11 43 4
11 60 8
11 43 8
11 43 4
11 43 -4
11 43 4
11 11 -4
11 11 10
11 11 11
11 60 4
10 60 11
11 60 11
10 60 11
8 43 11
11 43 11
10 43 11
4 11 11
-4 11 11
4 51 11
4 11 11
-4 68 11
-4 43 11
-4 43 11
-4 60 11
-4 60 11
-20 72 10
4 60 11
-4 60 11
4 68 11
8 60 11
-4 60 11
8 60 11
8 72 11
11 68 11
4 60 11
4 60 11
4 60 11
4 -213 11
4 43 11
4 43 11
4 11 11
4 11 11
4 11 11
11 11 11
8 11 11
8 11 11
4 11 11
8 11 11
10 10 8
8 11 8
4 11 8
10 4 11
11 4 8
4 8 8
4 -20 11
10 -4 11
11 -19 10
4 -4 11
10 -20 8
11 -17 11
11 -4 8
11 -4 8
11 -20 -4
11 -20 11
8 -20 -4
11 -20 -19
10 -20 -19
11 -20 -4
11 -49 -20
11 -45 -4
11 -49 -4
11 -45 -20
11 -52 -20
11 -45 -20
11 -52 -20
11 -51 -4
11 -52 4
11 -52 -20
-4 4 -4
11 -20 -45
11 -20 -45
11 -20 -20
11 -4 10
11 4 11
11 11 11
8 11 11
-4 11 4
-20 11 11
-20 4 11
-20 -4 -4
8 -4 4
11 -17 11
11 4 11
10 8 11
11 11 11
11 11 11
11 11 11
4 11 11
10 11 4
-4 4 -4
4 -4 -4
-4 -19 -17
4 -20 4
8 -20 11
4 -4 11
4 8 11
11 11 11
11 11 11
10 8 -17
4 10 -20
8 4 -4
-4 4 4
-17 -4 8
-4 -4 10
-4 10 11
4 4 11
8 8 11
10 4 11
8 10 11
10 10 11
11 4 8
11 4 10
11 11 4
11 4 -4
11 -4 -20
11 4 -4
4 -20 -20
-4 -17 -4
-4 -4 -20
-4 11 -4
8 11 11
8 11 11
-4 11 11
4 11 8
-17 11 -4
4 4 -4
8 8 4
11 -17 10
11 -20 11
11 -19 11
4 -19 11
4 4 8
8 11 4
8 11 8
-4 11 -20
-4 11 -46
-4 11 -45
4 4 -20
4 -20 -4
11 -20 11
11 -20 11
11 4 11
11 10 11
11 11 10
-4 11 -20
-4 68 -20
-4 11 -20
-20 11 -20
-17 -4 -20
-4 -20 4
4 -20 8
4 -20 11
11 4 43
11 10 11
11 4 11
11 10 -4
11 8 -20
11 11 -20
11 11 -20
4 11 4
4 8 -17
8 4 4
4 -17 8
10 -4 11
11 8 11
11 11 11
10 11 4
11 11 -4
-52 11 4
-52 11 10
-52 11 4
-85 43 4
-85 11 11
-85 11 11
-85 11 8
-88 11 11
-101 11 11
-117 4 11
-101 4 11
-88 4 11
-92 4 11
-117 -4 11
-117 -20 11
-101 -20 11
-229 -20 11
-117 -20 11
-88 -20 11
-92 -20 11
-86 -20 11
-85 -20 11
-86 -20 11
-81 -38 11
-81 -20 11
-81 -45 11
-52 -20 11
-52 -45 11
-52 -20 43
-52 -20 43
-49 -20 11
-52 -20 43
-45 -20 11
-20 -20 43
-20 -20 43
-45 -20 11
-20 -20 11
-20 -49 11
-20 -38 11
-20 -20 11
-20 -45 11
-20 -52 11
-20 -20 11
-20 -52 11
-17 -49 11
-17 -52 11
-4 -52 11
-4 -52 11
8 -52 11
4 -52 11
11 -52 11
4 -52 8
8 -52 10
4 -52 4
11 -52 -19
8 -52 -17
4 -52 -20
10 -51 -20
11 -45 -51
10 -52 -49
10 -45 -52
11 -52 -52
11 -20 -52
11 -20 -52
11 -20 -52
11 -20 -52
11 -20 -52
11 -20 -51
11 -4 -52
11 -17 -52
11 -4 -49
11 -17 -52
11 -20 -52
11 -20 -52
11 -4 -52
11 -20 -52
11 -20 -52
11 4 -52
11 -4 -49
43 -4 -49
60 4 -49
43 4 -52
68 4 -52
72 4 -52
60 11 -52
60 10 -52
60 4 -52
60 4 -52
68 4 -51
72 8 -49
72 4 -45
68 11 -45
68 4 -45
68 8 -20
60 4 -45
60 11 -51
68 11 -52
43 11 -45
43 11 -45
43 11 -49
11 11 11
11 10 11
11 11 11
11 10 11
11 11 11
11 10 11
8 10 11
11 4 11
8 10 8
8 8 11
11 -4 11
11 4 10
11 4 11
11 10 11
11 8 11
11 11 11
11 11 11
11 4 11
11 8 11
11 11 11
8 11 11
8 10 11
11 8 11
10 11 10
11 11 11
8 4 -4
11 4 4
11 4 -4
11 4 8
11 4 -4
11 11 11
11 11 11
11 11 11
11 11 11
4 11 8
8 11 4
11 11 8
11 10 -19
10 11 -4
11 11 4
11 10 11
11 8 8
11 4 11
11 8 11
11 11 11
11 11 11
11 10 4
10 8 8
8 10 8
8 4 -4
4 8 8
4 8 -4
8 11 4
-4 8 -4
8 4 -4
11 11 -4
10 -4 4
10 10 -4
8 11 4
8 11 11
4 11 11
-4 11 8
8 11 8
11 11 -4
8 11 8
8 11 -4
-4 11 -20
8 11 -4
11 11 4
8 10 11
4 11 10
-4 11 10
11 11 8
-4 11 4
4 11 4
4 11 -20
8 11 8
4 11 -4
4 10 4
8 11 8
-4 11 4
4 11 10
4 11 11
-4 11 8
-20 11 10
-4 11 8
4 11 11
8 11 11
-4 11 11
8 11 11
4 11 11
11 11 11
11 11 8
11 8 -4
11 11 8
11 11 10
11 11 11
11 11 11
4 11 11
4 11 11
11 -4 -20
11 8 -20
11 4 -20
11 10 -20
11 4 -20
11 11 -38
10 10 -20
11 11 -20
8 10 -20
11 11 -4
11 8 -17
10 4 -4
11 -4 -4
4 -4 -4
-4 -4 -4
8 8 -17
11 4 -20
10 4 -20
11 8 -17
8 4 -4
11 4 -4
11 -4 -17
4 4 4
10 4 -19
4 8 -19
4 4 -4
4 8 -20
4 10 -4
8 10 -20
4 8 -20
4 8 -4
4 8 -4
4 4 -4
-4 8 -20
-4 -4 -20
4 11 -19
8 4 -20
8 -4 -17
4 8 -4
4 -19 4
8 -20 11
-4 -4 11
-4 -20 11
8 -4 11
4 -17 8
-19 -4 11
-19 -20 11
-17 -17 11
-20 -19 8
-4 -4 11
-4 -20 11
-19 -20 11
-4 -20 11
-19 -4 11
-4 -4 11
-4 -20 11
-17 -17 11
-20 -20 11
-20 -17 11
-20 -20 11
-4 -4 11
-20 -4 11
-4 -4 11
-20 -4 11
-4 4 11
-4 -4 11
8 -4 11
-20 -4 11
-17 -17 11
-4 -20 11
-4 -20 11
-4 -19 11
-20 -20 11
-17 -17 11
-17 -19 11
-4 -19 11
-4 -20 11
4 -20 11
4 -17 11
4 -20 11
10 -20 11
4 -20 11
-4 -20 11
4 -20 11
4 -20 11
-4 -20 11
4 -19 11
-4 -20 11
-4 -20 11
-20 -20 11
4 -17 11
-4 -19 11
4 -20 11
4 -19 11
8 4 11
-4 -19 11
-4 4 11
4 4 11
10 4 11
10 4 11
-17 51 -49
-4 68 -52
-4 60 -52
-4 19 -52
-20 60 -52
-19 68 -52
-19 43 -52
-17 43 -52
-20 43 -52
-20 60 -52
-20 68 -52
-19 60 -52
-4 68 -52
-20 51 -52
-17 60 -52
-20 68 -52
-17 51 -49
-17 74 -45
-19 51 -52
4 68 -52
-4 60 -52
4 43 -45
8 68 -52
4 60 -52
10 43 -52
11 11 -49
11 11 -45
10 43 -49
11 11 -20
11 11 -20
11 11 -20
11 11 -20
10 11 -20
11 11 -20
11 11 -20
11 11 -20
11 11 -20
11 11 -20
11 8 -20
11 8 -20
11 8 -17
11 4 -20
11 -4 -17
11 -4 -4
11 -4 -4
11 -20 4
11 -20 4
11 -4 8
11 -20 8
11 -4 8
11 -20 11
11 -20 4
11 -20 11
11 -20 11
11 -20 11
51 -20 11
11 -49 11
11 -20 11
-213 -45 11
43 -45 11
51 -45 11
68 -45 11
60 -49 11
72 -49 11
68 -49 4
60 -49 11
60 -49 11
43 -52 11
43 -52 11
43 -52 11
11 -52 11
43 -52 11
11 -52 11
11 -52 11
11 -52 11
11 -52 11
11 -45 11
11 -45 11
11 -52 11
11 -52 11
11 -52 11
11 -52 11
10 -52 11
11 -45 11
11 -51 11
11 -49 11
11 -38 11
11 -51 11
11 -51 43
11 -49 60
10 -52 43
11 -52 60
11 -49 68
10 -20 68
4 -45 68
8 -52 72
8 -45 68
-4 -45 68
4 -49 72
-4 -45 72
10 11 8
11 11 11
11 11 4
10 11 4
11 11 11
11 11 8
11 11 -4
11 11 -4
11 11 8
11 11 -4
11 11 8
8 11 -17
10 11 4
11 11 -4
11 10 8
11 11 -4
11 8 -4
11 4 -20
10 8 8
11 4 -4
11 -4 -4
11 -4 -4
11 -4 -4
11 -4 -4
11 -4 -4
11 -20 -4
11 -19 4
11 -20 8
11 -20 -19
11 -20 4
11 -17 -4
11 -20 -20
11 -20 -17
11 -20 -4
11 -20 -4
11 -20 -4
11 -20 -4
43 -20 -20
11 -20 4
11 -20 -4
11 -20 -4
11 -20 4
11 -20 4
11 -20 4
11 -20 4
11 -17 -4
11 -20 -20
11 -20 4
11 -20 -4
11 -20 -4
11 -20 -19
11 -20 -19
11 -20 -4
11 -4 -20
11 -19 -4
11 -20 -4
11 -20 -17
11 -20 -20
11 -20 -4
10 -20 4
11 -20 -4
8 -4 4
8 -4 -4
4 -17 4
8 -20 -17
8 -19 4
8 -19 4
11 -4 4
4 -17 10
8 -19 4
10 -17 -4
11 -4 4
4 -4 -4
8 -4 -4
4 -4 -4
11 8 -4
-4 -4 -4
4 -4 8
8 -4 10
4 10 -4
8 -4 -4
11 8 -4
4 -4 -4
-4 4 -4
-4 4 -4
-4 4 8
-4 10 -4
-4 8 10
-19 8 10
4 10 8
-4 8 10
-19 11 4
4 8 8
-20 11 11
-4 11 4
-4 8 11
-4 11 4
4 11 10
-4 11 8
-4 11 4
8 4 11
8 8 11
10 4 11
8 4 11
11 4 8
-4 4 8
8 8 8
11 8 8
8 8 11
4 10 11
4 8 11
11 8 10
11 10 11
4 8 11
11 8 11
11 8 11
11 10 8
10 8 11
10 10 11
8 10 11
11 11 10
11 11 11
11 8 11
10 4 4
10 8 4
11 4 11
11 10 10
10 8 8
11 11 11
11 11 11
4 4 8
8 8 8
11 8 8
11 10 8
8 11 11
4 10 8
8 10 4
10 11 8
11 8 8
11 4 11
8 11 10
11 11 4
-4 11 4
10 10 10
11 11 10
11 11 11
11 8 8
11 10 11
10 8 4
11 11 8
11 10 11
10 11 8
10 4 -4
11 10 8
11 10 10
11 11 8
11 8 11
10 8 11
11 8 11
11 4 4
11 8 11
11 11 4
11 8 4
11 11 10
11 11 10
11 8 -4
8 8 4
11 11 -4
11 -4 11
8 4 4
10 4 10
11 4 8
11 11 11
11 10 8
11 10 -4
8 8 -4
11 4 4
11 4 8
4 -4 -4
11 8 4
11 8 4
11 10 8
11 8 4
11 8 8
11 4 11
11 10 -4
8 -4 -4
8 4 -17
4 -4 4
11 4 -4
10 -4 11
11 -4 11
11 8 10
10 10 4
11 4 8
10 4 10
8 4 11
11 8 11
8 8 10
11 10 -4
4 10 8
4 10 11
-4 11 8
-4 10 8
4 8 11
10 11 10
-4 11 4
8 11 8
8 11 11
4 10 4
8 11 4
4 8 11
8 11 4
10 4 11
-4 10 11
4 11 8
-4 10 11
4 10 10
4 11 11
8 11 10
11 11 4
4 11 -4
-4 11 4
4 11 4
8 11 11
10 11 4
8 8 8
8 11 11
8 8 10
8 11 11
8 11 4
10 11 -4
10 4 4
8 8 -19
4 10 10
10 4 8
8 11 11
10 8 11
8 4 8
10 11 4
10 10 10
8 11 4
8 4 10
11 4 11
11 8 4
11 11 4
8 10 10
10 10 11
8 4 10
11 8 11
11 11 10
8 11 8
4 4 4
11 11 4
8 10 -17
11 8 4
10 8 11
11 11 10
8 4 8
11 8 8
11 11 11
11 8 8
4 10 8
11 10 8
11 10 4
11 8 8
8 11 10
8 11 11
8 4 8
11 4 10
11 4 4
11 11 4
11 8 4
8 11 4
11 10 -4
11 8 10
10 -4 4
8 10 11
10 10 4
10 8 8
8 11 -4
10 10 4
11 11 10
11 11 4
11 11 4
10 10 8
11 10 -4
11 10 8
10 8 -4
10 10 10
11 11 8
11 11 8
8 11 4
11 4 -4
11 10 10
4 4 11
11 4 -4
4 8 4
8 -4 -4
11 10 10
-4 4 11
8 10 11
4 4 8
8 8 8
8 11 8
11 10 11
8 4 11
8 4 11
8 4 11
10 8 8
4 4 10
8 -4 11
4 -4 10
10 4 -4
11 10 8
8 11 8
4 4 -4
8 8 11
4 4 4
-4 11 8
8 -4 8
4 4 8
11 4 4
4 4 8
11 8 4
4 4 4
4 10 11
11 8 8
11 4 8
4 11 4
11 8 10
4 8 4
11 8 8
4 4 10
11 10 4
-4 8 8
8 8 4
10 4 8
8 -4 10
8 -4 -4
8 11 10
8 -4 4
8 10 11
11 8 11
10 4 4
11 8 8
11 -4 4
4 4 -4
11 11 8
10 8 8
8 -4 8
10 8 4
11 4 4
8 8 8
11 8 10
11 10 11
11 4 11
11 -4 8
4 8 -4
8 8 4
10 10 4
11 4 4
11 -4 8
4 4 11
11 8 8
4 4 4
8 4 11
4 8 11
11 -4 4
10 11 8
11 4 10
11 4 11
10 8 4
10 8 4
10 11 8
8 11 -4
10 8 11
11 8 -4
11 8 -20
11 4 -4
11 8 8
8 4 4
10 10 8
8 4 10
11 4 11
8 4 8
11 10 4
11 10 8
11 -4 11
11 8 8
11 8 10
11 4 10
10 4 8
4 -4 8
10 4 11
8 8 11
11 8 4
11 11 10
8 10 4
11 4 11
11 4 4
10 4 4
11 -4 4
8 -4 -4
8 -4 4
8 4 4
11 4 -4
8 4 -4
4 4 4
10 10 4
8 -4 4
4 -4 8
8 -4 8
8 -4 8
11 10 4
10 4 4
11 -4 4
11 11 8
8 4 -4
10 -4 4
11 11 8
8 8 8
8 4 10
8 -4 11
8 -4 4
11 4 -4
11 8 8
4 -4 8
10 8 -20
11 4 8
4 8 11
10 11 -4
10 4 -4
-4 4 8
10 4 4
11 4 10
11 4 11
8 8 4
11 10 11
-4 4 10
11 8 11
11 8 8
11 4 10
11 4 10
8 4 4
11 8 11
11 4 8
11 4 4
8 -4 8
11 4 -4
8 4 8
8 10 11
4 8 -4
10 8 4
10 8 10
4 8 11
10 8 11
4 10 4
8 8 8
8 11 4
10 8 4
11 4 8
8 4 11
11 10 11
11 10 11
10 11 4
4 11 8
4 11 4
8 10 10
4 4 4
4 4 11
10 8 8
11 11 11
10 8 11
4 8 11
10 11 10
10 4 10
11 11 10
4 11 8
4 8 8
10 11 8
11 8 11
11 11 10
11 10 11
8 8 11
11 8 10
11 11 11
4 10 11
8 10 8
11 11 11
11 11 11
10 8 11
4 11 10
11 10 11
10 11 10
11 8 11
11 10 8
11 4 11
11 11 4
8 11 11
-20 10 -52
-20 4 -52
-20 4 -52
-20 8 -52
-20 -4 -52
-45 4 -52
-20 -4 -45
-20 -17 -45
-20 8 -45
-20 -4 -45
-20 8 -49
-20 4 -49
-20 -4 -52
-49 -4 -52
-20 -20 -51
-38 -20 -51
-37 -20 -52
-45 -20 -20
-45 -20 -20
-45 -20 -45
-20 -20 -20
-20 -20 -20
-19 -20 -20
-20 -45 -20
-20 -20 -20
-20 -45 -20
-20 -49 -37
-20 -52 -20
-19 -52 -20
-17 -52 -20
-20 -52 -17
4 -52 -19
-17 -52 -4
-4 -52 -4
-4 -116 4
-20 -81 8
-4 -52 8
4 -52 11
4 -81 11
8 -52 8
11 -52 10
11 -86 10
4 -117 11
11 -117 11
8 -117 11
10 -117 11
4 -117 11
8 -92 11
10 -92 11
4 -108 11
8 -117 11
8 -117 11
10 -117 11
10 -117 11
11 -117 11
11 -92 11
11 -101 11
11 -88 11
10 -117 11
11 -88 11
11 -117 11
11 -88 11
10 -88 11
11 -88 11
11 -85 11
11 -88 11
11 -229 11
11 -101 11
11 -88 11
11 -85 11
11 -52 11
11 -52 11
11 -52 11
11 -81 11
11 -92 11
11 -52 11
8 -52 11
4 -20 11
10 -20 11
11 -20 11
11 -20 11
11 -20 11
11 -45 11
11 -20 11
11 -20 10
11 4 4
10 -4 4
10 -20 10
11 -20 11
11 -20 11
11 -4 11
11 11 11
11 11 11
10 11 10
11 11 10
10 4 11
11 4 11
4 4 11
8 11 11
4 68 11
11 -45 -20
11 -20 -20
11 -20 -20
11 -20 -20
11 -20 -20
11 -20 -20
11 -20 -45
11 -20 -20
11 -20 -20
11 -20 -20
11 -20 -20
8 -20 -20
-4 -20 -45
-4 -20 -46
4 -20 -45
-4 -20 -38
-4 -20 -20
-4 -20 -45
-17 -20 -49
-4 -20 -49
-4 -20 -45
4 -20 -49
-20 -20 -49
-17 -49 -51
-17 -45 -52
-4 -20 -52
-4 -20 -52
-17 -37 -49
-4 -37 -38
-4 -20 -49
-4 -45 -37
4 -45 -20
-4 -49 -20
-4 -45 -37
4 -49 -20
-19 -51 -20
-17 -49 -20
-17 -52 -20
-20 -52 -20
-20 -52 -20
-20 -52 -20
-20 -52 -20
-17 -52 -20
-20 -52 -20
-4 -52 -20
-19 -52 -20
-4 -52 -20
-20 -52 -20
-4 -52 -20
-20 -52 -45
-20 -52 -37
-19 -52 -20
-20 -51 -20
-20 -52 -20
-20 -52 -38
-20 -51 -20
-19 -52 -20
-4 -52 -20
-4 -52 -20
-20 -52 -20
-4 -51 -20
-4 -52 -20
-4 -45 -20
-19 -49 -20
-4 -49 -37
4 -45 -20
-4 -45 -20
4 -20 -49
-4 -45 -49
-4 -20 -45
8 -20 -45
8 -20 -38
10 -4 -20
8 -4 -20
10 -17 -45
10 4 -20
11 4 -45
11 8 -45
11 4 -45
10 8 -20
10 8 -20
11 11 -20
4 11 -20
8 11 -20
8 11 -20
11 11 -20
8 11 -20
10 11 -20
4 11 -20
4 11 -20
-4 11 -20
4 11 -19
-4 11 -4
4 11 -4
-4 11 -4
-4 11 -4
-4 43 4
-17 43 8
-19 68 4
-4 68 8
-51 11 -117
-49 11 -117
-49 43 -117
-51 60 -117
-45 60 -92
-45 60 -117
-45 68 -88
-49 68 -85
-49 68 -85
-45 60 -85
-20 60 -52
-45 60 -52
-20 68 -52
-20 43 -52
-20 68 -52
-20 60 -52
-20 60 -45
-20 43 -20
-20 43 -20
-20 43 -17
-20 51 -17
-19 43 -4
-4 43 8
4 43 10
4 11 8
11 11 11
11 -213 11
11 11 11
11 11 11
11 11 11
11 11 11
11 11 11
11 11 60
11 11 68
11 11 72
11 11 72
11 11 75
43 11 72
43 11 75
43 11 75
43 11 75
43 11 83
60 11 90
51 11 91
60 11 91
60 11 91
68 11 91
60 11 140
68 11 140
60 11 91
68 11 140
68 11 108
72 11 140
68 11 140
68 11 140
72 11 108
72 11 84
72 11 83
72 11 108
72 11 75
74 11 83
72 11 83
72 43 75
72 43 75
72 43 75
68 11 75
72 43 75
72 11 75
72 43 75
68 43 75
68 11 75
68 43 75
68 11 72
68 11 74
68 11 74
72 11 68
68 11 72
68 11 68
68 11 68
68 11 60
60 43 60
60 11 43
60 11 11
60 11 11
60 11 11
43 11 11
60 -213 11
43 11 11
43 11 11
11 11 11
11 11 11
11 11 11
11 11 11
11 11 11
11 11 11
11 11 11
11 11 11
11 11 11
11 11 11
11 11 11
11 4 8
8 10 10
-4 11 10
8 8 10
11 8 4
11 -4 8
11 -4 11
4 4 8
4 8 10
4 10 4
11 11 4
8 11 4
11 11 8
11 11 10
11 11 11
8 10 11
4 11 11
8 8 8
11 8 8
11 4 4
11 -4 10
11 4 11
10 10 10
11 11 10
11 11 4
11 11 -4
11 11 4
11 8 -4
-4 4 8
4 -4 4
10 -20 8
11 -4 8
11 4 4
11 11 4
11 11 4
11 11 4
8 11 4
8 11 11
4 -4 -4
11 -20 -4
11 -20 -4
11 -17 4
11 4 11
11 8 10
11 11 8
11 11 -4
11 11 -17
11 11 -20
11 11 -20
11 -4 -4
4 -17 4
11 -20 8
11 -4 11
11 8 8
11 11 4
11 11 -17
11 11 -4
10 11 4
11 -4 8
11 -20 8
11 -20 -17
11 -20 -20
11 -4 -20
11 4 -20
8 11 -20
11 11 -4
4 11 4
4 11 10
4 8 4
11 11 4
11 4 -4
11 -4 -17
11 -17 -4
11 -4 4
8 -4 4
11 -4 4
8 4 -4
11 8 4
10 10 -4
-4 8 -4
11 8 4
11 8 -4
11 -4 4
11 -19 -4
8 -19 4
-4 -17 4
4 8 10
8 11 4
11 11 4
11 8 -20
11 -4 -17
8 -20 -4
-4 -20 4
-17 -20 4
-4 8 10
4 11 10
11 11 10
11 11 4
10 8 8
11 -20 11
-52 -19 -4
-45 -17 -19
-51 -20 -4
-20 -17 -20
-20 -17 -4
-20 -19 -4
-37 -20 -20
-45 -20 -4
-20 -17 -4
-20 -20 -19
-52 -17 -20
-38 -20 -20
-49 -20 -20
-45 -20 -20
-45 -17 -20
-20 -17 -20
-45 -19 -20
-45 -4 -20
-52 -4 -45
-49 -17 -45
-20 -4 -45
-20 4 -52
-20 4 -52
-20 4 -20
-20 -4 -49
-20 -4 -51
-20 4 -51
-4 8 -45
-4 4 -45
4 4 -20
8 -4 -20
4 8 -45
8 4 -20
8 8 -20
4 4 -20
8 4 -20
11 4 -52
8 -4 -45
11 8 -45
11 8 -52
8 10 -20
11 10 -49
11 4 -45
11 10 -52
11 10 -49
11 11 -49
11 11 -20
11 10 -20
11 11 -49
11 11 -45
11 11 -20
11 11 -20
11 11 -20
11 11 -20
51 11 -20
43 11 -38
60 11 -20
60 11 -20
51 11 -20
51 11 -20
72 11 -20
60 11 -20
68 11 -20
68 11 -4
60 11 -17
68 11 -4
60 11 4
43 11 4
60 11 -4
43 11 4
43 11 -4
60 11 4
60 11 -4
68 11 -4
60 11 -4
60 11 4
43 11 4
43 11 4
60 11 -4
68 11 10
51 11 4
72 11 11
60 11 11
68 11 11
72 -213 11
72 11 11
75 11 11
43 11 11
72 11 11
68 43 11
74 11 11
68 11 11
72 11 11
-213 11 11
60 11 11
60 11 11
51 11 11
11 11 11
11 11 11
11 11 11
8 11 8
4 11 4
11 10 -17
11 10 4
11 4 4
11 4 8
11 8 11
11 11 11
11 11 11
11 11 11
11 11 11
11 11 11
11 11 11
11 11 11
11 11 4
43 11 4
60 10 8
51 11 4
11 10 11
11 8 11
11 10 11
11 11 11
11 11 11
11 11 11
11 11 8
11 11 10
11 8 11
11 10 11
11 11 11
11 10 11
11 10 11
11 11 11
11 8 11
11 8 11
11 4 11
11 4 11
11 -4 11
11 4 11
11 4 11
11 4 11
11 8 11
11 11 11
51 11 11
11 10 11
11 4 11
11 4 11
11 4 43
11 -4 11
11 8 11
11 -4 11
11 -4 11
11 4 11
11 -4 11
11 -4 11
11 -4 11
11 4 11
11 4 11
11 4 11
11 -4 11
11 4 11
11 4 11
11 8 11
11 -19 8
11 -4 4
11 4 10
11 -4 10
8 -4 11
-4 -4 11
-4 4 11
8 11 11
8 11 11
11 10 11
11 8 11
11 10 11
11 4 11
11 -4 11
-4 -4 10
-20 -4 11
-20 4 11
-20 10 11
-19 11 11
4 11 4
11 11 -4
8 11 -4
11 11 -4
4 8 11
-4 4 11
4 4 11
-4 4 11
-20 -4 10
-4 4 4
-4 4 8
-4 11 4
-19 11 4
-20 11 -4
-4 11 -20
-20 11 -20
-4 11 -4
-17 11 4
-4 8 -4
4 -17 10
4 -4 4
4 4 11
4 -4 -4
-4 4 11
4 4 4
8 -4 8
4 4 8
11 4 10
11 -4 4
10 4 11
11 -4 11
11 4 4
11 -4 11
11 4 11
11 4 8
11 -19 11
11 -4 8
11 -20 11
11 -20 8
11 -20 11
11 -19 10
11 -17 10
11 -4 8
11 -20 4
11 -4 8
11 -4 8
11 -20 11
11 -19 11
43 -4 8
11 -4 11
11 -4 11
11 -4 10
43 4 11
11 -17 11
11 -4 10
11 -4 11
43 4 8
11 4 8
11 -4 4
43 4 4
11 8 8
11 8 4
11 10 4
11 4 4
11 4 10
11 8 -4
11 11 4
11 10 4
-213 4 -4
11 4 -4
11 4 -4
11 8 8
11 10 4
11 4 -17
11 11 -4
11 10 -4
11 11 -20
10 8 -17
11 4 8
11 11 4
11 11 4
11 4 -4
4 11 4
10 10 10
10 11 4
-4 11 -4
4 11 8
4 11 4
4 11 4
-4 11 4
4 11 -17
-4 11 4
-20 11 8
-20 11 4
-19 11 -4
-20 11 -4
-4 11 4
-17 11 10
-20 11 -20
-19 11 -4
-20 11 -4
-4 11 10
-4 11 -20
-4 11 4
-20 11 8
-4 11 4
-20 11 8
-4 10 -17
-20 11 -4
-17 8 -4
-20 8 -4
-20 11 8
-17 8 4
-20 4 -4
-4 8 -4
-4 10 -4
4 4 -4
-4 4 -4
4 4 -4
4 -4 4
4 -4 10
4 -4 4
8 -4 8
11 -4 11
10 -20 11
-4 -20 11
-4 -20 -4
8 -17 4
8 -4 -4
4 -4 10
4 -4 8
-4 4 -4
-4 4 8
4 -4 4
-4 -4 -4
4 4 -4
8 4 4
-4 -4 4
8 -4 8
10 -4 -4
10 4 -4
4 10 8
11 4 8
11 -17 8
8 4 4
11 -4 10
11 -4 11
8 -17 10
11 -4 11
10 4 11
11 -4 8
8 -20 11
11 -4 4
11 -4 -17
11 -4 4
11 -4 8
11 -4 -4
11 -4 -4
11 -4 8
11 -20 8
11 -19 10
11 4 8
11 -4 11
11 -4 11
11 -4 11
11 -4 11
11 -19 11
11 -4 11
11 -20 10
11 -20 11
11 -20 11
11 -20 11
11 -20 11
11 -20 11
43 -20 8
11 -20 11
11 -20 11
11 -20 11
11 -17 43
11 -4 11
11 -17 11
11 4 11
11 -20 11
11 -4 11
43 -20 11
11 -17 11
11 -17 11
11 -17 11
11 -20 11
11 -19 11
11 -20 11
11 -20 11
11 -4 11
11 4 11
11 -4 11
11 -4 11
11 8 11
11 -4 11
11 -4 11
11 4 11
11 -4 11
11 -4 11
11 -4 11
11 -20 11
11 4 11
11 4 11
11 -4 8
11 -4 11
11 4 11
11 4 11
11 8 11
11 8 8
11 10 11
11 4 4
11 8 8
11 4 11
11 4 4
11 4 11
4 4 11
4 11 10
8 4 11
-4 8 11
8 10 11
8 11 11
4 8 8
4 4 11
10 11 10
8 10 11
8 11 11
4 11 11
11 8 11
10 -4 11
8 8 11
4 11 11
8 4 11
8 4 10
4 10 11
4 10 11
4 4 11
8 8 11
-4 8 11
4 8 11
-4 11 11
-4 -4 8
11 11 11
10 11 11
4 4 11
-4 4 11
10 8 10
4 10 11
4 4 11
4 10 11
10 8 11
4 8 8
8 11 10
11 11 8
10 11 11
8 11 10
11 10 11
10 10 11
4 11 8
11 11 11
11 8 4
11 11 11
11 8 8
10 10 11
10 11 11
11 11 10
8 8 11
10 4 8
11 10 8
10 11 11
8 11 11
11 11 11
10 4 11
10 10 11
11 8 11
11 11 11
10 11 8
11 8 11
11 8 11
8 4 11
11 11 10
11 11 11
10 10 8
11 11 11
8 11 10
8 11 8
10 11 -4
10 8 10
11 8 8
11 8 11
11 11 11
8 10 11
11 10 10
8 8 11
11 11 11
11 4 11
10 8 11
11 4 11
8 4 10
11 8 8
11 8 -4
11 8 4
10 -4 8
11 8 8
10 8 8
10 8 8
11 10 11
10 10 8
11 11 11
10 11 10
10 11 4
11 4 4
8 10 11
8 4 11
10 11 8
8 4 4
8 11 11
10 8 11
11 4 -4
11 10 11
11 8 11
10 4 4
11 10 4
11 -4 10
11 11 8
10 8 4
11 8 11
11 11 11
10 8 10
11 4 11
11 10 11
10 8 11
11 4 10
11 11 8
11 11 8
11 8 11
11 4 8
10 11 11
8 11 11
11 10 10
8 10 11
11 11 11
11 8 11
8 11 11
11 10 11
11 11 10
11 11 11
10 10 10
11 8 11
11 11 11
11 -4 11
11 8 11
11 11 10
11 10 11
11 10 11
8 11 11
11 11 8
10 11 10
11 11 11
11 11 11
11 8 10
11 11 11
11 4 11
11 10 11
11 11 11
10 8 11
11 11 8
11 11 8
11 11 11
11 11 8
10 8 11
11 10 10
11 10 11
8 8 11
11 8 11
11 10 11
8 8 11
10 4 11
8 8 8
8 8 11
8 8 10
4 4 11
11 4 11
11 4 11
8 11 11
11 10 10
11 11 8
11 8 11
4 11 11
11 10 8
11 11 10
8 11 10
10 11 11
11 10 11
8 10 11
11 11 4
8 11 10
11 11 11
11 11 10
11 11 4
8 8 11
8 11 11
11 11 11
11 11 11
11 11 8
8 11 11
11 11 11
8 11 10
4 11 11
11 11 11
4 11 11
11 8 8
11 11 10
8 10 10
4 11 11
8 11 8
11 11 4
11 11 8
11 10 11
11 11 10
11 11 10
11 11 11
11 11 11
11 11 10
11 11 11
11 11 11
11 11 11
11 10 8
11 11 10
11 8 11
11 11 11
11 11 11
11 11 11
11 11 11
11 11 11
11 11 10
11 11 8
11 11 8
11 11 11
11 11 10
11 11 10
11 11 11
10 11 11
11 8 10
11 11 4
11 11 10
11 11 11
11 11 10
11 11 11
11 11 11
11 11 11
11 11 11
11 11 8
11 11 8
11 11 10
11 11 11
11 11 11
11 11 11
11 10 10
11 11 11
11 11 11
10 11 4
11 11 11
11 11 11
11 11 8
11 11 8
11 11 10
11 11 11
11 11 11
11 11 11
11 11 11
11 11 10
11 11 10
11 11 11
11 11 11
11 11 11
11 11 11
11 11 11
11 11 11
11 8 -4
11 11 11
11 11 8
11 11 11
11 11 10
11 11 10
10 11 8
11 11 10
11 11 4
11 11 11
11 11 10
11 11 11
11 11 11
11 11 11
11 11 4
11 11 10
11 11 11
11 11 8
11 11 10
11 11 10
11 11 11
11 11 11
11 11 11
11 11 8
11 11 11
11 11 8
11 11 11
11 11 4
11 11 8
11 11 10
11 11 8
11 11 11
11 11 4
11 11 4
11 11 4
11 11 8
11 11 11
11 11 10
43 11 -4
11 11 -17
11 11 -17
11 11 -17
11 11 -17
11 11 -4
11 11 -4
11 11 -17
11 11 -4
11 11 -4
11 11 -19
11 11 -20
11 11 -4
11 11 -4
11 11 -4
11 11 -4
11 11 -4
11 11 -4
11 11 -19
11 11 -17
11 11 -4
11 11 -4
11 11 -4
11 11 -4
11 4 -20
11 -4 -17
11 4 -4
11 -4 -17
11 4 -4
11 4 -4
11 4 -4
11 4 -4
11 -4 4
11 -19 4
11 -20 8
11 -20 11
11 -17 10
11 -20 11
11 -20 8
11 -20 11
11 -20 11
11 -20 11
11 -20 11
11 -20 11
11 -20 11
11 -20 11
11 -20 11
11 -20 11
11 -20 11
11 -20 11
11 -20 11
11 -4 11
11 -4 11
43 -17 11
11 -4 11
11 -4 11
11 -4 43
11 4 11
11 4 11
43 8 11
43 8 11
11 8 11
11 11 43
11 11 43
11 11 43
11 11 43
43 11 11
11 11 11
11 11 11
11 11 11
11 11 43
11 11 11
11 43 11
11 11 11
11 11 11
11 11 11
10 11 11
11 11 11
11 43 11
11 51 11
8 60 11
8 60 11
8 43 11
10 43 11
10 43 11
4 43 11
-4 68 11
-20 60 11
-4 60 11
4 68 11
4 68 11
-4 60 8
-17 43 11
-19 43 11
-20 11 11
-4 43 11
4 43 10
4 11 8
-17 43 4
-20 11 4
-4 -4 -213
4 -4 11
4 -17 11
4 -4 11
-19 -4 11
8 4 11
4 -4 11
4 -4 11
10 4 11
-4 -4 11
4 4 11
-4 -4 11
4 -17 11
8 -20 11
-4 -17 11
-4 -4 11
4 -4 11
-4 -4 11
4 -4 11
8 -17 11
8 -4 11
-4 -4 11
4 -4 43
4 -4 11
11 -4 11
10 -20 11
11 -4 11
11 -4 11
10 -17 10
11 -17 11
11 -4 11
11 -4 11
11 4 11
11 -20 11
11 -17 11
11 -4 11
11 -17 11
11 4 11
11 4 11
11 -4 11
11 -4 8
11 8 4
11 -4 8
10 -4 11
11 -4 11
11 -4 8
11 -4 11
11 4 8
11 -4 8
11 8 11
11 -4 8
11 -4 8
11 10 4
11 8 4
11 -4 11
11 -4 -4
11 4 10
11 -4 8
11 4 -4
11 4 4
11 8 4
11 10 4
11 4 -4
11 4 11
11 4 -4
11 4 4
11 10 8
11 10 11
11 -4 4
11 4 -4
11 4 -20
11 4 -19
11 -4 -20
11 4 -4
11 8 -4
11 4 -4
11 8 -19
11 4 -4
11 10 -17
11 -4 -17
11 4 -4
11 4 -17
11 4 -20
11 4 -20
11 8 -17
11 10 -4
11 -4 -20
11 4 -4
11 4 -4
11 4 -20
11 4 -4
11 8 -4
11 8 -4
11 4 -4
11 4 -4
11 4 -20
11 -4 -20
11 4 -20
11 4 -20
11 8 -20
-20 43 11
-17 51 11
-17 11 8
-4 11 4
-19 60 11
-20 11 11
-4 60 11
-4 43 11
-19 11 11
-20 60 11
4 43 11
-20 43 11
-4 11 11
-4 11 11
-4 43 11
-4 43 11
-4 43 11
4 51 11
4 43 11
4 11 43
-4 -213 11
-4 11 11
4 11 43
-4 11 11
4 11 11
-4 11 11
8 11 11
-4 11 11
4 11 11
10 11 11
8 11 11
4 11 11
4 10 68
4 4 11
-4 10 11
4 10 11
8 8 60
4 8 43
-17 8 51
4 11 68
8 11 60
10 11 51
-4 4 43
8 4 60
11 4 43
-19 4 60
8 8 68
-4 -19 68
-4 4 60
-4 4 68
4 8 60
4 -4 68
8 -4 51
11 -4 68
11 -4 43
10 -4 68
10 -20 68
8 -20 68
11 -20 51
8 -20 11
11 -20 51
8 -20 60
11 -20 68
11 -45 60
11 -20 72
11 -20 72
10 -20 51
11 -20 43
10 -20 60
10 -20 11
8 -20 11
11 -20 43
10 -20 11
10 -37 43
10 -20 11
10 -20 11
11 -45 11
8 -20 11
8 -20 11
11 -20 11
4 -45 11
4 -20 11
8 -20 4
8 -20 10
10 -20 10
8 -37 4
11 -20 4
11 -20 -4
11 -37 -17
11 -20 -4
11 -45 -20
11 -49 -20
10 -20 -17
11 -38 -20
11 -45 -20
11 -45 -20
11 -52 -20
11 -49 -20
11 -45 -20
11 -52 -20
11 -20 -20
43 -37 -20
68 -51 -20
72 -49 -20
75 -52 -20
83 -52 -45
83 -52 -49
91 -52 -49
12 -52 -52
140 -52 -52
140 -52 -52
140 -52 -52
140 -52 -52
140 -52 -52
140 -52 -52
140 -52 -52
147 -49 -49
143 -52 -52
164 -49 -51
143 -49 -51
147 -37 -49
147 -52 -49
143 -45 -49
140 -45 -45
140 -37 -38
140 -45 -38
140 -45 -20
140 -45 -20
140 -45 -20
140 -49 -20
140 -49 -19
91 -45 -19
91 -45 -17
75 -45 -4
72 -52 -4
68 -52 4
43 -49 8
11 -52 10
11 -52 11
11 -52 11
11 -52 11
4 -52 11
-4 -52 11
-4 -52 11
-20 -52 11
-20 -52 11
-20 -52 11
-20 -52 11
-20 -52 11
-49 -52 11
-52 -51 11
-52 -49 11
-52 -45 11
-52 -45 11
-52 -20 11
-116 -19 11
-88 -4 11
-86 8 11
-88 11 11
-92 11 11
-92 11 11
-101 11 11
-108 11 11
-92 51 11
-101 43 11
-88 68 11
-117 68 11
-86 75 11
-88 75 11
-86 75 11
-88 108 11
-81 140 11
-52 140 11
-52 140 10
-52 140 8
-52 140 4
-49 140 8
-20 140 4
-20 140 8
-20 91 4
-20 91 -4
-4 75 4
-4 75 4
4 75 -4
8 72 -19
11 68 -19
11 43 -20
11 11 -20
11 11 -20
11 10 -37
11 8 -45
11 -17 -49
43 -20 -51
60 -20 -52
60 -45 -52
72 -52 -52
72 -52 -52
75 -52 -85
75 -52 -85
75 -52 -88
-52 -20 8
-52 -20 11
-52 -20 10
-52 -45 8
-52 -20 10
-52 -49 8
-52 -52 -4
-52 -49 -4
-52 -52 -4
-52 -52 -4
-52 -52 -20
-52 -52 -20
-52 -52 -20
-52 -52 -20
-52 -52 -20
-52 -52 -20
-52 -52 -20
-52 -52 -37
-52 -52 -20
-52 -52 -45
-52 -52 -45
-52 -52 -45
-81 -52 -49
-52 -52 -52
-52 -52 -52
-52 -52 -52
-52 -51 -52
-52 -49 -52
-52 -52 -52
-52 -52 -52
-52 -52 -52
-52 -52 -52
-52 -49 -52
-81 -49 -85
-81 -51 -86
-52 -51 -86
-85 -49 -88
-52 -45 -86
-85 -52 -88
-81 -45 -88
-85 -20 -117
-52 -45 -117
-85 -20 -117
-52 -20 -117
-85 -20 -117
-52 -20 -117
-85 -20 -117
-85 -20 -117
-81 -20 -117
-52 -20 -117
-52 -20 -117
-52 -20 -117
-52 -20 -117
-52 -20 -118
-52 -20 -117
-52 -20 -118
-52 -20 -117
-52 -45 -117
-52 -20 -120
-45 -20 -120
-20 -20 -120
-20 -20 -124
-20 -20 -120
-20 -20 -118
-20 -52 -120
-4 -20 -120
8 -20 -124
10 -20 -118
11 -20 -124
11 -20 -120
11 -20 -124
11 -20 -120
11 -20 -124
11 -45 -124
11 -20 -120
51 -20 -124
51 -52 -120
68 -52 -120
68 -45 -120
72 -49 -118
72 -49 -120
75 -45 -120
75 -45 -120
83 -49 -117
75 -51 -120
83 -49 -120
75 -52 -118
12 -52 -124
90 -45 -117
140 -51 -117
91 -52 -117
140 -45 -118
90 -52 -117
140 -45 -117
91 -51 -117
140 -49 -117
140 -49 -117
140 -45 -117
140 -52 -92
140 -49 -101
-4 -20 -20
-4 -17 -20
-4 -20 -20
-4 -20 -20
-20 -20 -20
-20 -20 -20
-20 -20 -20
-17 -20 -20
-17 -20 -20
-4 -20 -20
-20 -20 -20
-4 -17 -20
-4 -17 -20
-20 -19 -20
-4 -19 -20
-20 -20 -4
-4 -4 -20
-20 -20 -20
-19 -4 -20
-4 -4 -20
-17 -20 -4
-4 -20 -20
-4 -19 -20
-4 -17 -4
-4 -17 -4
-4 -4 -4
-4 -20 -4
-20 -20 -20
-4 -20 -20
-4 -20 -20
-20 -4 -20
-20 -19 -19
-4 -17 -4
-17 -20 -17
-17 -20 -4
-17 -17 -17
-4 -20 -17
-4 -20 -20
-19 -4 -17
-4 -20 -20
-4 -19 -20
4 -4 -4
-19 -20 -20
-19 -20 -4
-4 -20 -4
-4 -4 -19
4 -17 -17
-4 -19 -4
4 -4 -20
-4 -4 -20
-4 -20 -4
8 -4 -4
4 -20 -20
-19 -4 -4
8 4 -17
8 -19 -4
-4 -4 -20
4 -4 -4
8 -4 -20
-4 -4 -4
-19 -4 -4
-4 -4 8
4 4 -4
4 -4 -4
-4 -20 4
4 4 -4
4 -4 4
8 4 10
4 -17 4
-4 -4 4
4 -4 11
8 -4 -4
-4 4 -4
-4 -4 -4
4 -4 4
4 4 -17
8 -4 -4
-4 -19 8
8 -4 -20
8 -4 4
8 -4 -4
4 -4 4
4 4 4
10 -4 -4
8 4 4
8 8 -4
4 -4 8
4 -4 11
8 8 8
-4 -4 8
4 4 -4
-4 4 10
8 -4 4
8 4 11
8 8 10
4 4 11
-4 -4 11
-4 4 11
10 -4 8
-4 4 8
11 10 11
11 11 11
11 11 11
8 11 11
8 10 10
11 8 11
11 11 11
11 11 10
11 11 8
8 11 11
10 11 11
8 11 11
10 11 10
11 11 11
8 11 11
10 11 11
10 11 11
11 11 11
11 11 11
11 11 8
11 8 4
11 11 11
11 11 11
4 11 10
11 11 11
11 11 11
11 11 10
11 11 11
11 11 8
11 11 11
11 11 11
10 8 11
8 8 8
11 11 11
11 4 8
11 11 10
8 11 11
10 11 11
4 8 11
11 11 11
8 11 11
11 11 11
11 11 11
11 11 4
11 11 11
8 11 4
11 11 10
8 11 8
11 11 11
11 10 10
11 11 8
11 11 10
11 11 11
11 10 4
11 11 11
11 10 10
10 8 11
11 10 8
11 11 4
11 10 4
4 11 11
11 11 11
11 8 10
4 8 11
11 10 4
11 4 11
11 11 11
11 8 -4
11 4 11
11 8 8
11 10 11
11 11 4
8 4 11
8 4 10
11 8 8
11 11 8
11 8 11
8 11 11
11 11 8
11 10 8
11 8 8
4 4 4
4 8 11
11 8 11
11 8 10
11 8 8
8 11 8
11 8 11
8 8 8
10 4 10
8 10 11
11 8 11
11 4 11
10 8 8
11 10 4
11 10 11
11 4 11
8 4 11
8 4 -4
4 8 11
End
