ALARM 0
0 0 1 0
764 72 11
68 11 43
11 43 51
43 68 43
68 60 11
68 43 11
68 11 11
68 68 72
8 75 19
-4 60 68
11 60 74
72 72 74
60 60 60
11 68 11
43 11 11
60 11 11
44 11 75
60 11 11
60 75 75
11 11 11
140 11 60
-4 11 11
11 8 11
11 -4 -20
11 -20 4
11 8 11
60 10 4
11 11 11
11 -4 -4
11 10 4
51 11 11
68 140 11
43 43 68
11 11 8
11 -4 11
11 11 11
4 11 11
11 11 43
60 72 60
11 60 11
74 68 60
72 43 72
11 43 51
-4 68 68
43 68 68
75 60 72
75 43 72
11 11 11
68 11 11
72 60 68
11 11 11
11 43 11
11 11 11
-20 11 11
11 11 72
43 11 60
43 43 43
60 72 68
51 43 68
68 43 11
68 43 68
51 11 75
72 11 68
-17 11 51
60 11 68
60 11 51
60 11 43
43 11 68
-213 11 11
11 11 11
11 11 11
10 10 4
-213 11 4
-4 11 11
11 11 11
11 11 11
11 11 11
11 4 11
11 11 11
43 11 11
75 74 43
11 51 11
19 11 60
11 11 43
43 44 43
75 60 11
140 60 68
140 11 11
140 11 43
60 11 51
11 43 43
11 11 11
74 11 4
68 11 11
11 11 11
60 11 74
75 60 51
75 60 11
60 68 68
91 11 44
140 72 91
140 60 75
140 72 75
140 60 91
68 43 72
75 11 68
140 11 43
140 11 60
12 43 60
74 74 68
68 11 60
10 8 11
4 -17 11
68 -4 11
140 11 11
75 11 8
43 4 -17
43 11 -20
11 11 11
8 11 11
-19 11 11
-4 11 11
-38 43 43
-52 11 11
-85 11 11
-117 11 11
-4 11 11
11 11 11
204 11 51
140 8 11
75 11 11
108 11 4
74 11 11
11 11 11
11 11 11
11 11 11
11 11 8
11 11 11
4 43 51
-20 11 11
4 10 11
75 11 11
-19 51 60
8 11 75
4 68 74
11 11 60
11 60 11
8 44 74
4 91 108
-20 74 75
-20 11 43
-4 11 43
11 11 11
11 51 11
60 11 60
140 11 4
140 11 11
140 11 -4
140 10 11
140 10 11
140 11 -4
83 51 43
72 11 -20
72 11 11
60 11 8
-213 10 4
11 43 4
11 11 60
11 11 8
11 4 11
11 10 11
11 11 8
11 11 11
11 11 11
11 43 11
11 11 8
11 11 11
11 11 11
11 11 74
11 43 11
11 51 11
11 11 68
11 11 74
11 72 90
11 51 43
11 11 43
11 19 74
43 68 68
60 75 75
60 68 60
43 11 11
60 11 11
60 11 11
60 11 11
68 11 68
60 4 11
60 -20 11
43 74 72
43 72 11
43 43 11
43 10 11
11 -45 11
11 11 60
11 43 11
43 11 43
-213 60 11
43 11 11
43 11 4
43 11 11
11 -4 4
11 11 11
11 11 72
11 10 11
11 11 10
11 11 -4
11 -4 -20
11 4 10
8 11 11
4 -4 -52
11 -4 -4
8 -4 -20
11 -4 -20
11 11 11
60 11 43
43 11 11
11 11 -4
11 60 11
11 68 11
43 83 75
60 90 75
11 11 11
11 60 75
11 60 43
43 43 75
60 75 91
60 51 68
60 11 60
60 60 11
60 43 51
51 11 4
51 11 11
43 11 -19
43 11 4
43 11 8
11 11 10
11 11 11
11 43 51
11 43 140
11 51 60
11 68 11
11 74 75
43 68 11
43 43 11
43 -4 11
11 8 11
11 68 11
11 -20 4
11 10 11
11 8 11
11 10 -4
11 4 -20
11 -20 -20
11 -4 -20
11 8 -4
11 11 -4
11 11 -20
11 51 11
11 11 11
11 11 11
11 68 68
11 68 11
11 11 11
11 11 11
11 68 74
11 11 10
11 11 4
11 11 60
11 11 11
11 68 11
43 60 11
43 11 11
60 68 68
60 11 60
68 60 43
68 43 43
60 11 51
60 72 43
68 51 68
75 68 140
74 82 140
72 68 11
72 72 68
75 83 140
72 91 75
68 43 43
68 43 72
43 11 11
43 10 11
11 -4 10
11 -20 -20
11 8 -20
11 11 43
11 8 11
11 11 11
11 11 4
11 11 11
11 11 43
11 43 8
11 11 74
43 74 74
43 11 11
43 11 11
11 11 11
11 11 11
43 -4 11
43 11 -4
43 11 68
43 51 11
11 11 11
11 11 4
11 11 11
43 72 43
68 11 43
68 11 51
60 43 11
60 68 11
60 75 74
72 72 72
60 11 68
68 51 72
11 43 43
11 68 68
-213 75 74
11 11 11
11 11 -20
11 11 11
11 11 11
11 60 11
43 11 11
43 8 11
11 51 -4
68 43 11
68 11 75
75 11 75
72 11 4
74 43 11
68 140 68
72 60 11
68 43 72
60 11 11
51 11 11
43 11 11
43 11 4
11 -20 -20
43 11 11
43 11 72
43 10 43
43 11 11
43 11 4
43 11 10
68 11 43
72 72 11
60 75 4
11 11 43
11 11 11
11 11 -20
11 11 11
11 11 11
8 11 43
11 11 -20
11 11 4
11 11 140
11 11 11
11 75 11
60 11 12
43 -213 11
68 140 140
60 11 140
51 11 75
43 60 75
68 75 11
60 43 11
75 11 140
51 10 140
74 60 11
43 60 11
68 11 11
60 60 11
11 11 11
60 11 91
60 10 -17
11 11 72
11 4 -52
11 8 -52
11 11 68
11 43 100
11 11 11
11 83 11
60 11 11
11 68 11
60 44 140
11 72 10
43 60 11
43 4 11
43 75 68
51 11 43
43 60 8
60 -4 72
43 11 72
43 10 11
43 43 11
11 4 11
11 11 4
11 -4 11
11 11 -4
11 -4 -4
11 11 140
11 19 60
43 11 43
68 11 11
60 75 11
43 43 11
43 11 60
11 -20 -17
43 11 11
43 -20 60
43 11 140
51 60 140
43 11 11
11 11 43
43 11 11
60 68 10
-213 11 140
-213 11 83
43 -20 11
43 -20 140
11 4 -52
43 75 68
68 74 75
43 -49 -20
11 11 -20
11 11 -20
43 11 60
11 11 11
11 11 -4
-213 11 11
11 11 -4
72 140 141
74 10 140
68 -20 68
19 11 74
51 11 11
43 60 8
43 11 11
11 60 11
11 43 11
11 -20 11
11 11 11
11 11 11
11 11 -4
-213 43 140
60 43 60
60 11 140
60 75 68
74 43 91
11 60 -4
60 -51 140
60 68 -20
68 11 68
43 11 -85
75 75 60
60 4 -52
43 11 140
43 11 11
72 11 -20
51 11 72
60 11 60
11 10 -45
11 4 -20
11 -4 -19
11 11 -20
11 -20 8
11 11 43
11 11 -4
11 60 -17
11 4 -17
11 72 60
43 -20 140
11 140 -20
60 8 60
-4 8 -52
11 11 -20
60 -20 -52
43 68 11
68 11 -17
43 -20 11
11 140 74
60 11 83
51 140 75
75 11 140
68 74 60
60 11 75
60 11 -52
60 8 75
11 8 8
11 11 8
11 11 8
11 11 4
11 -49 -88
11 11 11
11 11 -20
11 -20 11
11 43 -4
11 -4 11
11 -4 4
11 11 -20
11 11 -17
11 75 43
51 140 11
83 75 43
60 11 11
72 43 68
68 140 11
75 140 75
75 11 75
11 43 -52
11 11 10
11 -4 4
11 -20 -52
11 -20 11
11 -52 -20
8 11 -45
11 83 11
11 -20 11
11 11 -49
60 8 75
11 -37 11
11 -20 8
11 11 11
11 74 11
68 8 68
68 140 51
72 4 11
74 75 75
72 140 11
72 75 11
11 140 11
75 140 140
-213 -4 74
11 51 68
51 11 4
60 -45 72
43 -52 60
11 11 11
11 11 -4
10 11 43
11 -20 11
11 140 72
43 10 75
11 -4 4
11 11 8
74 11 11
68 75 -45
72 19 68
75 140 11
75 140 -49
74 -20 140
11 4 11
11 11 11
4 11 11
11 -4 11
4 4 -213
-4 10 11
-20 11 -4
11 4 -4
11 4 -52
60 74 91
75 -20 11
75 4 11
72 11 4
72 -20 4
11 11 -4
11 4 -4
72 51 11
11 140 11
11 72 51
11 68 91
43 60 43
11 11 4
11 74 11
60 43 11
75 11 11
140 72 60
43 10 11
-19 -4 11
-4 -17 72
11 43 43
11 140 8
43 72 11
108 11 72
83 140 11
74 68 -4
11 -4 83
11 72 -4
10 75 11
11 -20 60
11 68 75
140 140 147
60 -20 11
74 10 -20
75 11 11
91 8 140
75 140 11
51 68 -17
11 8 8
72 72 68
11 4 140
4 11 11
11 51 -20
11 11 11
11 -4 140
11 11 51
68 11 75
60 72 -20
11 72 -20
-213 -4 11
11 11 -51
43 -20 11
11 -20 75
11 11 75
11 11 -52
68 11 11
51 4 72
72 -45 43
60 -20 74
11 -4 140
11 -52 68
11 11 83
43 11 68
43 11 11
43 140 60
11 75 -4
43 11 43
60 11 -20
68 11 75
43 -52 11
43 11 43
74 11 60
60 11 11
11 11 43
60 11 11
60 75 60
44 11 60
60 8 72
11 140 4
43 4 83
60 108 10
51 72 11
11 11 11
11 10 72
51 11 43
11 11 68
11 72 75
68 -52 11
43 11 68
19 8 60
11 11 91
11 11 43
11 10 43
11 60 -19
11 43 -51
11 43 11
11 43 4
11 11 11
11 43 -20
11 11 -20
43 83 4
72 -4 140
68 8 75
11 10 11
43 11 11
60 75 11
68 11 140
60 74 140
72 10 74
68 11 83
68 68 -4
11 8 75
11 68 -20
11 11 -51
43 -20 11
11 -19 75
60 -20 72
11 60 11
11 60 68
11 11 -45
11 11 11
11 4 68
68 140 11
43 140 -49
11 60 11
11 11 75
68 11 140
74 68 75
43 140 11
11 60 11
43 8 11
68 11 11
43 43 83
11 11 -4
11 11 -4
11 140 72
43 11 140
60 75 68
11 11 -17
11 11 -4
75 43 140
11 11 60
68 11 11
60 11 11
11 -4 -213
75 140 43
72 43 11
11 10 11
11 11 8
11 140 43
11 8 72
75 -20 75
43 140 11
11 60 11
11 -20 -4
11 4 140
11 8 72
8 74 10
11 8 72
8 -4 11
8 11 68
10 -213 -20
10 11 11
43 60 8
11 75 11
11 72 43
11 -17 60
43 11 60
11 11 11
11 11 11
60 74 140
68 -213 43
60 10 11
11 11 10
11 75 11
11 11 68
75 51 75
72 43 140
11 75 74
11 72 11
60 11 11
51 11 4
11 11 72
11 -20 72
43 11 75
68 74 4
-213 11 11
43 8 60
60 -20 -4
11 11 -213
43 11 68
72 11 140
43 74 11
11 72 11
51 140 11
68 8 11
11 11 11
11 -4 11
11 11 -20
11 -4 -4
11 11 11
11 -4 -85
43 -4 43
11 -20 43
11 68 11
11 -20 43
11 11 60
43 11 8
11 11 10
11 83 11
60 -4 -4
43 -4 11
11 43 -20
72 68 11
43 8 11
11 4 11
10 -20 -20
51 -4 11
11 11 60
43 100 11
11 68 -49
11 60 11
11 75 -20
75 11 11
72 60 72
74 75 68
75 68 11
11 140 11
11 11 8
68 11 11
60 43 11
51 4 140
51 43 -20
60 11 68
11 60 11
43 -52 108
11 43 11
11 11 10
11 4 11
11 68 -20
11 11 -38
11 68 -4
11 4 -20
11 -4 10
11 11 8
11 11 8
11 60 74
43 11 51
68 8 -213
72 11 11
11 -20 11
4 11 4
11 43 -52
11 108 -20
75 11 11
72 11 4
11 11 -4
11 11 -52
11 4 -20
11 75 11
11 -4 11
11 11 -20
60 11 60
11 91 83
43 68 68
43 -52 74
11 11 43
75 60 140
11 11 11
11 75 75
43 75 11
60 68 43
75 11 68
11 75 60
11 -20 91
43 11 75
91 72 11
75 75 75
68 11 11
11 11 11
11 -20 -4
11 60 91
11 11 11
11 11 140
-4 -20 12
-213 -19 140
11 11 140
11 43 75
11 11 11
11 11 -52
43 11 -20
11 140 11
11 11 11
11 43 91
11 -20 11
11 11 11
60 72 10
11 11 11
-45 11 91
68 75 11
140 11 11
19 91 4
19 11 75
11 11 10
-213 43 -4
43 11 140
43 -4 74
83 4 140
11 11 -20
11 11 4
60 68 11
11 11 11
60 72 140
60 11 -19
-4 10 75
11 11 10
11 11 11
11 8 -17
11 11 -213
83 11 11
72 11 60
51 60 -20
11 140 -20
11 91 82
11 11 11
8 51 -213
11 43 -4
11 74 11
11 11 11
11 43 68
11 11 11
68 11 83
68 44 143
11 11 -4
11 -20 8
11 -20 91
11 -4 11
68 10 -20
68 11 -20
75 11 11
11 11 -52
11 -4 11
11 60 -52
11 68 -20
72 -20 60
11 11 72
-20 11 -4
11 43 8
11 4 43
68 11 8
11 11 11
43 91 11
11 11 10
11 11 60
11 43 140
90 74 140
72 11 11
11 68 75
51 11 83
43 43 11
11 11 51
140 140 72
11 75 -4
75 11 83
60 -4 51
11 11 -38
11 75 91
11 140 11
11 91 11
60 140 11
11 11 -4
51 75 91
11 -4 -4
43 75 11
68 11 140
83 75 140
108 8 11
72 -45 155
11 11 -20
10 11 11
11 11 -20
11 11 11
60 51 74
43 44 -20
11 75 4
11 11 11
11 11 75
60 60 11
11 -4 75
72 -4 72
68 43 140
11 8 -4
68 11 140
60 -20 100
51 60 -20
8 11 11
68 43 11
11 11 -20
11 -17 8
10 11 11
68 11 11
11 11 11
11 -4 -17
4 11 -20
11 68 -117
72 -4 11
43 11 43
11 -4 -20
11 11 8
68 91 -20
43 140 60
11 68 11
60 60 11
74 91 43
75 11 11
75 11 140
91 11 140
68 11 140
60 11 68
11 11 -4
11 72 11
11 11 11
11 -4 4
11 4 11
11 75 11
11 11 11
60 -20 60
4 11 -4
11 11 -213
11 43 51
43 11 -4
11 4 -4
11 11 -19
-4 11 -52
8 10 11
11 10 -52
11 8 -52
11 11 68
60 11 10
68 -20 60
11 68 8
60 11 11
75 11 11
60 11 60
11 -20 -85
68 11 60
11 140 68
68 11 68
11 72 4
4 75 11
68 11 75
72 83 11
68 11 68
11 -37 -4
11 90 -4
140 11 11
43 75 -20
4 68 -52
11 43 11
43 11 141
72 68 11
60 77 68
75 74 91
60 60 140
43 91 140
83 11 72
60 74 74
60 11 11
75 91 75
68 11 11
68 11 4
11 75 75
11 72 43
43 11 11
72 11 140
11 75 11
11 11 -52
11 11 -45
75 11 60
60 108 11
60 74 -4
10 72 60
11 -17 8
68 19 68
43 10 68
60 11 8
51 11 75
11 60 43
-4 11 -20
11 4 -20
-20 11 -52
11 -20 11
11 -52 -20
11 -20 -20
43 43 11
68 -4 11
51 11 43
11 11 -4
43 11 60
91 91 155
108 11 147
11 11 43
11 11 51
51 75 43
11 75 8
51 51 11
60 11 10
11 68 11
91 11 140
11 11 72
11 -52 -17
11 10 -20
43 11 84
11 11 75
11 11 8
43 11 11
11 11 140
72 11 11
68 60 60
10 11 -4
4 60 -52
11 -17 -52
11 -213 -20
11 43 43
4 11 -37
74 -51 75
11 60 68
43 11 -20
60 83 72
43 11 11
11 8 8
11 11 -4
11 11 -20
43 10 4
11 11 4
11 11 60
11 11 11
11 74 68
11 4 11
68 11 11
72 68 74
75 11 11
12 11 11
11 11 11
11 140 11
75 72 -4
43 11 72
11 75 11
11 11 91
11 11 11
43 74 11
11 60 140
11 11 43
72 60 75
11 43 -52
11 11 -20
11 11 -17
60 60 75
11 -4 8
72 75 4
11 -20 10
11 10 11
11 43 -20
11 43 11
11 11 11
11 68 68
11 11 43
60 74 60
11 11 -37
11 -4 68
72 43 -37
68 140 11
75 11 -20
11 11 -4
11 43 11
11 4 43
43 11 11
11 4 51
11 11 -45
11 68 -52
91 11 11
11 19 11
11 68 11
72 74 11
43 68 60
11 91 75
60 11 43
75 11 91
43 43 43
11 11 11
11 43 -4
11 51 75
74 11 140
51 8 11
-4 11 8
11 -19 91
11 43 72
11 11 11
10 11 11
11 11 8
11 43 11
74 11 43
60 -52 44
60 4 11
11 11 -20
83 10 4
11 -19 11
11 11 11
72 11 11
60 68 11
91 11 8
4 43 11
8 11 11
-37 72 8
-45 11 60
-52 -20 11
60 -19 72
75 11 68
-20 4 -20
11 10 -4
91 11 11
140 4 11
140 11 4
68 11 11
75 11 11
-45 -20 8
4 11 -4
11 11 11
-20 4 11
-20 75 60
-45 75 60
68 140 140
108 51 75
75 68 140
140 72 83
140 72 75
140 -213 11
108 43 60
83 11 60
140 60 11
43 60 68
11 11 11
-19 11 60
-52 43 -4
-20 11 11
-52 43 72
-85 11 -17
-117 11 11
-85 11 11
-17 68 11
11 60 11
72 11 43
11 43 60
68 11 11
140 11 11
75 43 43
75 11 -45
75 11 -4
68 11 91
11 8 11
11 4 -20
11 -4 11
68 -213 11
72 43 11
43 11 11
4 11 11
-20 11 -20
11 -20 4
11 11 8
75 11 11
75 11 43
75 11 -4
68 8 11
72 43 11
75 11 11
83 11 -213
91 43 11
83 72 60
108 11 60
75 60 11
68 11 -20
75 60 11
12 74 83
140 75 51
140 75 75
83 75 68
140 11 72
83 51 83
68 11 75
51 11 11
43 43 91
43 11 11
11 10 -17
11 11 11
11 11 8
43 4 43
60 11 11
11 60 75
11 60 11
11 11 11
51 51 4
11 11 68
11 11 51
10 4 11
10 -20 11
10 -4 -4
10 11 11
11 11 43
11 11 11
11 51 68
11 8 10
11 -213 11
11 11 11
-4 11 11
4 11 -4
10 11 11
11 8 11
11 43 60
11 11 4
11 10 11
-213 11 11
11 43 11
11 11 11
11 43 75
11 11 11
43 11 60
11 11 8
11 11 11
74 11 11
11 75 68
75 68 68
83 75 75
91 91 91
75 43 75
68 75 91
43 43 60
11 75 60
11 8 91
11 11 10
11 11 -20
11 11 11
72 11 11
43 11 11
11 74 43
11 11 43
11 51 11
11 11 11
8 11 8
11 4 -4
-4 11 51
11 11 60
11 11 11
10 68 11
-4 72 60
11 60 140
43 72 72
43 43 11
11 68 43
11 11 11
8 -20 8
-4 -4 4
-20 11 -20
11 4 8
4 -4 11
11 11 11
11 -20 -4
11 8 -17
11 -20 11
11 11 11
11 11 11
11 11 11
4 11 11
-17 11 72
4 68 68
-52 72 60
-4 68 68
171 140 143
204 75 75
171 74 60
60 11 11
11 11 11
83 10 4
68 11 11
83 11 11
140 75 68
68 72 140
140 91 75
140 11 72
11 11 11
-4 11 11
10 10 11
-20 -45 -49
-108 -86 -117
11 204 204
140 83 91
-4 19 75
140 140 83
68 11 11
68 140 83
43 11 60
11 60 68
4 11 43
-51 4 11
10 -20 -20
8 143 168
91 11 11
-52 11 11
12 74 11
11 11 11
75 75 60
10 11 11
43 68 11
-4 4 11
-20 -4 4
-117 -52 -20
140 140 12
68 -20 -20
-86 11 11
140 75 11
11 11 11
140 91 72
11 11 11
75 75 60
11 11 11
4 11 11
-52 -4 -20
143 91 68
43 -4 10
91 140 74
75 4 11
11 75 75
75 11 11
68 68 74
60 11 43
60 11 11
11 11 11
-20 -20 -4
11 -51 -20
11 140 155
140 68 60
4 8 11
140 75 43
60 8 11
140 140 83
60 11 11
74 60 51
11 11 11
-19 -17 11
-20 -37 -20
43 168 164
75 11 11
-17 11 43
12 75 60
11 11 11
68 75 75
11 11 11
43 -213 11
4 11 11
-20 -20 -20
-49 -52 -45
43 140 140
68 4 8
11 75 11
68 11 11
43 11 43
43 68 43
51 68 60
51 68 11
43 51 60
-4 60 11
-49 -20 -20
140 -19 -37
-4 43 68
91 90 72
11 -213 74
75 75 75
60 43 43
74 75 75
51 51 60
60 11 74
4 11 11
-45 -38 -20
4 -52 -45
91 140 140
11 10 11
11 43 11
-213 60 60
11 11 11
11 75 75
43 11 11
11 43 43
11 11 11
-20 -17 4
-52 -52 -20
140 11 11
-4 43 68
43 11 11
43 43 43
11 11 11
72 11 11
11 43 60
11 11 10
11 11 11
4 10 4
-45 -20 -20
-52 -52 -52
140 83 68
11 11 11
68 11 -4
75 91 75
60 11 11
75 19 75
72 68 43
68 43 11
68 72 68
11 11 11
-20 -20 -20
75 -20 -45
12 140 140
11 11 11
91 -213 11
72 68 68
75 11 60
60 43 60
51 11 11
-213 11 11
8 10 11
-51 -38 -4
-4 -45 -45
140 140 75
11 60 75
60 11 8
75 74 43
11 11 11
43 68 51
43 11 51
11 11 11
11 11 11
-20 -20 -17
-49 -20 -20
91 11 -4
83 140 140
11 11 11
60 11 4
74 74 68
11 11 11
11 11 11
11 11 11
11 11 11
8 11 10
-20 -20 -20
-52 -49 -52
140 68 11
51 140 140
11 -213 4
91 60 11
60 60 60
11 11 11
68 43 11
68 68 68
11 68 11
8 10 11
-20 -20 -4
11 10 -17
147 140 140
43 75 75
68 43 11
140 74 74
72 11 74
11 11 51
11 11 11
11 11 11
11 -4 8
-20 -20 -20
-20 -20 -20
140 11 11
83 140 140
11 11 11
72 11 8
75 60 11
60 11 68
11 43 11
68 11 43
11 43 11
-4 4 11
-45 -49 -45
4 4 -20
140 60 11
75 140 140
10 11 8
11 11 8
68 11 11
11 11 43
11 11 11
11 11 11
10 11 8
-38 -20 -17
-52 -20 -49
11 4 -20
140 91 75
11 83 75
11 11 11
68 43 11
60 43 11
11 68 60
68 72 68
68 75 72
11 68 60
-20 -17 4
-20 8 8
11 11 11
140 140 140
68 140 140
11 11 11
75 60 43
72 60 75
43 11 60
68 11 43
68 11 43
4 4 11
-20 -20 -4
-17 -20 -4
140 43 43
140 140 140
11 11 11
68 11 11
60 11 43
11 11 43
51 43 -213
72 68 60
11 10 11
-51 -51 -45
-20 -45 -20
140 74 68
60 140 140
11 11 10
83 74 43
60 43 72
11 11 11
60 60 43
11 11 44
11 10 11
-20 -20 -4
-51 -52 -49
140 43 11
60 140 140
43 11 11
75 68 43
68 43 68
43 11 11
11 68 75
68 60 68
51 43 60
-20 10 11
-52 -52 -20
108 8 -4
140 204 204
72 43 60
91 74 60
72 91 140
68 11 11
11 60 72
74 43 74
68 43 72
-4 4 11
-51 -52 -20
-20 -52 -52
140 154 155
11 -4 8
72 11 11
11 51 60
68 -4 -4
11 11 11
11 11 11
11 11 11
-4 10 11
-45 -20 -38
-52 -37 -51
170 140 140
11 11 11
91 75 11
51 75 84
74 11 11
11 43 11
11 43 74
60 68 11
11 11 51
-20 4 4
-52 -49 -49
91 -20 -49
11 140 140
72 43 11
68 60 51
43 11 11
60 11 11
11 11 72
43 11 11
43 60 60
4 11 43
-20 -20 -20
11 -4 -19
155 204 171
68 11 60
140 75 68
72 91 140
75 11 43
11 11 68
60 11 11
60 60 72
11 11 60
-20 -17 -20
-20 -52 -52
140 147 147
60 11 11
72 43 11
60 60 68
72 11 11
11 10 11
11 11 11
11 11 11
11 11 43
-45 -20 -20
-20 -51 -49
140 140 140
11 11 11
43 11 4
11 68 68
68 11 11
11 11 11
11 11 11
11 11 4
11 11 11
-20 10 10
-52 -52 -52
140 11 4
11 140 140
75 75 68
51 68 60
75 75 60
11 60 51
60 68 75
11 11 11
11 60 43
11 44 68
-20 -20 -20
11 -20 -4
83 140 140
72 68 74
68 68 68
108 75 75
51 43 43
43 72 75
11 11 -213
11 11 11
11 11 43
-38 -49 -45
11 -52 -52
60 72 60
11 11 11
43 11 11
68 51 11
11 11 8
11 11 11
11 11 11
11 11 4
11 11 11
-20 11 8
-20 -20 -52
43 11 11
60 72 43
43 75 68
60 60 68
60 68 11
11 11 11
43 11 11
11 11 11
11 11 10
-4 8 11
-20 -20 -20
-20 -20 -37
11 11 10
43 68 11
68 60 60
75 74 74
74 83 43
68 60 43
60 60 72
43 11 11
11 43 43
11 11 43
11 11 8
11 11 11
68 11 11
91 74 68
140 72 91
12 72 90
75 72 60
68 11 43
43 11 11
11 11 11
11 8 11
10 -4 8
8 -4 -20
-4 -20 -20
11 4 -4
11 11 11
72 72 44
68 60 60
11 60 11
11 11 11
11 11 11
8 -4 -4
4 -17 -4
11 4 -4
11 4 -20
8 -4 -19
4 -4 -20
11 11 8
43 -213 11
68 60 43
68 75 11
43 60 11
43 11 11
11 11 11
11 11 8
11 11 11
11 11 11
8 11 8
8 10 -4
11 11 11
11 43 11
43 43 51
43 51 43
43 43 11
11 11 11
11 43 11
11 11 11
11 11 11
11 11 11
11 60 11
11 75 68
75 60 75
75 68 75
75 74 75
19 91 75
75 140 91
72 60 91
43 11 43
11 11 11
11 8 11
11 -4 11
11 4 11
11 4 8
11 11 11
11 11 11
11 11 11
11 11 11
11 11 11
11 10 10
11 11 -4
11 4 4
11 11 11
11 11 11
11 11 11
11 -4 11
11 11 -4
43 68 11
72 68 60
68 74 75
68 60 11
43 11 11
43 10 11
11 11 11
11 11 11
72 68 11
75 68 60
68 60 60
60 -213 11
74 68 68
74 68 68
68 60 68
43 43 51
43 11 11
11 11 11
11 11 11
11 11 60
11 43 43
51 60 68
43 68 60
60 60 72
75 75 91
83 90 140
74 68 75
60 68 72
44 11 60
11 11 43
11 11 43
11 11 11
11 10 11
11 11 11
11 11 11
11 8 11
11 10 11
11 11 11
11 11 11
11 11 11
11 11 11
11 11 11
43 11 11
11 11 11
11 11 11
11 11 11
11 11 11
11 43 11
11 43 43
11 51 11
11 11 11
11 11 11
11 8 11
11 11 11
11 8 11
11 8 11
11 11 8
11 11 11
-213 43 11
11 43 11
11 11 11
43 11 43
68 72 75
68 72 74
75 75 72
83 75 75
75 75 91
74 60 72
68 74 75
68 60 75
68 43 74
60 11 74
68 51 75
60 11 68
11 11 68
11 11 43
11 11 11
11 11 60
11 11 11
11 10 11
11 11 11
11 11 11
11 11 11
11 11 11
11 11 11
11 11 11
8 -4 8
11 11 10
11 11 11
11 11 11
11 10 11
11 8 11
11 11 4
11 11 11
11 11 11
11 11 11
11 11 11
11 43 11
11 43 11
11 11 11
11 11 11
11 11 11
11 11 11
11 11 11
11 43 11
19 60 68
43 11 11
-213 60 68
68 74 68
60 43 60
11 11 51
43 43 43
43 43 43
75 68 83
60 43 60
11 11 51
43 11 11
60 43 72
60 68 72
60 60 72
60 51 74
43 43 68
51 11 68
51 11 43
60 11 43
11 11 11
11 11 43
11 11 11
11 11 11
11 11 11
11 11 11
11 11 4
11 10 11
11 11 11
11 11 4
11 4 -4
11 4 10
11 -4 -4
8 4 -4
11 8 11
11 11 4
11 11 8
11 51 11
11 60 11
51 43 11
11 11 11
11 11 4
11 11 11
11 11 11
11 11 11
11 11 11
11 11 11
11 11 11
43 11 11
11 11 11
11 11 10
11 11 11
43 11 11
51 11 11
43 68 60
43 68 74
68 75 83
72 75 72
75 75 75
43 68 60
68 74 72
68 68 72
68 43 51
11 11 43
11 11 -213
11 11 11
11 10 10
11 11 10
11 11 11
11 11 11
11 -4 -19
11 -20 -4
11 11 10
11 11 11
11 11 11
11 11 11
11 11 11
11 11 11
11 11 11
11 10 11
11 -4 -17
4 4 8
11 10 11
11 11 8
11 11 11
11 8 -4
11 4 -20
11 11 4
11 11 11
11 11 4
11 11 8
11 11 11
11 11 10
11 51 11
43 68 60
43 43 43
43 60 11
11 11 10
43 51 11
60 72 60
68 60 43
43 68 51
72 68 74
74 11 51
72 43 60
72 60 43
72 60 11
68 72 72
43 11 11
11 11 11
11 11 11
11 11 11
11 10 11
11 43 11
11 11 11
11 11 11
11 8 11
11 11 11
11 11 11
11 11 11
11 11 4
11 11 8
11 11 4
11 11 11
11 43 51
11 11 11
11 11 11
11 8 -4
11 11 11
11 11 -4
11 -4 4
11 11 -20
4 4 -20
4 -4 -20
8 4 -4
11 11 -4
11 8 -4
11 11 8
11 11 11
11 68 11
75 72 43
68 43 68
75 74 75
75 75 72
75 108 140
60 68 60
60 72 68
68 72 68
75 75 83
68 60 75
68 60 68
43 43 11
11 11 60
11 11 11
11 11 11
11 11 11
11 11 11
11 11 11
11 11 11
11 11 -213
11 68 43
11 11 11
11 11 11
11 10 11
11 11 11
11 11 8
11 11 11
10 -4 11
11 11 4
11 8 10
11 11 11
11 11 11
11 11 11
11 11 11
11 11 11
10 10 8
8 -19 -20
-4 -4 -17
10 -17 -20
11 11 11
11 11 11
11 11 -20
11 -4 -20
11 11 11
43 43 11
72 74 68
75 43 68
75 68 11
72 68 11
72 75 72
72 90 72
68 75 140
11 11 43
11 11 8
11 11 11
68 91 74
108 140 140
75 75 140
43 11 43
11 11 11
11 68 11
-4 43 11
11 11 11
11 11 11
75 83 75
75 91 140
72 74 74
11 43 75
60 11 74
11 8 11
10 4 11
-45 10 10
8 -20 -45
91 4 -4
75 155 155
11 -17 -19
-20 8 11
43 11 11
11 11 8
68 8 11
11 10 11
11 11 11
11 11 60
11 11 11
11 11 11
11 43 11
11 11 11
43 72 11
11 11 11
11 51 11
43 43 11
83 74 91
60 43 11
60 68 68
68 140 204
11 -4 11
-20 8 8
74 74 11
51 51 68
91 72 75
60 11 72
51 60 72
72 11 75
75 75 140
72 75 91
43 11 11
43 11 43
11 11 68
11 11 11
11 11 11
43 11 43
12 72 75
83 75 140
91 51 75
43 11 68
11 60 75
43 11 68
10 11 11
-52 -20 11
-101 -52 -52
204 4 -20
11 72 60
140 75 11
8 4 11
75 75 11
72 51 11
108 91 74
11 11 11
11 4 10
-4 8 10
-20 -20 4
-45 -45 -20
75 -20 -45
8 60 75
60 8 4
11 11 11
75 11 8
75 74 72
60 75 75
68 75 68
11 43 11
11 11 11
-20 -4 4
-52 -20 -20
140 8 -20
8 140 147
140 60 43
8 11 68
140 91 60
75 68 60
91 141 140
74 60 75
11 11 43
4 60 60
-20 11 10
-52 -4 10
147 8 -20
8 91 140
140 43 43
8 11 60
75 11 11
43 11 11
43 11 72
11 11 43
11 11 11
-20 8 4
-20 -20 -20
-52 -49 -49
204 72 11
-4 11 19
91 91 60
10 10 44
75 68 60
90 75 75
83 68 72
11 68 68
11 11 11
-20 -4 8
-20 -20 -4
-45 -17 -20
164 75 75
-17 -20 -4
11 43 11
11 11 11
68 11 11
43 60 72
43 11 11
11 43 11
11 11 8
-4 11 11
-20 11 11
-4 8 -17
204 140 74
-213 68 83
140 75 74
75 75 91
140 68 140
72 84 140
60 43 60
11 11 11
8 -4 11
-20 4 8
-52 -20 -20
60 -20 -49
68 140 140
11 11 4
11 11 11
11 43 11
68 11 11
60 60 75
11 11 11
11 11 11
8 -19 -4
-4 -4 4
-49 4 -20
11 -4 -20
140 140 140
11 11 11
11 11 11
43 -213 11
-213 11 11
11 11 11
11 11 8
10 10 11
-4 -4 -20
-20 4 -4
-20 4 -20
83 11 -4
140 140 140
43 11 11
68 11 10
60 51 60
74 68 68
60 60 43
43 60 11
11 11 11
8 11 8
8 11 11
-20 11 11
11 4 -20
155 141 147
11 11 11
11 10 -20
43 11 11
68 11 43
75 75 91
43 11 11
11 -19 11
11 -4 -4
-19 -4 8
-20 -19 -17
68 4 -52
143 204 91
-20 -20 -4
11 -52 4
60 11 60
83 11 60
140 43 60
60 68 11
11 8 4
10 11 -20
-20 10 -4
-20 4 -20
140 11 -52
72 140 140
10 -4 4
-213 11 8
11 74 72
51 74 43
-213 68 11
4 11 -4
11 -49 -4
-17 -4 8
-20 4 11
-4 -4 -20
171 140 11
11 91 140
11 11 11
140 74 75
83 83 140
75 75 91
74 68 72
11 60 60
11 10 11
-4 4 11
-37 8 11
10 4 -20
204 140 140
11 83 140
4 4 -17
75 11 60
72 43 91
72 11 75
68 11 51
11 11 11
8 -4 8
8 11 4
-20 8 8
-20 10 8
84 11 11
155 140 140
8 11 51
11 -20 -20
60 11 11
11 4 11
11 10 10
11 -4 4
8 8 -4
-4 -20 -4
-20 -17 -45
-52 -20 -49
140 11 -4
140 140 143
11 11 4
60 -4 -49
60 60 43
60 72 68
68 11 43
11 11 11
10 4 -4
-17 -4 -19
-49 8 -20
10 11 -20
164 140 91
10 11 75
11 11 -45
60 11 11
11 11 11
43 72 51
51 43 43
11 11 11
11 11 11
-20 10 11
-45 11 4
68 60 11
204 204 204
60 74 91
83 75 -213
74 91 140
108 91 140
75 140 140
11 43 68
11 11 11
-4 4 11
-20 -20 10
10 -4 -4
143 108 19
4 11 51
43 11 4
11 11 11
11 11 11
60 51 43
-213 68 75
11 11 11
11 11 43
-4 -4 10
-20 -4 -4
11 8 4
168 72 60
11 72 140
74 11 11
11 11 43
60 11 11
60 43 68
60 72 75
11 4 -4
8 11 11
-20 -20 -4
-52 -52 -45
11 -19 -20
140 143 140
11 8 8
60 11 11
43 11 11
68 11 11
60 72 68
72 43 11
11 11 11
11 11 11
-4 4 8
-20 -4 4
11 11 4
204 140 91
43 43 83
90 75 43
74 75 140
75 60 68
60 75 75
72 75 91
43 43 74
4 10 11
-45 -4 4
-52 -52 -45
74 8 -20
140 140 143
11 4 11
11 11 11
43 11 11
11 11 11
43 75 60
43 11 11
-213 43 11
-4 4 4
-52 -45 -20
-45 -45 -20
155 140 140
11 11 60
68 60 11
75 43 60
60 43 72
51 60 43
51 51 -213
11 60 43
-4 -19 -4
-101 -86 -52
4 -45 -52
147 147 140
72 43 68
43 60 11
83 68 60
11 43 51
60 68 72
60 11 60
72 75 68
11 43 11
-52 -20 -20
-20 -38 -20
140 140 75
75 91 140
75 83 74
91 75 75
75 68 83
75 75 91
72 72 140
11 11 43
4 11 11
-52 -20 -4
-52 -81 -52
140 60 43
74 11 68
75 91 75
75 60 72
60 43 43
11 11 11
11 11 60
11 11 11
-19 8 11
-49 -20 -20
-52 -85 -52
68 10 -4
60 68 68
72 75 72
68 74 68
91 91 60
51 11 11
43 11 11
43 60 51
11 43 11
-4 4 10
-37 -20 -20
-20 -49 -20
75 74 43
74 75 60
75 83 75
72 11 11
43 11 11
51 11 11
43 72 68
43 83 72
11 11 60
11 11 11
-4 -4 10
11 11 11
83 91 75
140 140 140
140 140 140
140 91 140
91 68 140
43 11 68
11 11 68
11 11 72
11 -4 11
-20 -17 -4
-4 -20 -4
11 10 4
43 8 11
11 11 11
11 43 11
11 11 11
11 8 11
11 10 4
11 10 11
11 -213 11
11 11 11
10 -4 -4
-4 -20 -20
11 11 11
72 72 60
83 140 83
140 140 72
60 72 60
11 11 11
4 -20 -4
8 -4 11
11 11 8
11 11 4
4 -45 -20
-20 -52 -52
11 8 -20
11 11 10
11 11 11
11 74 11
60 11 11
11 11 8
11 11 4
60 72 60
75 83 74
72 68 72
11 11 11
43 11 11
75 91 91
91 91 75
75 140 140
68 60 43
11 -213 11
11 11 11
11 11 11
11 11 4
11 8 11
11 11 11
8 -4 -19
11 11 11
11 43 11
-213 -213 11
68 75 75
11 11 11
11 11 11
11 11 8
11 11 4
11 11 4
11 -4 4
4 11 11
10 -19 -20
10 -4 -4
43 11 11
60 43 43
44 72 51
11 43 4
11 8 -4
8 11 10
11 -4 -20
10 4 -20
11 11 68
11 11 11
11 11 11
11 11 8
11 11 11
68 -213 11
68 11 11
60 43 11
11 43 11
11 43 11
11 11 11
11 51 11
11 60 60
11 60 43
11 11 11
11 11 11
11 11 11
-213 11 11
75 75 72
75 72 75
74 11 43
68 60 68
51 11 11
75 72 75
72 11 68
-213 43 11
11 10 11
11 11 68
51 68 44
68 11 43
43 43 60
11 11 8
11 -4 -4
11 4 -4
-4 -20 8
4 4 -20
11 11 43
11 4 11
11 11 10
11 11 8
11 10 -4
11 11 11
11 11 10
51 51 11
11 11 11
11 11 11
-213 11 11
11 11 10
11 11 60
11 43 11
11 43 43
11 11 11
11 4 4
11 11 11
11 8 10
11 43 11
11 11 -4
-213 43 11
11 11 11
11 11 11
11 68 11
75 83 75
75 43 68
60 91 68
60 72 11
72 72 75
72 60 60
60 140 140
43 11 43
43 74 83
11 11 11
60 51 11
43 11 60
11 11 11
11 11 11
11 11 11
11 -4 11
4 -20 -4
11 8 11
11 4 11
11 11 11
11 11 11
43 75 74
68 68 75
60 11 60
11 11 11
11 -4 -4
11 11 11
11 60 11
68 74 43
51 11 11
11 4 11
43 4 11
10 -4 11
4 -20 -20
11 11 11
11 11 11
72 43 51
51 51 11
11 43 11
11 11 10
11 8 11
43 11 11
11 60 43
43 11 11
43 72 43
68 75 74
75 11 43
60 75 72
68 68 43
19 75 75
60 75 68
75 68 140
68 51 60
43 11 68
11 11 11
11 11 11
43 43 60
11 11 11
44 60 43
11 43 72
43 11 60
68 68 91
60 43 72
51 -213 11
11 43 11
43 -213 43
60 60 75
43 60 60
51 43 11
11 11 11
11 4 11
4 11 11
11 11 11
11 8 11
11 11 43
11 11 11
11 8 11
11 11 11
8 10 -4
4 4 -4
4 8 10
11 11 11
11 11 43
11 11 11
11 11 11
10 11 11
11 11 11
43 68 11
60 11 60
11 51 11
68 11 75
75 43 60
60 140 75
68 72 51
43 51 60
72 72 60
75 60 60
72 11 68
43 11 11
11 11 68
11 11 43
11 11 68
11 11 43
11 43 60
11 11 60
68 11 74
11 60 68
68 68 72
72 11 75
51 11 75
60 60 75
75 60 60
11 11 43
11 11 11
11 11 10
11 11 11
11 11 11
11 4 11
-20 -20 -20
4 -17 -4
-4 -20 -37
11 8 11
11 11 11
11 11 11
11 11 11
11 11 75
68 68 51
43 11 11
11 60 11
60 11 11
11 11 11
11 43 11
11 4 11
11 11 11
11 11 8
11 11 8
68 11 11
11 43 51
68 72 75
72 51 43
11 43 11
43 60 11
60 11 11
60 43 72
68 68 51
75 75 75
72 68 75
83 75 140
11 11 43
11 11 43
75 -213 68
43 72 60
140 11 60
11 11 43
168 60 72
72 43 74
4 11 75
11 43 11
11 11 68
11 60 72
11 11 8
11 11 4
11 11 11
10 -20 11
11 10 11
11 11 11
11 11 11
8 8 8
4 -20 -20
8 -20 -4
11 11 11
60 43 11
11 11 11
-4 -4 -20
11 -17 -20
11 11 -4
11 11 11
60 43 11
11 60 11
11 11 11
60 72 68
11 75 74
11 60 11
43 11 11
11 11 8
43 11 11
11 11 11
11 11 -4
11 11 11
43 43 43
11 43 43
60 43 68
11 11 11
-213 60 11
11 11 11
11 11 11
74 11 -213
19 11 60
11 -213 11
43 60 60
11 11 43
11 68 43
11 11 8
11 11 51
11 11 11
43 43 11
11 68 43
11 11 68
11 60 43
11 11 11
11 11 10
4 4 -4
4 8 8
10 -4 -17
51 11 11
-4 4 -17
8 11 4
11 11 11
11 11 10
11 11 43
43 11 11
-213 72 11
51 11 11
43 43 -213
11 11 11
11 43 11
74 11 60
43 43 11
11 11 60
11 11 11
11 11 11
60 60 11
43 11 68
68 60 11
75 11 43
11 8 -20
43 11 4
11 11 8
43 11 11
68 11 11
60 11 11
11 43 11
11 91 72
68 82 75
75 72 83
91 60 75
72 74 60
72 11 12
51 11 43
11 11 11
51 68 68
11 11 11
11 11 11
10 11 8
4 10 -4
11 11 11
43 11 43
10 11 43
11 4 -4
-17 -45 -4
-4 -19 -20
10 11 4
-20 4 -4
-20 -4 -20
11 8 4
10 11 4
11 11 11
11 11 11
83 60 60
72 11 43
60 11 11
11 11 11
11 11 11
43 11 11
68 43 60
68 43 60
11 8 8
72 11 11
10 11 10
72 43 8
74 11 11
60 -213 11
72 11 60
11 10 -4
11 11 4
60 68 75
68 11 11
91 43 75
60 11 11
68 72 11
72 11 60
68 68 19
68 60 11
43 68 91
72 11 75
43 11 -213
11 11 11
11 -213 11
43 11 43
11 10 11
-4 -4 -4
-4 -20 -52
11 10 11
11 11 11
11 11 11
11 51 11
11 8 10
11 11 -4
11 4 -20
11 8 11
11 11 10
11 11 11
11 11 -20
11 11 -20
11 68 68
68 68 43
60 43 11
11 11 11
11 11 -4
43 11 43
60 51 11
11 11 11
68 75 140
75 43 11
83 51 74
60 43 68
11 11 11
75 72 75
75 60 68
75 43 75
43 10 8
-4 -4 11
11 11 11
43 60 11
60 51 72
75 74 75
72 68 43
68 11 11
51 60 72
108 68 68
83 75 75
75 74 91
43 75 68
60 72 83
-213 11 75
72 60 11
11 72 60
11 11 11
43 11 11
51 11 68
11 11 11
4 11 11
11 8 11
11 -4 11
4 8 -20
4 8 10
-4 11 11
8 11 -4
11 11 11
74 11 60
11 11 11
11 11 11
11 11 11
60 43 11
11 11 11
11 11 11
11 11 11
11 -17 -20
11 11 11
11 11 11
11 11 11
11 11 8
11 11 11
60 11 60
11 11 11
72 11 75
68 60 43
72 51 60
75 11 74
68 60 74
74 75 91
60 68 60
74 91 75
91 75 91
75 74 91
60 68 60
11 11 60
11 8 11
11 4 11
11 11 11
11 11 43
11 10 11
60 11 11
11 11 11
11 60 11
11 11 11
11 11 8
11 11 11
11 8 11
11 11 11
11 8 8
11 11 11
11 11 60
43 11 11
11 11 11
11 43 11
43 11 11
11 11 11
11 11 11
11 11 11
11 11 11
11 11 11
11 11 11
11 11 11
60 11 11
74 51 60
60 11 11
11 -213 -4
11 11 11
11 43 43
51 68 68
43 60 72
11 43 51
43 11 11
43 60 74
72 11 51
74 43 91
60 60 43
11 11 11
-213 11 43
43 11 11
11 11 11
11 11 11
60 60 72
68 60 75
75 75 75
74 43 72
72 68 83
74 60 68
91 75 140
68 72 84
11 60 51
11 11 11
11 4 11
11 11 11
8 11 10
11 11 11
10 10 -4
11 8 11
11 10 11
11 11 4
4 -4 -4
-17 4 4
11 11 11
11 11 11
11 11 8
11 11 11
68 11 43
11 43 11
75 60 51
60 11 72
51 11 11
-213 11 11
11 11 10
43 11 68
11 -213 11
11 11 11
11 11 11
51 43 60
83 60 68
72 11 60
60 11 11
11 11 60
51 11 68
11 11 11
11 11 11
43 68 11
43 11 11
60 19 43
11 43 11
11 11 11
11 -213 11
60 11 43
68 10 11
11 -20 4
11 8 11
11 11 11
11 11 11
11 11 11
11 11 11
11 11 11
43 11 43
11 60 11
68 68 43
11 51 11
11 11 11
11 10 -20
11 4 11
11 -4 4
8 -4 11
11 11 4
11 11 11
51 43 60
43 11 11
11 8 -20
11 4 11
11 11 11
68 11 43
72 11 11
43 43 11
11 11 8
11 11 -4
68 74 43
74 72 75
60 43 11
11 11 11
11 60 11
11 11 11
68 11 43
75 43 75
75 43 60
60 72 72
11 75 74
60 83 43
75 74 75
68 51 83
43 11 11
11 60 11
11 11 11
11 11 11
8 4 -4
11 11 -20
11 4 72
11 11 11
11 68 11
11 11 68
43 11 11
11 8 11
60 11 11
11 11 11
8 11 51
11 11 8
43 8 11
11 11 11
44 11 11
11 11 8
4 11 4
11 11 -20
11 -4 8
11 11 10
11 -4 10
8 4 11
4 8 -4
11 11 -4
11 11 11
60 68 11
11 60 11
11 11 11
11 11 11
43 43 11
60 68 11
51 11 11
11 11 60
11 43 -17
43 75 60
43 60 11
60 43 75
11 43 60
68 43 60
72 43 68
43 43 75
43 11 11
60 51 60
68 68 91
68 72 11
43 68 60
60 60 60
11 11 44
11 11 68
43 11 43
11 11 11
11 11 11
11 11 8
11 11 11
11 11 11
11 4 43
11 8 11
-4 11 -4
11 8 10
11 -4 -4
11 11 11
-4 4 -4
11 -20 4
-19 8 -20
11 10 4
11 8 8
11 11 4
11 11 11
11 11 11
11 8 -17
11 11 11
11 43 8
43 43 11
68 72 60
11 11 43
11 43 43
11 11 11
11 11 11
60 43 43
11 11 8
11 11 11
11 11 11
11 11 -19
60 43 11
43 11 11
68 60 11
43 11 75
72 11 60
75 74 74
75 75 140
75 72 74
72 90 108
60 68 11
74 83 140
75 60 91
-213 43 11
11 11 11
60 51 11
68 11 68
11 11 72
43 -213 43
11 11 43
11 11 4
11 11 60
11 11 11
11 43 43
60 11 74
60 60 91
11 11 11
74 11 43
60 11 43
75 11 72
8 11 4
11 11 11
11 -4 11
10 8 -20
-4 -4 -4
-4 4 -4
11 11 11
11 -17 11
43 11 11
11 4 11
10 11 -4
11 11 11
11 11 11
60 43 68
68 60 43
43 11 11
60 11 11
11 11 11
11 43 43
60 72 74
68 43 60
43 68 68
72 75 75
11 11 68
68 11 91
11 11 11
11 11 68
11 11 11
11 11 68
51 11 68
11 43 11
11 11 -213
11 60 11
11 11 72
11 11 11
11 11 4
11 11 43
11 11 11
43 11 60
4 10 -4
11 8 11
43 60 68
74 72 51
68 43 11
11 60 43
60 11 11
43 75 72
72 11 43
11 11 11
43 11 11
43 11 11
11 11 11
8 11 11
11 11 11
11 11 10
11 11 11
11 8 11
11 11 68
51 11 4
11 51 11
11 11 -4
11 11 4
11 8 8
11 11 -4
11 8 -45
11 8 4
11 10 -4
11 11 11
-213 11 11
74 51 43
72 68 72
11 11 11
11 11 11
11 68 11
11 43 11
43 11 4
11 11 11
51 11 11
43 75 43
91 -213 11
75 68 68
11 72 75
60 75 60
74 68 68
11 11 11
8 11 11
11 43 11
11 11 11
-4 8 4
11 11 11
11 11 72
11 60 11
43 60 72
68 11 75
60 11 11
43 11 43
11 72 60
-213 11 11
60 11 11
11 11 11
11 8 43
11 11 43
60 51 60
43 72 72
60 68 11
51 72 43
60 60 68
11 11 10
10 60 60
11 11 11
11 11 11
43 11 43
11 11 11
11 11 11
43 11 11
11 11 11
11 4 10
11 11 43
68 10 11
11 11 10
-4 10 -20
11 11 -17
11 11 11
43 11 75
11 11 11
11 11 11
11 60 11
11 68 11
68 68 75
11 75 11
43 11 11
4 11 11
8 -4 -4
11 11 11
11 11 8
11 11 11
51 11 11
60 11 72
8 11 11
11 11 4
11 60 11
11 11 11
11 11 11
11 11 11
11 10 8
8 11 -20
11 11 11
11 10 11
43 60 43
43 43 60
43 68 11
68 75 140
91 68 91
75 72 75
60 -213 43
11 68 11
43 43 11
11 11 11
60 43 43
11 11 11
11 11 4
11 8 11
8 4 -20
11 11 10
11 11 10
11 8 11
51 11 -4
11 11 11
11 43 4
11 -213 60
43 68 11
60 72 11
60 68 91
68 75 75
68 75 72
43 43 60
11 11 43
11 11 11
11 -213 11
11 11 8
11 11 -4
11 10 11
11 8 11
8 8 4
11 4 4
4 11 -19
11 11 -4
11 11 11
72 11 11
68 11 72
68 43 11
11 43 11
68 72 72
75 68 60
75 75 83
75 68 60
72 75 75
68 75 91
60 75 60
68 43 91
11 11 74
60 43 43
11 68 74
72 11 68
43 11 11
11 11 51
11 8 11
11 11 11
74 72 75
72 68 140
60 68 75
75 75 140
74 11 43
75 72 140
68 68 60
43 11 75
60 11 11
68 43 72
60 11 11
-4 11 11
-4 8 4
11 4 11
11 4 -20
4 10 -4
-17 11 -4
-45 -49 -51
-45 -45 -52
11 11 11
11 11 43
-4 4 -20
-20 4 -52
-20 -20 -52
11 8 -4
-4 -17 -52
-20 -45 -20
-4 4 -20
68 11 11
83 75 83
83 75 51
68 68 11
72 51 11
43 43 11
75 68 68
68 51 11
74 11 8
90 60 75
140 11 11
11 11 11
4 10 -4
4 -20 -52
-4 -4 -20
-4 -4 -4
11 11 -20
10 -4 4
11 11 11
51 -213 4
74 75 75
51 60 11
11 11 -4
11 11 4
60 60 11
60 11 72
11 11 11
8 11 -52
-20 -4 -45
4 4 -45
4 11 -20
11 11 8
4 11 -20
11 11 -51
43 11 11
75 83 83
140 91 68
72 72 43
43 11 43
11 11 11
11 11 11
-17 -4 -20
11 -4 -19
11 -4 -20
51 11 4
11 11 10
11 10 4
11 11 4
68 68 10
51 74 60
60 72 68
11 8 -20
4 10 11
51 11 11
91 75 75
140 108 140
75 43 11
60 43 11
75 68 75
140 91 91
140 74 43
60 74 68
-213 11 11
11 11 11
8 11 60
4 10 10
-4 8 -4
8 -20 -4
11 11 4
11 60 68
10 11 11
11 72 51
75 43 60
11 43 75
72 43 -213
43 43 43
43 60 11
43 11 11
11 11 43
11 11 11
-4 11 11
8 4 -45
-4 -20 -20
11 4 4
43 11 4
11 43 -4
11 68 75
140 11 11
143 140 140
140 91 143
74 108 140
11 68 72
11 43 11
-213 11 11
11 11 60
8 11 11
11 10 11
72 60 75
68 10 10
11 11 11
60 11 4
11 60 60
43 43 74
60 72 11
74 11 72
11 11 8
11 11 11
60 75 68
60 60 75
60 140 140
43 11 11
11 60 11
43 8 75
43 11 -4
8 8 -4
-20 -20 10
-20 11 8
-4 -49 72
11 60 11
11 68 11
11 74 83
43 72 72
43 11 140
68 11 11
72 68 91
11 140 75
75 75 140
68 10 43
4 11 -20
-52 11 -4
-20 11 -20
11 8 11
60 60 91
140 83 68
60 140 140
75 72 140
91 11 68
75 75 140
68 72 75
11 11 11
11 60 140
68 60 140
140 72 140
11 11 75
11 -4 11
11 11 43
11 11 43
43 11 72
4 11 43
11 -4 11
11 8 11
68 75 84
83 72 75
68 91 75
60 43 60
60 74 83
60 11 43
11 11 43
11 11 43
-4 -20 11
11 4 8
-20 -4 11
11 11 68
11 10 4
8 -17 -4
-20 -19 -4
-20 -4 4
11 10 11
11 11 43
11 43 75
72 51 140
68 75 140
60 43 51
11 11 11
11 11 11
8 8 10
11 11 11
60 43 75
11 11 11
11 10 4
4 11 4
11 4 4
11 8 11
11 -17 -4
10 11 8
11 11 8
11 11 11
68 43 43
60 11 11
60 51 72
74 43 60
68 75 140
75 83 75
68 91 83
51 74 60
11 11 43
11 43 11
43 11 60
11 11 60
11 11 11
11 11 11
43 11 74
43 11 68
11 4 11
10 11 -4
11 11 68
11 11 11
11 43 11
11 11 4
11 11 -4
8 11 8
11 4 11
10 11 11
4 11 11
11 10 -19
-4 4 8
11 10 11
43 11 11
11 11 11
4 11 4
10 10 -20
11 11 11
51 72 68
74 75 74
75 75 75
11 11 11
11 11 60
11 43 51
60 43 -213
11 11 4
4 11 4
11 11 4
11 11 11
11 11 11
10 10 4
11 -4 -4
11 4 11
68 11 11
140 90 75
140 83 140
108 140 140
75 74 140
72 11 68
11 72 91
68 43 60
60 43 11
43 11 68
11 11 60
11 11 11
4 -20 -20
-19 -45 -20
-4 -19 -4
11 4 11
4 -20 8
8 11 -4
11 11 8
43 51 60
-213 68 68
43 75 11
11 72 11
11 11 11
75 68 75
43 43 60
11 11 -4
-17 -20 -49
-20 -52 -88
-45 -51 -52
-20 -4 -20
4 -20 -20
11 11 -20
11 11 8
43 11 11
60 75 43
75 60 43
72 75 68
60 75 11
72 68 68
43 11 11
43 11 11
43 51 43
43 43 11
43 11 4
11 43 11
11 4 -20
11 11 -20
8 11 11
74 74 68
11 72 72
-213 68 75
72 72 60
140 75 91
74 83 74
68 72 75
75 60 72
43 43 68
11 11 -213
8 4 4
8 8 8
-4 -20 -4
11 -4 -4
-20 -20 -20
-20 -20 -20
4 8 -20
-4 11 -20
11 11 8
11 11 8
43 11 68
68 11 11
43 44 11
43 11 11
-213 43 11
11 11 4
10 11 -4
8 10 8
11 11 11
11 -4 10
10 8 -4
10 4 -19
11 8 -20
11 4 4
8 10 -4
11 11 11
11 11 10
11 11 11
11 43 11
72 68 11
43 51 11
51 72 11
75 68 68
83 75 75
72 75 74
72 74 83
11 11 8
11 11 11
11 11 11
11 11 11
43 11 11
11 60 11
11 11 11
43 43 68
75 68 51
140 74 140
72 74 140
72 60 75
91 75 75
72 74 74
68 68 83
68 68 75
68 11 60
11 4 11
11 11 11
4 -20 -17
-20 -20 4
4 4 11
11 11 11
-213 11 11
11 11 8
11 11 -4
11 11 11
68 60 75
68 74 72
68 60 75
11 11 60
60 60 72
68 68 12
68 11 51
11 11 11
-17 11 11
4 -4 10
4 11 10
11 11 11
43 11 11
-213 43 11
11 11 8
11 11 11
11 11 8
-4 4 -4
-4 -20 -38
-4 11 -4
11 11 10
43 11 43
11 11 43
11 11 4
43 60 11
11 11 11
43 11 11
60 43 60
72 75 140
140 140 75
140 90 140
68 11 74
11 11 60
10 8 11
11 -20 10
-4 8 -19
10 -20 -20
4 -20 -45
-20 -52 -45
-20 -4 -49
8 -19 -52
-4 4 -20
-52 -45 -52
-20 -20 -52
-17 4 -4
11 11 4
11 11 11
60 44 60
43 72 11
68 75 72
43 60 43
43 -213 43
43 11 4
72 11 43
60 60 11
11 11 11
10 11 11
11 11 11
11 11 11
8 4 -20
11 8 -20
11 11 -4
75 108 43
140 140 75
140 75 108
75 11 11
11 43 11
11 11 -20
60 11 11
11 11 11
11 11 10
11 11 11
-213 11 11
11 11 11
10 11 4
4 -4 -20
68 11 11
91 72 90
74 75 91
75 68 43
72 43 11
68 11 11
11 11 60
11 11 11
8 11 11
-20 11 11
11 4 11
11 -4 8
8 11 11
8 -4 -20
11 8 -20
11 4 4
11 11 11
43 43 60
43 51 72
83 91 72
75 75 75
11 91 75
68 75 140
68 75 19
11 11 68
60 11 72
75 60 75
91 60 74
72 11 -213
75 74 75
75 108 108
140 140 155
91 75 91
11 75 91
75 75 140
140 140 140
140 140 155
83 91 140
60 43 83
11 11 75
11 11 72
44 11 75
43 11 75
11 11 75
11 8 11
-17 -20 11
-17 -17 4
11 -20 8
11 4 8
11 11 74
60 43 72
43 43 83
68 11 43
-213 11 43
60 11 75
43 11 43
11 11 11
4 11 4
-38 -20 -52
-45 -52 -52
-52 -52 -92
-52 -52 -52
-17 -20 -52
11 60 11
74 72 60
91 91 140
140 91 91
75 140 140
75 91 91
91 140 140
12 140 140
75 83 143
74 72 140
43 72 75
11 11 11
11 11 68
60 11 51
-213 11 60
11 11 60
11 11 4
11 10 11
43 11 11
11 11 11
11 51 68
11 11 11
8 11 10
11 11 72
43 11 11
60 11 72
11 11 11
11 8 -4
8 8 -4
4 -4 8
4 43 11
8 11 4
-4 -4 -4
-20 -45 -45
-20 -45 -49
11 11 11
11 10 11
11 60 11
4 -4 -49
-4 11 -17
11 4 11
11 60 11
72 72 60
43 75 11
75 72 43
11 72 11
11 11 8
11 -17 -4
11 11 11
72 43 11
51 68 68
60 60 60
74 91 84
75 72 140
68 91 91
74 75 75
75 43 91
72 72 91
75 91 140
72 74 91
44 75 60
-213 11 43
11 -20 -20
4 4 4
-4 4 11
-20 -4 -4
-4 8 4
11 11 11
11 11 43
51 11 11
11 11 11
11 11 8
11 11 43
11 51 68
11 11 11
11 11 11
11 10 -20
-4 4 4
4 -20 -45
4 -4 -4
-17 -20 -4
-45 -20 -52
-20 -20 -4
11 -17 -52
-4 8 -19
8 11 -19
11 11 11
75 68 68
68 11 11
60 60 11
51 43 11
43 60 68
68 74 72
68 83 91
72 75 11
43 60 60
68 11 11
11 11 11
11 11 11
11 11 -4
11 51 11
43 11 11
75 60 72
75 75 91
140 83 140
83 82 60
68 75 140
171 147 143
140 75 140
75 108 140
43 -213 11
11 -4 8
-20 -4 11
-4 -4 8
4 -20 -4
-20 -45 -20
4 8 11
11 8 11
4 -4 4
-4 8 11
11 11 -19
11 11 4
11 11 11
11 11 11
11 11 11
11 4 -4
11 11 11
11 43 11
43 11 11
11 11 -4
11 11 11
8 11 11
11 11 8
11 11 4
11 11 -213
-213 43 11
72 68 43
83 74 74
68 60 43
11 43 -213
68 60 75
72 75 60
60 11 68
11 43 11
-213 43 11
83 11 43
11 11 11
11 11 68
43 11 11
11 11 11
68 51 72
75 72 68
74 72 74
68 11 74
75 43 74
75 68 72
75 75 91
74 83 140
72 11 51
11 11 -213
10 11 11
11 11 11
11 -20 4
-20 -20 -45
-20 -20 -51
-38 -45 -52
-20 -51 -45
-20 11 -4
4 8 -20
11 11 11
11 68 11
11 11 11
11 68 51
11 60 11
11 11 11
11 60 43
11 11 10
11 11 11
11 8 4
11 11 11
8 4 -17
11 4 -19
11 4 10
11 10 10
11 11 4
43 60 43
43 43 11
11 68 11
11 -213 4
74 60 11
75 11 43
60 44 60
11 11 10
11 11 11
72 11 -213
75 72 43
11 72 43
43 68 51
68 11 11
75 68 75
72 75 74
75 83 75
68 60 72
75 75 75
11 -213 43
11 51 72
11 10 11
11 4 11
-17 -17 -20
-20 -20 -45
-20 -20 -20
-19 -20 -52
-4 8 -20
4 -4 -20
8 4 4
11 11 -4
11 11 -4
60 68 11
74 72 60
75 75 74
68 68 75
51 68 11
11 43 11
43 68 72
11 11 11
11 11 11
11 11 8
60 11 11
51 60 68
11 11 11
11 11 11
11 11 11
11 11 11
43 43 11
60 68 75
75 19 75
75 72 140
43 11 11
68 74 91
74 72 72
68 68 91
68 91 75
68 75 91
91 140 140
83 72 140
43 68 91
11 11 11
11 11 43
72 68 68
72 68 140
11 11 43
11 11 11
11 11 11
11 11 60
11 11 11
4 11 43
11 4 8
11 8 8
11 11 11
11 11 11
11 43 11
4 11 11
11 4 4
10 10 -4
11 11 8
11 11 60
11 11 11
11 11 11
11 11 60
43 51 68
43 51 74
60 68 68
68 43 11
43 11 72
43 11 43
10 11 11
4 11 11
8 4 11
11 11 11
8 8 4
-4 -17 -20
4 4 -20
11 11 11
11 11 11
11 11 11
43 43 43
72 11 11
74 75 90
140 75 140
140 91 140
91 140 140
75 91 140
68 75 140
68 75 75
43 43 74
11 11 51
10 11 11
4 10 11
11 8 11
11 8 11
4 -4 11
-20 -20 -49
-20 -20 -20
4 -19 -19
11 11 10
11 11 11
10 11 8
11 11 4
10 11 11
11 11 11
11 11 4
11 11 11
60 11 11
11 11 11
43 51 11
11 11 51
60 11 11
11 11 43
11 11 43
-4 8 4
-4 4 -4
11 -4 -19
11 11 11
68 11 11
11 11 11
11 11 4
11 11 4
11 11 11
43 11 43
72 68 60
74 74 72
43 51 68
11 43 75
75 74 75
83 74 75
74 83 75
60 68 75
43 60 60
75 68 91
72 60 90
11 11 11
11 11 68
60 11 11
60 43 68
11 11 68
11 -213 60
11 11 43
11 11 68
11 4 4
-4 4 10
11 11 11
11 10 -4
8 11 11
11 11 43
11 -213 11
11 11 60
11 11 11
10 11 8
11 10 -4
8 8 -4
11 4 4
11 -4 -20
8 11 11
11 10 11
11 11 4
11 8 -4
4 11 -17
-4 11 -20
11 11 11
60 74 11
83 72 75
75 75 75
74 72 43
68 75 74
68 43 43
60 11 68
11 60 60
68 72 68
75 75 60
72 11 11
11 11 11
11 43 11
11 11 11
11 43 51
11 11 11
11 11 43
43 11 11
11 11 11
11 51 68
11 11 43
11 11 11
10 11 8
11 11 11
11 11 11
11 11 10
8 10 11
11 11 11
11 11 -4
11 11 11
11 11 10
11 11 11
11 11 8
8 11 4
11 8 4
11 11 11
11 11 -4
11 11 11
11 8 4
8 -4 8
11 4 -4
-20 -4 -20
-4 10 -19
11 4 -20
4 4 -49
11 4 -45
11 43 11
72 74 60
12 140 91
140 140 100
140 91 91
60 75 60
60 72 68
43 68 43
60 91 91
75 43 60
11 11 11
11 11 10
11 11 60
68 51 75
72 11 72
10 11 11
8 11 11
11 11 51
43 4 60
11 43 68
11 11 11
11 11 11
11 11 60
72 43 68
72 43 91
75 91 140
75 60 60
60 11 11
11 11 11
11 11 11
11 11 11
4 -19 4
-20 4 -20
-38 -52 -52
-20 -4 -45
11 -20 -4
8 -4 -20
10 4 -4
11 11 11
11 11 8
11 11 11
11 68 11
11 43 11
60 60 43
11 11 68
11 11 11
11 -20 4
-213 68 -213
74 11 43
43 51 11
68 60 72
68 72 75
74 51 68
68 75 75
74 75 140
74 68 72
43 60 68
43 11 43
11 72 75
11 11 72
43 83 75
60 91 75
60 60 90
51 11 140
11 51 60
8 11 11
11 11 11
11 11 72
11 60 51
11 11 60
43 11 11
11 11 8
11 10 11
11 11 11
-4 4 -19
8 -4 8
11 8 11
11 11 11
11 11 -4
4 11 8
11 4 11
11 11 8
11 11 11
11 11 11
60 11 11
51 11 11
11 11 11
11 8 11
11 11 11
43 11 51
68 11 43
11 11 11
4 11 -4
11 11 11
11 11 -4
43 43 11
11 11 11
-213 11 60
11 11 11
11 11 11
11 11 11
43 72 91
83 91 75
83 72 72
74 75 75
68 60 68
72 83 72
75 75 140
60 74 75
11 11 11
11 11 43
11 11 11
11 11 11
11 11 11
11 11 11
8 4 11
10 -4 10
11 -4 11
4 8 11
11 11 11
11 11 8
11 11 11
11 11 11
68 11 60
11 11 43
11 43 60
43 68 11
60 11 11
43 43 11
11 11 60
11 11 8
-4 -4 -4
8 4 -4
11 11 4
11 4 -4
11 11 11
11 11 4
43 11 4
11 43 60
11 11 11
11 11 11
11 11 11
43 11 11
75 11 11
11 51 11
11 11 11
74 11 11
75 68 74
60 75 75
72 75 75
75 74 75
51 60 60
11 43 43
43 11 43
51 60 72
60 60 43
43 11 11
11 60 51
11 11 11
11 11 60
11 60 72
11 60 68
11 11 11
11 11 10
11 43 72
11 8 11
11 11 4
11 11 11
11 11 11
11 11 11
11 11 60
11 11 11
11 11 68
11 11 11
11 11 11
4 11 10
10 11 8
11 11 11
11 11 11
11 11 11
11 11 11
11 4 -4
11 10 8
11 8 11
11 11 11
11 11 11
11 11 11
11 11 11
43 11 11
74 72 72
72 72 68
43 72 11
11 11 11
43 11 43
43 11 11
11 11 43
11 43 60
72 72 75
75 75 60
68 74 75
11 68 68
60 60 43
11 11 11
11 11 11
11 11 11
11 11 11
11 11 68
11 11 60
10 11 11
8 4 10
8 4 -17
4 4 -4
8 -4 -17
11 11 11
68 60 68
72 43 43
43 11 11
11 11 11
11 11 43
43 11 60
68 43 60
11 43 43
11 51 11
51 11 43
75 60 91
60 11 60
11 11 11
11 11 4
10 -4 -20
11 11 11
-4 -17 -19
11 4 11
11 11 11
60 11 11
11 11 11
11 11 11
11 43 43
11 11 11
11 43 11
72 51 60
60 72 68
60 11 11
43 11 51
75 75 74
72 91 91
75 68 140
68 68 68
11 11 11
11 43 43
11 11 10
11 11 11
8 8 11
-4 4 4
11 8 10
11 11 11
11 11 43
11 11 11
11 11 11
11 68 11
43 68 11
11 11 11
4 10 4
10 10 -4
8 11 8
11 8 -4
-4 -4 4
11 4 -4
4 4 11
8 11 -4
10 11 11
11 11 11
43 11 11
11 11 8
11 11 4
11 11 8
11 11 11
-213 72 51
75 75 83
60 43 11
11 43 11
11 11 11
60 43 11
68 11 68
43 60 68
74 11 43
11 11 11
11 11 11
11 11 11
11 11 11
11 11 43
11 11 11
11 11 11
11 11 11
11 11 8
11 11 11
72 60 11
11 11 4
11 11 11
11 11 -20
11 11 11
11 11 4
51 60 60
60 75 60
60 51 74
11 11 60
60 11 68
60 60 75
75 75 91
43 11 11
11 11 11
51 43 11
68 43 11
11 43 11
11 11 11
8 8 4
11 11 11
-17 8 -17
-4 -20 -20
4 4 -4
4 11 -19
11 11 10
8 11 -4
8 4 -20
11 11 -4
11 11 8
68 68 11
75 83 74
74 75 83
75 68 60
68 83 75
43 60 11
43 68 68
43 11 -213
11 11 11
164 4 10
-52 11 140
68 72 75
-20 8 43
4 140 72
43 -213 11
11 11 11
11 43 11
11 11 11
43 68 11
11 43 51
11 11 11
11 68 43
11 11 11
11 11 11
11 43 43
11 11 11
11 11 11
11 11 60
11 11 11
11 11 11
11 10 10
11 11 11
11 -4 11
8 8 8
11 11 10
11 11 43
43 11 43
11 43 60
11 11 11
11 43 11
11 11 11
43 11 11
4 11 11
11 11 11
8 11 11
43 11 11
51 11 11
68 43 11
72 11 11
68 11 43
11 11 11
11 11 11
-4 11 11
-4 11 11
8 11 11
11 43 11
204 43 11
74 140 140
140 91 83
140 60 75
75 74 91
11 11 11
11 11 11
-20 -19 -4
-117 -52 -51
91 -20 -120
-4 8 10
140 83 68
10 -4 11
75 91 75
11 11 11
68 75 72
11 11 11
43 60 43
11 43 11
11 11 11
4 11 11
-20 10 4
140 74 68
11 11 11
75 140 72
68 11 11
68 72 74
60 11 51
11 43 43
11 11 11
11 8 11
-17 10 10
-52 -45 -38
140 140 72
11 -20 8
11 75 43
60 8 4
60 72 68
43 11 11
72 75 68
11 11 11
-213 43 11
11 11 11
-4 11 11
-4 -4 -4
140 140 75
11 4 4
140 140 75
75 11 11
72 75 75
72 68 60
60 60 75
43 60 68
11 11 43
8 11 11
-20 -19 4
4 -20 -20
60 140 140
68 8 10
11 43 60
72 11 8
11 11 11
43 11 11
43 11 11
11 11 11
11 11 43
4 11 11
-20 8 11
-4 -17 -4
140 91 140
11 4 11
75 83 60
51 11 68
68 -213 43
11 60 60
11 11 11
11 -213 43
11 11 11
-4 10 11
-20 -17 -4
60 -17 -45
8 75 12
11 8 8
43 60 43
-213 11 11
43 11 11
43 60 72
60 43 11
43 68 72
11 11 11
8 11 11
-4 11 11
11 11 8
140 60 60
11 11 60
83 68 60
11 43 72
74 11 11
11 60 72
60 11 11
11 11 11
11 11 11
8 8 10
-20 4 8
-20 -20 -17
108 11 11
10 11 72
68 11 11
11 11 11
11 11 11
-213 43 68
68 43 51
11 43 11
11 11 11
10 11 11
4 11 11
4 11 4
75 11 11
75 140 140
68 43 43
51 68 51
68 68 72
43 11 11
11 60 72
11 11 11
11 11 11
4 -4 10
-20 -20 -4
-20 -20 -20
74 11 8
51 75 90
11 11 11
-213 11 11
43 11 11
11 11 11
11 11 43
11 11 11
11 11 11
8 4 4
4 11 10
8 8 8
8 11 8
75 11 11
75 91 140
43 60 60
72 60 43
60 60 60
-213 11 11
11 -213 43
11 11 11
11 11 11
-17 -17 -4
-19 -4 -4
11 4 -17
75 72 74
11 43 68
43 11 11
68 60 11
11 43 43
11 60 11
60 68 72
19 68 68
11 11 11
4 11 11
-4 4 8
10 11 11
12 43 11
74 83 140
11 11 11
43 11 11
43 11 11
11 11 11
11 11 11
11 11 11
11 11 11
-4 -17 -4
-20 -17 -4
-4 4 -20
91 60 11
43 75 75
11 43 43
68 60 11
60 60 60
11 11 11
60 60 60
43 43 60
11 11 11
-17 8 4
-20 -4 4
-4 -4 -4
140 11 11
68 83 140
11 11 11
11 11 8
43 11 11
11 11 11
11 11 11
11 11 11
11 11 11
-17 -20 -20
-49 -20 -20
11 4 -20
140 108 83
11 60 74
43 11 11
90 74 68
60 60 68
51 68 60
75 74 74
68 51 68
11 11 11
8 11 11
-20 4 4
11 11 10
140 75 74
11 68 75
11 10 4
43 11 10
11 11 11
11 11 11
11 11 11
11 11 11
8 8 8
-20 -19 -20
-20 -20 -20
8 4 -20
140 68 11
11 75 91
43 11 11
74 68 11
11 43 11
43 60 11
60 60 72
51 11 -213
11 11 11
4 10 11
-4 4 4
8 4 -4
140 43 11
51 108 140
43 11 11
60 11 11
11 11 11
-213 11 11
-213 11 51
11 11 11
11 11 11
-4 4 -4
-20 -4 -4
11 10 4
140 75 68
11 43 72
74 60 43
51 68 72
11 11 11
43 72 43
74 51 75
11 43 11
11 11 60
4 11 11
-20 -19 -4
8 -4 -4
140 75 60
11 43 68
74 44 43
11 11 51
43 11 11
11 11 11
60 11 60
11 11 11
11 11 11
-4 4 8
-49 -20 -20
-19 -20 -20
91 140 84
11 11 11
60 51 11
43 11 11
-213 11 11
11 11 43
43 43 11
11 43 51
11 11 11
-20 4 -4
-45 4 -4
83 11 8
140 140 143
74 60 43
43 68 11
51 43 11
11 11 11
11 11 43
11 11 11
11 11 11
8 11 11
-49 -20 -20
-49 -20 -20
140 75 72
11 68 72
72 72 11
60 60 74
68 11 11
11 -213 11
60 43 60
43 11 51
11 11 11
-20 -4 -4
-52 -20 -45
91 11 -4
75 140 147
68 75 68
60 11 11
60 11 11
11 11 11
68 51 74
51 11 11
11 43 43
8 11 10
-49 -20 -20
-19 -20 -45
83 75 75
-213 11 60
11 11 11
60 51 11
60 11 11
60 11 51
60 43 60
51 68 74
11 11 11
-17 8 8
-20 4 -4
11 8 -4
140 75 68
75 75 140
72 60 60
72 -213 60
11 11 11
11 11 11
11 11 11
11 11 43
11 11 11
-37 -20 -17
-52 -49 -45
74 11 11
68 72 75
68 75 74
75 74 68
68 68 68
68 60 68
68 68 74
60 60 72
11 43 43
-4 8 4
-37 -20 -4
-20 -20 -20
11 11 11
60 43 51
60 60 11
74 68 60
68 11 43
11 11 11
60 72 72
68 72 75
43 68 72
10 11 11
-20 -4 4
10 4 4
11 11 11
75 60 72
60 60 68
43 11 11
11 11 11
11 11 11
11 11 11
11 11 11
11 11 11
8 11 4
-20 -20 -20
-4 8 -20
51 43 11
75 74 72
75 75 91
75 75 75
75 75 72
51 60 68
11 43 60
43 11 74
43 60 75
11 43 -213
-20 -17 8
-17 -20 -20
11 10 11
60 60 68
60 60 72
43 11 11
11 11 -213
11 11 11
11 11 11
11 11 11
11 11 11
11 11 11
8 11 4
11 10 4
43 43 11
60 44 72
68 51 68
72 43 68
60 43 43
11 11 11
11 11 11
11 11 43
11 11 51
11 11 11
4 -4 10
10 -4 -4
11 11 11
11 11 11
60 43 43
11 60 11
11 11 11
11 11 11
11 11 11
51 11 43
43 74 43
11 11 11
11 11 11
11 10 11
11 11 11
60 60 43
43 72 60
43 60 74
11 11 11
11 11 11
11 11 11
11 11 11
11 11 60
11 11 11
11 11 11
11 11 11
11 11 11
51 43 11
43 60 60
68 60 72
11 43 43
11 11 11
11 11 11
43 43 60
60 51 60
43 51 68
11 11 11
11 11 11
11 11 11
11 11 11
43 11 43
11 11 11
11 11 10
11 11 11
11 8 11
11 11 11
11 11 11
11 11 11
11 11 11
11 11 11
11 11 11
11 11 11
43 11 43
43 -213 43
68 60 51
43 11 51
11 11 11
11 11 11
11 11 11
11 60 43
11 11 11
11 11 11
11 11 11
43 11 51
43 68 68
43 72 43
43 60 43
11 11 11
11 11 11
11 43 11
11 11 11
11 11 11
11 11 11
11 11 11
11 11 11
11 11 11
11 11 43
43 43 60
60 60 60
43 43 60
11 11 11
11 11 11
11 11 11
60 11 68
11 11 11
11 11 11
11 11 11
11 11 11
11 11 11
11 11 11
11 11 11
11 10 11
11 11 11
11 11 11
11 11 11
11 11 11
11 11 11
10 11 11
11 11 11
11 11 10
11 11 11
11 11 11
11 11 11
43 11 11
11 11 11
11 11 10
11 11 11
11 11 11
11 43 11
11 43 60
43 -213 11
-213 60 43
72 68 72
74 75 75
72 75 75
72 75 75
11 43 11
43 11 11
51 43 60
74 68 72
11 11 11
11 8 11
11 11 11
11 11 11
11 8 11
10 8 11
11 11 11
11 11 11
11 11 11
43 11 11
43 -213 68
51 11 11
43 72 72
43 60 51
11 11 11
11 11 43
11 11 51
11 11 43
11 11 11
11 11 8
11 -17 4
11 11 8
11 11 10
11 11 8
11 11 11
11 11 11
11 11 -4
11 11 11
11 11 11
43 11 11
11 11 11
11 11 8
11 11 11
11 11 11
11 11 11
11 11 11
11 11 4
11 43 11
51 60 11
60 60 51
43 60 72
43 60 43
60 72 60
11 60 43
60 68 60
72 72 74
68 60 72
60 43 60
11 43 68
11 11 11
11 10 11
11 -213 43
11 11 11
11 11 43
11 4 4
10 11 11
11 4 4
10 -4 8
4 -17 8
11 4 4
4 11 -4
11 11 11
43 11 11
43 11 43
11 43 11
43 43 11
43 11 60
68 60 11
68 11 43
43 68 60
43 11 11
-213 11 11
11 11 10
11 11 11
11 8 -4
8 11 8
11 11 8
11 8 8
11 11 10
11 11 11
11 11 8
4 8 11
11 11 10
60 11 11
43 43 43
43 43 60
43 43 60
72 60 60
68 51 51
60 60 11
75 72 68
68 68 68
60 60 74
75 60 75
68 72 91
11 60 68
43 11 11
60 60 51
43 43 72
60 43 91
11 11 43
11 60 11
11 11 11
11 11 43
11 8 11
11 11 11
11 11 11
11 11 11
11 11 11
11 11 11
11 11 11
11 11 11
11 11 11
11 11 68
11 43 11
11 11 60
11 11 51
43 11 11
43 11 60
11 11 68
11 11 11
11 11 11
11 8 -4
4 4 11
8 11 11
11 11 10
8 -17 -20
-4 -20 -45
11 4 4
11 11 -4
11 11 8
11 11 11
11 -4 -4
43 11 11
43 60 11
68 75 60
72 75 68
68 75 68
74 83 91
74 72 60
72 68 75
60 43 68
11 11 11
11 11 11
11 11 43
11 11 11
43 11 11
11 11 11
51 11 11
43 60 11
11 11 51
43 11 11
11 43 43
11 11 11
11 11 43
11 11 11
11 4 11
11 11 11
11 11 11
51 43 43
60 68 72
11 11 11
11 11 11
11 4 11
11 4 11
11 11 4
11 11 11
11 11 11
11 11 11
11 11 11
11 11 8
11 11 11
11 -213 43
60 60 43
60 60 11
60 11 43
11 10 11
11 11 11
11 11 11
43 11 11
11 4 11
10 11 11
11 10 11
11 11 11
68 60 11
60 68 75
11 51 11
68 68 72
60 74 75
43 43 43
11 51 11
60 60 60
43 60 72
51 51 60
60 43 60
11 43 60
51 11 75
11 11 43
43 11 68
60 60 75
11 11 11
11 11 11
11 11 11
11 4 10
11 11 11
11 11 11
11 11 11
11 11 10
11 11 11
11 11 11
11 11 11
11 11 11
11 11 11
11 11 11
11 43 11
11 11 60
-213 43 11
11 43 11
11 11 11
11 11 11
11 11 11
11 10 11
11 11 11
11 11 11
11 11 -4
11 -4 8
-20 -19 -20
8 -4 8
11 4 4
11 11 11
11 11 11
11 11 11
11 11 4
11 11 43
72 68 -213
43 11 11
11 43 68
68 11 60
68 43 51
72 75 72
60 11 43
11 11 43
68 75 60
43 -213 11
74 43 43
11 11 11
11 11 11
11 11 11
11 11 11
10 -4 8
-4 11 10
11 -4 10
11 11 10
11 11 11
11 -213 11
11 11 11
43 11 11
43 11 11
43 11 11
60 60 11
60 43 11
11 60 11
11 11 60
68 72 91
43 60 43
11 43 19
11 11 8
11 11 11
11 11 8
11 11 11
11 -213 43
11 60 11
11 -4 4
-4 11 4
11 11 11
10 11 -19
11 11 11
11 11 11
74 43 11
43 11 68
11 11 68
11 11 11
11 43 75
72 11 68
60 75 43
75 68 72
68 75 68
11 11 60
11 11 75
72 74 75
51 11 11
43 51 74
11 11 72
-213 11 43
11 11 11
43 11 43
11 11 11
11 11 11
11 10 11
8 11 10
11 4 8
11 11 11
11 10 11
11 11 11
68 68 72
11 11 4
11 11 11
11 11 60
68 60 140
11 11 60
11 11 11
68 11 43
11 43 11
11 4 10
11 11 11
11 11 11
11 11 4
11 11 11
11 11 11
11 11 11
11 11 11
4 -20 -4
4 -4 -19
4 11 11
11 11 11
11 10 4
11 11 -4
11 11 11
11 11 51
11 60 43
43 75 11
11 11 -4
43 68 11
75 91 140
75 74 72
60 75 68
11 72 68
72 11 11
11 68 11
11 68 11
11 43 11
11 11 11
11 11 43
11 -4 4
11 11 10
11 -19 -4
4 11 11
11 11 11
11 11 11
68 43 43
11 11 11
11 11 11
51 43 11
43 43 11
11 68 11
72 60 68
75 19 72
75 74 75
75 91 108
68 60 68
11 11 11
11 11 11
75 60 75
75 11 60
11 10 11
-20 11 -4
10 -4 -4
11 11 11
68 11 11
43 11 11
11 11 11
11 8 11
11 11 8
11 11 11
11 11 11
11 4 11
10 11 -4
11 11 11
11 11 60
11 51 11
11 11 11
11 51 11
11 43 11
60 68 60
43 11 72
11 11 11
11 11 11
11 90 75
60 11 11
11 43 60
43 11 51
11 11 60
60 43 60
43 60 68
11 11 11
4 4 -4
4 11 4
11 4 11
11 11 11
8 11 11
11 10 8
11 11 11
11 -20 -4
11 11 11
11 11 11
4 11 10
43 8 43
74 68 60
11 11 -17
10 11 43
11 11 4
43 11 10
11 11 11
11 43 68
51 11 60
72 11 10
68 60 72
72 72 108
68 51 72
11 11 72
11 11 11
11 -4 -17
11 11 43
11 11 11
11 11 11
11 8 -20
11 11 11
11 4 -4
43 11 11
11 11 11
43 11 -213
11 -213 11
11 11 11
11 11 11
11 43 11
11 43 43
11 72 11
75 72 83
75 75 74
68 72 51
60 51 68
11 11 11
11 68 51
60 11 74
11 8 11
8 -20 -4
-20 -20 -20
11 -4 -20
11 11 11
11 11 11
11 -4 -19
11 11 -4
43 11 11
60 51 11
11 11 11
11 43 11
11 11 11
11 11 11
11 43 11
43 60 11
68 68 68
51 11 11
11 11 11
11 -4 -4
11 11 60
11 -4 -4
11 10 11
11 11 11
60 60 43
11 11 11
11 11 8
11 11 11
11 43 11
11 11 11
11 43 68
11 11 11
11 11 11
11 11 74
43 43 11
74 11 11
43 60 11
75 75 83
75 72 75
75 74 75
60 68 60
68 60 72
43 11 68
11 11 11
11 -4 10
11 43 11
68 72 72
43 11 43
11 11 8
10 11 10
11 4 -20
11 11 11
11 11 11
11 11 68
11 11 8
11 11 11
-20 10 -4
11 8 -20
11 11 8
11 11 11
11 10 -4
11 8 8
11 60 11
72 75 75
74 60 74
11 43 68
11 11 11
11 60 11
11 11 11
11 11 4
11 11 11
11 11 11
11 11 11
11 11 11
11 11 -4
43 11 8
11 11 43
11 11 11
11 11 11
11 11 60
11 43 11
60 11 11
-213 68 60
11 68 11
60 68 11
74 60 75
60 11 11
11 60 11
72 83 91
11 75 51
11 43 11
8 11 11
11 11 11
11 11 11
60 11 43
11 11 11
11 11 43
11 8 11
60 11 11
11 11 11
11 11 11
11 11 8
11 11 -213
11 11 11
83 11 60
11 43 43
11 11 11
11 11 4
43 11 75
51 11 75
11 11 11
11 11 11
11 8 -4
8 10 11
43 11 11
43 10 11
8 -20 -4
11 -4 -20
11 11 11
43 11 11
68 11 75
11 11 11
11 11 8
11 11 8
11 60 51
11 11 11
43 68 43
60 43 51
68 43 72
43 68 68
68 60 11
11 51 72
75 68 75
91 68 68
68 68 72
11 68 11
74 72 91
72 68 68
68 60 91
60 43 72
60 11 11
11 11 68
43 68 100
74 11 43
60 68 51
19 11 11
11 4 4
-20 11 11
11 11 11
43 11 11
11 10 8
11 -4 11
11 -17 11
-4 4 -4
11 4 11
11 11 8
11 11 60
8 11 11
11 11 11
43 68 75
11 11 11
11 11 8
11 11 43
11 11 11
11 4 11
8 4 -4
11 8 11
11 11 11
43 11 11
11 11 72
11 75 11
11 11 140
11 10 11
11 43 11
11 11 11
11 10 10
11 11 60
11 -4 11
11 72 10
68 11 75
43 10 11
140 68 91
11 11 -19
11 68 11
11 11 75
51 68 11
11 11 74
60 75 68
11 11 11
60 75 74
60 43 75
72 11 74
43 60 43
60 68 11
75 51 83
51 11 75
11 4 60
-213 11 11
11 10 68
10 43 68
11 11 11
11 -20 -45
11 -4 8
10 -19 -19
11 11 11
11 11 11
8 8 -4
11 -4 -20
43 11 72
75 60 91
11 43 11
11 11 11
60 43 11
11 11 11
68 8 72
11 11 11
11 8 11
11 11 11
11 4 -4
11 8 10
4 11 11
11 11 11
11 10 11
11 11 4
11 11 11
51 11 10
8 11 11
11 11 43
11 -19 11
-213 72 11
11 8 75
11 43 11
68 43 75
75 75 83
75 43 75
75 75 72
12 60 140
74 75 75
75 72 68
60 75 140
11 11 11
11 11 11
11 51 60
11 10 11
11 11 60
8 11 11
-20 -4 -20
-20 -20 -20
11 11 10
11 4 4
11 11 8
10 11 8
60 10 43
11 72 68
75 43 11
60 11 90
11 11 11
43 68 43
11 68 72
11 11 11
11 68 75
-213 11 75
11 11 75
60 60 75
11 11 11
43 -4 11
11 11 11
11 -17 -4
4 11 -4
-20 -20 -4
-49 -49 -52
-4 -20 -20
11 72 4
11 11 -20
11 72 11
11 140 4
11 43 -20
11 75 11
91 74 11
11 11 11
-4 75 -17
11 11 4
11 140 11
43 43 11
11 75 43
11 -20 4
43 11 -20
-17 11 4
11 11 43
11 -213 11
108 75 140
72 11 11
68 51 68
11 10 8
43 11 11
11 11 11
8 11 11
-213 83 72
11 11 11
11 11 -20
11 11 -4
11 11 -45
10 11 4
51 43 -17
10 11 -20
11 11 75
11 8 10
43 43 11
11 11 11
8 8 11
68 68 -213
91 72 75
11 60 60
11 68 91
68 43 51
11 75 72
4 11 -4
-4 -4 8
8 4 4
4 -20 -20
11 11 -4
10 4 11
11 43 11
11 11 11
11 11 -20
10 60 11
11 51 43
91 91 68
60 91 140
11 51 60
43 11 11
-213 11 11
43 11 74
68 51 11
68 72 83
68 74 91
11 11 4
43 11 11
11 11 8
11 11 -20
11 11 11
11 60 11
43 43 4
11 60 11
11 60 75
11 11 11
60 11 11
43 11 11
11 -4 -20
11 -20 11
11 11 4
11 11 11
72 4 11
8 11 4
4 11 11
68 11 11
11 43 -4
11 11 68
60 51 11
11 11 -4
11 43 72
11 11 -20
-4 -20 -20
-17 -4 -20
11 -4 4
10 11 -4
68 43 11
11 11 11
11 43 11
11 11 11
43 75 75
68 68 75
11 60 43
60 60 60
72 60 68
60 11 11
11 11 11
43 75 11
68 68 11
75 60 60
68 43 60
74 51 75
60 68 68
60 11 11
10 4 -4
-20 -20 4
11 10 -20
11 -4 8
11 8 11
51 11 11
11 11 11
11 43 8
11 60 11
11 10 11
68 43 11
60 72 11
91 91 75
75 75 11
11 11 11
11 11 51
11 51 11
11 43 43
11 10 11
10 11 4
11 11 11
10 11 11
10 4 8
-4 8 11
11 11 4
11 4 11
11 11 11
11 43 11
68 72 72
11 43 11
11 11 8
11 11 11
11 72 11
75 68 68
-213 43 75
51 11 11
43 43 60
11 11 11
43 75 68
60 60 51
68 74 10
60 68 75
74 68 60
68 60 60
11 11 11
68 43 72
75 60 60
75 43 72
43 60 43
60 11 60
75 43 140
68 68 43
60 43 43
43 60 72
-213 11 75
11 11 11
11 4 4
-20 -4 10
11 8 10
-4 -20 -52
-4 -4 4
4 8 -17
43 11 11
11 11 -4
11 11 -4
68 60 74
68 43 43
11 43 43
43 11 11
11 43 11
43 11 -213
11 11 10
74 72 75
75 74 75
43 11 11
11 11 11
72 68 68
43 4 11
11 11 11
10 11 4
60 43 43
11 4 43
11 11 -4
11 11 11
11 11 11
60 43 11
11 74 68
68 83 140
75 75 140
60 11 11
43 11 8
43 11 75
72 11 43
68 51 51
11 11 11
43 43 68
68 11 75
11 11 51
11 60 75
11 72 43
11 -213 43
-213 8 11
43 -213 11
11 11 11
11 11 11
60 60 12
68 75 72
11 11 11
11 11 11
43 -17 -20
11 43 -213
8 -4 -4
11 11 11
4 11 -4
11 4 11
10 -4 8
-4 11 11
11 44 43
11 11 11
60 11 4
68 72 83
75 83 140
68 11 68
60 74 72
11 43 11
60 43 68
11 11 11
11 11 43
11 11 11
43 11 11
11 11 83
72 11 68
19 60 75
11 11 74
11 8 4
11 11 43
11 68 91
43 11 11
43 11 11
11 11 11
11 43 51
11 11 60
75 72 72
60 75 91
68 72 75
72 51 75
11 11 11
68 11 60
43 11 11
11 4 -4
11 8 10
11 43 72
11 11 11
-4 -19 11
11 11 11
11 11 11
11 8 11
8 -4 -20
-4 4 4
-4 8 -20
11 -20 4
11 11 11
11 11 11
-4 10 4
11 11 11
11 11 -20
11 43 11
11 11 11
11 -213 60
68 11 43
72 72 60
51 51 140
11 -213 43
68 75 74
60 43 51
11 11 11
43 11 60
11 11 11
4 8 11
11 11 11
11 51 11
43 60 68
43 8 11
11 4 11
11 11 11
75 43 11
11 11 83
11 11 11
8 -4 -4
11 11 -4
11 11 43
43 60 60
60 68 72
11 60 51
51 68 43
68 74 68
75 43 91
11 11 11
11 11 11
11 11 11
11 11 10
11 11 72
11 11 11
-20 -20 -20
4 11 -17
10 11 -20
11 11 11
11 72 51
11 11 68
11 4 11
-20 -46 -49
-20 -49 -88
10 11 4
43 60 11
75 83 74
75 75 75
60 75 68
11 11 -20
11 11 11
60 43 11
43 11 68
43 11 11
11 11 -4
11 11 11
43 11 11
11 11 43
8 8 -4
11 11 11
11 43 11
43 11 11
43 51 43
60 43 72
51 74 11
43 75 43
60 11 43
72 43 60
51 60 60
74 43 11
11 68 74
11 11 11
11 11 11
11 10 11
-17 -17 -20
11 11 11
11 11 10
60 75 75
11 11 11
11 4 8
11 11 11
11 8 -4
43 43 11
11 11 11
11 11 8
11 11 11
11 60 68
11 11 11
11 8 11
8 -17 -19
11 11 8
11 11 8
11 10 -4
11 60 11
43 11 11
11 60 43
11 11 11
11 11 11
72 11 43
75 75 72
75 75 72
68 90 74
60 11 11
11 11 60
-4 -17 -45
4 8 -17
11 11 11
11 11 -17
11 43 11
11 60 11
43 43 11
51 11 60
11 60 43
60 68 68
68 11 68
72 75 74
75 72 91
72 75 75
91 108 90
60 11 8
11 11 11
11 11 11
11 11 11
11 11 43
-4 11 4
10 8 11
10 8 11
-4 8 -4
-4 4 -4
11 4 10
11 11 8
68 43 11
68 83 72
51 11 19
11 60 11
8 11 4
10 4 11
11 11 11
60 43 43
43 11 51
11 11 11
11 11 8
11 11 11
11 11 11
43 11 -4
11 11 4
11 8 8
11 11 11
11 43 68
11 68 60
43 11 43
11 4 8
11 11 -4
60 75 74
11 43 11
11 68 43
11 68 11
68 43 43
51 11 75
11 11 4
11 11 11
11 11 11
68 51 43
72 72 43
11 75 75
43 60 11
11 11 11
11 11 -213
11 60 43
11 43 11
11 43 11
60 72 75
43 11 60
11 -213 43
11 10 11
11 11 10
11 11 11
19 11 43
60 11 11
11 11 43
11 11 11
11 11 11
11 8 11
11 11 11
11 4 11
11 11 8
43 11 11
43 68 68
11 11 4
11 11 4
10 -20 -4
-17 4 8
11 11 11
68 51 11
68 11 11
11 11 11
11 11 60
75 11 60
68 43 11
11 51 11
11 43 11
11 43 11
72 108 140
51 75 74
11 11 11
11 11 11
11 11 11
11 11 11
11 11 11
11 11 11
60 43 72
11 60 11
11 11 11
68 11 11
11 11 11
68 72 91
140 75 75
140 90 140
11 51 140
11 11 11
11 11 72
11 11 11
11 11 60
11 11 11
43 11 11
11 11 75
11 11 11
11 11 11
11 11 60
11 -17 -20
11 8 11
11 11 11
68 11 51
11 43 74
-4 -4 -20
11 -20 -4
11 11 11
43 11 11
68 60 11
60 43 11
75 75 91
11 11 11
11 11 11
11 11 60
11 -4 8
11 11 11
11 11 11
60 11 11
11 43 43
11 11 43
11 11 43
72 60 68
11 43 43
43 11 72
68 68 43
74 43 19
75 83 140
11 43 11
11 11 43
11 11 11
11 4 11
-213 68 75
68 60 68
11 11 43
11 11 11
11 11 11
11 -4 11
-4 -4 -19
4 10 11
43 11 43
72 43 11
43 43 43
43 75 75
11 11 11
11 8 11
-20 -20 -20
11 60 11
75 60 60
11 11 11
11 43 68
11 60 11
43 68 68
11 11 74
10 4 -45
11 8 4
11 11 -17
8 11 11
11 11 11
11 11 11
11 4 11
11 8 10
11 11 11
11 60 11
91 72 75
43 83 60
75 140 140
11 11 60
11 68 75
68 -213 72
11 11 4
60 11 72
72 68 68
75 75 75
72 75 108
43 11 11
11 8 43
11 -4 11
8 4 -4
11 11 11
11 4 10
11 11 11
11 11 11
-4 -17 -17
10 10 10
8 11 8
11 11 4
11 11 -19
43 68 43
60 68 68
82 75 72
68 11 11
11 -4 4
11 4 -17
11 43 72
51 72 91
11 11 43
11 11 -17
11 11 -20
-20 -20 -20
11 11 11
11 11 10
60 60 11
43 11 11
4 4 -19
11 8 8
11 11 60
11 11 11
11 11 68
11 11 -4
-4 8 -20
11 11 8
11 11 8
75 75 75
43 75 75
60 75 68
60 43 43
11 8 11
43 11 11
74 43 72
75 60 75
74 12 140
11 43 68
11 11 10
11 11 11
11 11 43
51 43 43
60 75 84
60 75 75
68 75 108
11 11 -213
11 -19 11
8 11 60
11 11 11
43 51 72
11 11 11
43 11 10
11 11 43
11 11 60
11 11 43
10 -20 -20
11 -19 -52
11 68 60
11 8 43
11 -4 43
-17 10 -52
11 11 -20
11 11 43
11 11 11
11 68 51
72 68 11
-213 8 -20
11 11 11
11 11 60
11 -4 11
4 -49 -52
4 60 -20
75 91 140
43 11 11
10 11 -20
11 11 11
11 11 43
11 11 11
10 10 -20
43 11 11
51 72 75
68 11 11
83 74 12
11 75 83
11 11 11
11 11 -4
11 11 -19
11 60 140
83 51 75
68 43 11
11 11 60
11 11 11
8 11 10
11 11 11
11 11 11
11 11 11
11 11 4
11 11 11
11 11 11
11 11 11
74 72 74
68 43 90
11 11 11
11 11 72
11 11 4
11 11 -4
43 51 11
75 11 11
11 11 11
4 4 -4
-4 -20 -38
11 11 11
11 75 11
83 -4 -20
68 168 143
140 -45 155
11 75 43
-38 91 -52
75 60 11
51 108 8
204 75 11
140 60 11
-20 11 -4
140 75 140
-17 8 -20
60 11 140
143 91 75
11 75 4
11 108 43
108 11 83
75 11 140
11 11 11
10 43 11
11 -20 -4
11 11 68
43 72 11
43 60 74
-17 11 4
11 11 51
4 11 4
11 11 -20
11 75 60
60 4 43
11 11 11
8 11 11
8 -4 11
11 43 11
-17 11 11
11 8 8
68 10 68
11 11 -4
11 11 43
11 11 11
11 11 -20
11 11 11
10 11 11
11 10 -19
11 11 8
11 10 -20
11 11 60
8 43 11
11 8 11
11 11 11
11 11 11
11 11 68
51 43 60
4 60 8
51 11 140
11 75 11
4 11 -19
43 11 72
11 11 11
72 74 43
72 82 75
19 72 75
75 72 12
68 75 75
60 68 60
60 60 74
11 60 11
11 11 11
11 68 60
75 11 43
11 11 68
11 11 11
4 -4 8
43 11 11
11 11 8
60 10 11
11 11 11
51 11 68
11 11 11
72 51 43
11 -213 8
43 11 60
11 11 11
11 43 11
43 11 72
11 11 11
43 60 74
4 11 8
-4 -20 -20
-4 -20 11
11 -4 11
11 8 -20
-4 8 -20
8 4 -20
11 11 11
8 -4 -20
11 11 11
43 11 72
60 11 11
10 10 -20
11 43 11
72 11 75
43 75 75
72 60 68
75 68 75
11 60 91
11 11 8
68 75 75
68 43 11
51 68 91
72 75 91
11 11 60
43 11 60
11 11 11
11 11 11
75 43 83
68 43 11
43 75 140
8 11 11
11 11 74
11 11 11
11 11 11
11 11 -17
11 11 68
68 11 43
11 43 60
11 11 11
60 4 11
10 11 8
11 11 11
11 11 4
11 11 11
11 11 11
43 60 91
11 43 11
-19 11 11
11 4 8
-20 -19 -20
11 11 11
11 11 -20
19 43 51
60 11 11
11 11 11
11 -4 -17
8 11 4
11 11 8
11 11 43
8 10 -19
11 60 11
60 60 68
11 11 11
43 11 11
11 11 11
68 11 68
51 11 11
60 51 11
74 68 74
83 75 140
68 43 68
11 11 11
8 11 11
60 11 11
68 60 68
75 68 75
90 74 75
51 75 140
11 11 43
8 11 11
11 11 11
11 11 68
72 60 72
11 11 11
11 11 11
-4 8 11
11 11 11
11 10 8
8 10 -4
11 11 4
11 11 11
11 11 4
75 51 68
11 11 8
-19 10 10
11 11 8
11 43 11
51 68 11
11 11 68
11 11 11
60 11 11
11 11 11
-4 -17 -49
4 4 10
4 -20 -20
43 4 -4
11 11 11
11 11 11
60 11 11
11 11 4
11 11 11
11 19 11
68 60 43
74 72 51
75 72 72
68 74 68
43 43 44
11 60 72
11 11 -213
43 43 11
11 11 11
75 60 74
72 60 75
68 74 90
11 11 68
11 11 11
11 43 75
11 8 11
8 11 4
11 75 19
140 11 140
74 140 72
43 43 68
11 11 60
11 11 11
75 11 83
-20 68 -20
-4 -20 4
10 8 43
11 -20 11
-4 60 4
8 -45 11
11 4 11
11 -4 11
10 4 -20
11 -20 72
10 11 10
72 11 43
11 11 -4
11 -45 8
11 72 11
11 11 8
75 11 11
43 68 75
43 83 11
11 11 68
72 11 11
11 60 11
11 -213 43
11 8 4
74 51 11
11 11 11
10 75 11
10 -20 -17
4 -4 -20
-4 -20 -51
11 11 11
43 11 11
43 11 4
43 11 11
11 60 -213
60 11 11
68 60 75
11 72 11
51 11 11
11 11 11
91 43 75
75 140 83
72 11 43
11 72 74
140 11 75
43 72 11
4 8 11
11 11 11
75 60 68
11 75 43
19 -20 11
-4 11 11
4 -4 -45
-4 11 11
11 8 8
8 11 11
43 72 74
11 11 11
-4 -20 11
11 68 11
43 11 11
11 11 43
43 11 11
11 11 -19
11 11 60
11 11 11
51 11 11
11 72 60
11 11 11
75 68 74
75 60 51
11 51 11
4 11 43
74 11 4
43 11 11
43 11 11
11 10 11
72 68 11
60 43 75
60 74 75
11 11 11
11 11 11
11 -4 4
11 60 8
68 51 75
60 75 43
11 11 11
11 11 11
43 68 72
72 11 11
-213 60 75
11 11 11
72 68 72
11 4 -20
11 43 140
11 11 11
11 11 11
11 11 11
11 11 11
75 68 11
75 68 91
11 43 43
11 68 11
75 11 60
11 11 11
60 11 60
11 11 11
11 11 4
-4 11 10
51 51 74
11 11 11
11 11 11
-20 -4 -45
11 11 11
4 11 -4
11 51 11
60 11 11
11 11 72
11 11 11
11 -4 8
11 11 11
11 43 68
68 72 75
11 11 11
11 11 43
43 11 11
10 11 60
11 11 10
11 4 11
11 11 51
11 60 72
11 11 11
11 60 11
11 11 11
11 11 43
43 11 11
8 11 8
11 11 11
68 68 68
74 72 68
74 74 75
11 51 72
11 11 11
11 11 43
11 11 4
-213 11 43
11 4 11
11 11 8
11 11 11
4 11 11
11 11 11
11 11 11
11 11 11
43 11 68
11 11 11
11 43 43
11 75 75
11 11 -4
11 11 11
68 43 60
68 60 60
60 11 68
11 11 43
43 43 68
11 11 -20
43 11 74
11 -213 8
4 11 8
10 -4 -49
8 10 11
11 8 4
11 11 60
11 11 68
11 11 11
11 11 11
68 60 72
68 68 75
91 68 43
43 68 60
11 60 75
11 11 11
60 43 11
60 51 43
11 11 11
60 11 11
60 43 11
11 -213 43
11 11 11
11 43 11
11 11 51
11 11 11
11 43 68
11 11 11
11 11 4
68 11 60
11 11 43
11 8 8
11 4 10
11 8 11
11 11 11
43 -213 60
11 11 11
11 11 11
11 11 11
11 11 10
43 72 11
44 43 11
11 11 10
11 11 11
11 11 11
11 11 11
11 11 11
11 11 11
11 11 60
11 11 11
11 68 60
51 11 60
11 11 11
60 68 72
11 43 11
11 11 11
8 -4 -17
11 11 11
11 4 4
11 11 11
11 11 11
140 11 -81
11 68 11
68 43 75
75 72 75
60 140 74
11 74 43
11 11 -213
10 11 11
11 11 11
11 11 11
43 11 11
10 -4 11
4 -20 8
140 11 51
75 43 -4
11 140 11
-20 43 4
-4 68 11
4 10 11
11 11 74
4 -4 11
10 -4 10
75 11 60
74 11 11
43 11 43
43 11 -213
43 11 -4
11 11 11
60 11 10
72 8 8
51 11 11
60 43 72
43 68 44
60 43 43
11 8 -4
11 -213 68
60 11 51
43 4 11
72 68 68
11 75 72
140 75 60
140 11 11
51 11 11
-20 11 11
60 60 68
11 11 11
68 11 11
19 -4 11
11 11 -4
8 11 10
-17 11 -17
11 11 68
68 72 72
74 68 11
74 60 68
11 91 140
74 60 140
68 91 140
60 43 -213
72 11 11
11 11 11
11 10 4
-20 10 11
43 11 11
72 11 11
-4 -4 -20
-20 -4 11
10 -17 -20
-4 -4 -49
8 11 74
8 11 -4
83 68 51
11 60 43
75 60 11
11 11 -4
8 8 -20
11 11 11
11 11 11
11 11 4
11 43 68
68 11 11
11 11 11
72 11 75
72 43 51
11 43 43
11 11 11
-20 10 11
72 11 11
83 11 60
83 60 51
68 11 11
11 11 68
11 68 11
11 11 51
140 68 68
91 75 11
75 -213 51
75 43 11
11 11 8
-17 11 -20
11 11 72
74 11 140
60 11 11
11 11 11
11 11 11
108 10 -20
140 83 91
68 51 43
43 11 51
51 11 68
68 74 91
-19 -213 72
-20 -4 -20
-4 -20 -4
11 4 11
-20 -4 -4
60 10 11
10 11 11
11 4 11
68 10 8
-17 11 11
51 11 8
11 11 51
11 43 11
11 11 11
60 11 11
11 11 60
11 11 11
11 11 11
11 60 60
75 51 11
60 51 11
11 11 11
11 43 11
140 11 43
60 11 11
-20 11 4
-4 11 11
-20 11 43
10 11 68
43 11 11
75 60 11
140 11 68
140 140 140
140 91 140
60 91 12
11 75 60
-52 11 4
-117 -52 -45
8 -117 -117
140 204 204
140 11 -213
11 68 72
140 43 43
43 75 75
75 68 68
68 60 60
11 43 60
10 11 11
-52 -19 8
140 -20 -49
-20 11 74
140 11 -17
-17 11 43
90 10 10
11 43 43
60 11 11
51 11 11
11 11 11
10 4 10
-52 -17 -4
-52 -20 -20
140 140 91
-4 11 11
74 11 -4
11 11 11
68 10 4
75 75 72
11 11 43
68 11 11
11 11 11
4 4 8
-4 10 4
-52 4 8
140 4 -20
68 140 140
11 -4 -20
75 75 72
11 60 68
75 11 11
68 75 75
60 11 11
51 43 43
11 11 11
-4 8 8
-20 10 11
91 4 -20
140 140 140
11 11 11
68 11 11
51 74 72
60 11 11
75 74 74
51 43 43
11 11 60
11 11 11
-4 8 8
-20 10 11
11 -20 -49
140 140 140
4 8 11
11 -4 -19
43 60 43
43 11 11
11 -213 11
43 11 11
11 11 11
8 4 10
-20 -17 -4
-52 -4 -4
91 11 -4
140 140 140
-4 11 11
11 8 -4
60 11 11
60 68 60
51 51 11
43 11 11
11 11 11
4 8 10
-19 -4 4
-37 4 4
11 -4 -20
140 140 140
11 75 75
11 11 4
68 51 11
75 75 75
60 72 75
74 68 74
68 74 68
11 11 11
-4 4 11
-20 4 8
4 4 -4
140 43 43
75 140 140
10 11 11
60 11 11
68 72 74
43 68 68
75 68 74
51 60 74
11 11 11
-4 -4 11
-20 4 11
-20 -4 4
140 43 43
43 91 140
11 10 10
75 43 11
11 11 60
43 11 11
68 72 74
11 11 51
11 11 8
-20 4 8
-20 -45 -20
-52 -20 -20
141 12 91
-20 11 11
75 4 -17
11 68 43
11 4 11
75 11 11
43 72 75
60 11 11
-4 11 11
-20 -4 4
-20 -4 -20
11 10 -4
147 140 140
4 11 11
75 11 -4
11 72 72
11 4 11
74 51 43
43 72 72
75 11 11
8 11 -213
-4 -19 -19
-20 8 8
10 11 4
168 83 72
10 68 91
75 11 11
-213 75 72
11 8 11
83 60 68
60 75 91
74 11 43
11 11 43
-4 -17 4
-19 -4 -4
-4 11 11
140 43 11
11 72 140
51 10 4
43 51 51
11 11 11
75 11 11
11 75 91
51 11 11
11 11 11
-20 -4 -4
-19 -4 -4
-20 8 11
140 11 11
11 83 140
51 11 4
11 11 11
11 11 11
75 11 11
11 75 108
43 11 11
11 11 11
4 8 8
4 -4 4
-4 11 11
11 11 4
140 75 75
11 11 72
68 11 4
11 11 43
11 11 11
75 43 11
51 72 75
68 11 43
11 11 11
8 10 11
-4 8 8
-4 11 11
75 11 10
140 140 147
43 11 11
43 11 11
11 11 11
72 11 11
60 75 91
43 11 51
11 11 11
8 11 11
-4 4 11
-19 11 11
11 11 8
140 75 91
11 43 72
11 11 4
11 11 11
11 11 11
72 43 60
51 43 75
11 11 11
11 11 11
-4 -4 10
-19 8 10
-20 11 8
140 11 11
43 140 140
43 11 11
11 11 11
11 11 11
75 43 43
51 68 75
11 11 43
11 11 11
4 4 8
8 8 10
-20 11 8
11 11 8
140 75 72
11 60 74
11 8 8
11 11 4
11 11 11
68 11 -213
43 51 68
11 11 11
11 11 11
10 8 10
8 11 11
-4 11 11
68 11 11
140 140 140
11 11 43
11 8 4
11 11 11
43 11 60
68 60 60
43 11 11
11 11 11
-4 4 4
-4 -4 8
-4 10 8
-20 10 -4
140 43 11
60 75 75
11 11 11
11 11 4
11 11 11
68 11 11
11 43 60
43 11 11
11 11 11
11 11 11
8 11 11
-4 11 11
43 11 11
140 91 91
11 51 60
11 11 11
11 11 11
74 60 60
43 43 43
43 11 11
11 11 11
8 10 8
-4 4 8
-17 4 4
-4 10 4
60 11 11
74 74 75
-213 43 51
43 11 11
51 43 43
60 68 68
72 60 60
43 43 43
11 11 11
-17 4 11
-20 -20 -4
11 4 8
75 43 11
60 72 72
11 11 11
11 11 11
11 11 11
11 11 11
11 11 11
11 11 43
8 11 10
-4 8 -4
-20 4 -17
11 11 11
83 74 60
75 75 75
60 72 75
60 -213 11
68 72 72
43 60 60
60 51 68
11 11 43
11 11 11
-17 4 4
-4 4 -4
11 8 11
11 11 11
60 11 11
43 43 43
43 43 11
43 60 43
11 43 43
43 43 43
51 72 72
-213 43 60
11 11 43
10 11 11
11 11 11
43 43 60
72 72 72
68 51 68
11 11 11
11 11 11
11 11 11
11 11 11
11 11 11
11 8 8
4 8 4
4 -17 4
-4 -4 -20
8 4 -4
11 11 11
11 11 11
11 11 11
11 11 11
11 11 11
11 11 11
11 11 11
11 11 11
11 11 11
11 11 11
11 11 8
11 11 11
43 -213 11
43 60 11
43 11 11
11 11 11
11 43 11
11 11 11
43 60 43
60 43 11
11 11 11
11 11 11
11 11 11
11 11 11
60 60 43
43 43 43
60 60 43
43 11 11
43 43 11
11 -213 11
11 11 11
11 11 43
11 11 43
43 43 60
-213 11 43
43 43 51
43 60 72
11 60 60
60 60 68
60 11 43
11 11 11
11 11 11
11 11 11
11 11 11
11 11 11
11 10 11
11 11 11
11 10 8
11 11 11
11 11 11
11 11 11
11 11 11
11 11 11
11 4 8
4 8 -4
10 11 4
11 11 11
11 11 11
11 11 11
11 11 11
11 11 11
60 60 43
43 60 11
11 43 11
11 11 11
11 11 11
11 11 11
11 11 11
11 43 19
11 43 11
43 51 51
60 43 68
72 68 60
74 68 72
60 43 60
51 60 72
51 43 68
11 43 68
60 -213 72
-213 11 11
43 11 43
11 11 60
11 11 43
11 11 11
11 11 11
11 11 11
43 11 11
11 11 51
11 11 11
11 11 11
11 11 11
11 11 11
11 11 11
11 11 11
11 11 11
11 11 11
11 11 11
11 11 11
11 11 11
11 11 11
11 11 10
11 4 4
4 -4 4
11 8 4
10 11 4
10 11 4
11 10 -4
11 10 4
11 8 8
11 11 4
11 11 11
11 11 11
11 43 11
43 11 11
11 11 11
11 11 11
11 11 11
11 43 11
43 51 51
11 11 11
11 11 11
43 11 11
51 43 11
60 43 43
43 60 60
51 43 60
60 68 60
68 60 60
74 72 72
60 75 75
43 72 72
51 60 68
43 60 68
19 11 51
11 11 51
43 11 60
43 -213 72
11 11 43
60 11 72
19 11 11
11 11 11
11 11 11
11 43 43
11 11 43
11 10 11
11 11 11
11 11 11
11 11 11
11 11 11
11 11 11
11 11 11
11 11 11
11 11 11
11 11 11
11 11 11
11 11 11
11 11 11
11 8 11
11 8 11
11 11 11
11 11 11
11 11 11
11 11 11
11 11 11
11 11 11
43 11 11
11 11 11
11 11 11
60 11 11
11 -213 43
11 11 11
11 11 11
43 51 11
43 11 11
11 43 11
11 11 11
11 11 11
43 -213 43
43 43 68
43 60 72
43 43 60
60 68 68
43 11 60
43 43 60
43 11 43
19 11 60
11 11 11
11 11 43
11 11 11
11 11 43
11 11 11
11 11 11
11 11 11
11 11 11
11 10 8
11 11 11
11 11 11
11 11 11
11 11 11
11 4 10
4 4 4
11 10 10
11 11 11
43 60 11
11 11 11
11 11 11
11 11 10
11 11 11
11 11 11
11 11 11
11 11 11
11 11 11
11 11 11
11 11 10
11 11 11
43 60 43
43 51 43
60 43 43
43 43 11
11 11 11
11 11 11
43 11 11
43 43 68
11 11 43
11 11 43
11 11 11
60 60 68
75 68 74
72 60 68
60 43 60
11 43 43
11 11 11
51 68 51
43 60 68
43 43 60
11 11 11
43 11 11
11 11 43
11 43 11
11 11 11
11 11 11
11 11 11
11 11 11
11 11 11
11 11 11
11 11 11
11 11 11
11 11 11
11 11 11
11 11 11
8 8 11
11 11 11
11 11 11
11 11 11
11 8 8
10 8 4
11 11 11
11 11 11
11 60 11
11 11 11
11 11 11
11 11 11
11 11 11
11 11 -213
11 11 11
11 11 11
11 11 11
11 11 11
11 11 11
11 11 11
11 11 11
11 11 11
11 11 43
11 11 11
11 11 11
43 11 -213
43 43 11
-213 60 43
43 11 60
11 11 11
11 43 11
11 68 43
68 68 43
72 43 72
60 11 68
11 4 11
11 11 11
11 11 11
11 11 11
11 10 11
11 11 11
11 11 11
11 11 43
11 11 11
11 11 4
11 11 10
11 11 11
11 11 11
11 11 11
11 11 11
11 10 11
11 11 11
11 -213 43
43 11 11
11 11 11
11 11 11
11 11 11
11 43 11
11 11 11
11 11 11
11 11 11
11 11 11
43 43 68
68 43 43
68 68 60
43 43 60
11 43 68
11 11 11
43 11 60
11 60 68
11 11 11
43 43 43
60 68 74
11 11 11
43 43 60
11 43 -213
60 11 68
11 11 11
11 11 11
11 11 11
11 11 43
43 43 11
11 11 11
11 11 11
11 11 8
11 11 11
11 -213 43
11 11 11
11 11 11
11 11 4
11 8 4
11 11 11
11 11 11
11 11 11
11 11 11
11 11 11
11 11 11
11 11 11
43 11 11
11 11 11
11 11 11
11 11 11
11 11 -213
68 11 68
68 74 72
60 43 72
68 72 83
11 11 11
11 11 11
11 11 11
43 11 60
43 43 60
11 11 11
11 11 11
11 11 8
11 11 11
11 11 11
11 11 11
11 11 11
11 11 11
11 11 43
11 11 43
11 11 11
11 11 11
11 68 11
43 43 68
72 60 72
60 74 74
43 11 11
11 11 11
11 11 11
11 10 11
11 11 4
-4 10 11
11 -4 4
11 11 11
11 8 8
11 11 11
11 11 11
11 11 11
11 11 11
11 11 11
68 11 11
11 11 11
43 11 11
11 51 11
60 68 -213
75 11 11
43 11 11
11 11 11
43 11 60
68 43 51
43 11 11
11 11 11
11 11 11
43 43 51
43 11 68
11 11 11
43 11 11
-213 11 11
11 11 51
43 60 11
11 11 72
68 43 60
60 51 11
11 72 72
60 11 68
11 51 43
11 11 11
43 43 43
11 43 11
11 11 11
11 11 11
11 8 11
11 11 11
11 4 11
11 11 11
8 10 11
4 -4 -4
11 4 -4
8 -4 11
11 11 11
11 11 10
11 11 8
11 11 8
11 11 10
-213 11 11
43 68 68
11 11 11
11 11 11
11 11 11
60 11 11
11 11 11
11 4 11
11 11 10
11 11 10
11 60 11
11 43 43
68 43 11
68 43 43
60 60 43
11 43 43
11 43 11
11 11 11
11 11 11
11 11 11
43 68 60
60 11 11
68 43 43
51 11 11
60 68 60
51 68 68
11 11 43
11 11 11
11 11 11
43 11 43
43 -213 11
11 11 11
11 19 11
60 60 68
60 43 11
11 11 60
11 11 11
11 11 11
60 43 68
60 43 60
11 11 11
-4 8 4
-4 -4 4
11 11 11
11 11 11
8 11 4
10 11 11
11 11 11
11 11 11
8 4 -4
10 11 -4
11 11 11
11 11 11
11 43 11
11 60 60
51 60 43
60 68 60
11 11 11
11 43 43
11 11 11
-213 11 60
11 11 10
11 11 11
11 43 51
75 68 68
75 68 75
60 11 11
11 11 11
11 43 11
74 75 75
60 43 60
11 51 43
11 10 8
11 11 11
43 11 11
11 11 51
11 11 68
11 11 43
60 11 11
60 43 43
11 11 11
11 11 11
11 11 11
11 11 11
11 11 11
11 11 11
43 60 74
60 43 60
51 11 11
11 11 11
11 11 11
11 11 43
11 11 11
11 11 4
11 60 60
43 11 91
11 -49 -52
-4 -4 -85
11 72 140
68 11 140
11 11 4
4 11 -20
11 11 -20
11 60 11
11 11 68
11 72 74
43 68 11
72 43 8
68 8 4
51 11 60
43 60 75
11 68 68
11 11 43
11 75 74
11 -213 60
43 11 11
11 19 11
11 43 43
11 75 60
11 91 11
60 11 51
74 11 72
11 -213 75
11 11 11
11 11 11
8 51 72
4 11 11
11 11 4
11 -19 -4
11 8 11
11 11 11
43 11 11
11 11 11
11 10 11
11 60 -213
43 11 11
11 11 11
11 60 11
11 11 68
11 43 72
11 11 11
11 11 11
11 11 11
11 11 11
11 8 11
11 11 11
-213 11 11
11 11 11
11 11 11
11 11 11
11 43 60
11 11 11
11 11 11
11 11 11
60 11 60
11 11 11
43 11 11
72 11 11
75 11 72
11 11 43
11 11 10
43 74 68
43 72 74
68 43 11
43 60 51
60 43 74
68 60 83
-213 11 75
11 60 72
75 68 60
60 68 51
43 44 60
11 43 68
60 11 68
68 11 72
10 -17 -4
-19 -4 -45
-4 -4 -19
11 8 11
43 4 11
11 51 11
10 -17 -20
8 11 4
11 11 11
11 43 60
60 74 11
68 11 11
11 11 11
11 11 8
11 51 11
11 11 11
68 11 43
11 11 11
11 11 11
10 11 11
11 11 4
43 11 11
68 60 75
75 68 43
43 43 11
11 11 11
11 11 11
60 43 60
68 60 68
11 11 11
11 11 11
60 60 60
43 11 11
11 11 11
11 11 11
43 11 11
11 11 -4
11 68 43
60 11 11
43 11 11
11 11 11
11 11 11
11 11 43
-213 68 60
11 11 60
51 11 43
11 11 74
43 11 11
60 11 43
11 11 43
11 11 43
11 11 11
11 11 11
10 10 11
10 8 11
11 -4 -4
-38 -4 -20
-4 11 11
11 -20 -17
-19 -20 -20
11 11 60
75 11 72
11 43 8
11 43 11
11 11 8
11 11 11
11 11 11
68 11 68
68 83 75
43 60 11
11 4 8
11 83 -20
4 8 75
11 -20 11
75 11 11
8 60 11
11 68 43
68 43 72
11 -213 60
11 11 51
75 74 43
11 68 60
60 60 11
-213 11 11
68 11 68
60 11 11
11 43 11
43 75 74
11 60 11
68 11 43
11 43 43
60 4 11
72 11 43
11 60 11
11 11 11
4 -4 11
43 11 11
51 11 43
11 11 11
11 11 11
-4 -4 11
4 -4 4
8 10 -4
4 -4 -4
11 11 11
43 11 11
11 11 10
11 11 4
11 43 11
43 11 11
68 11 11
11 51 11
68 75 51
68 75 68
43 43 11
11 10 11
11 11 11
11 10 11
11 68 43
11 11 11
11 11 43
11 11 11
11 11 11
11 11 11
11 -213 11
8 11 10
11 11 11
43 11 11
60 43 11
68 11 11
68 11 11
74 51 60
51 72 72
11 11 11
11 11 11
60 72 60
60 43 60
51 72 72
11 72 43
11 43 43
11 11 11
11 11 43
11 11 43
11 11 11
11 8 11
11 11 11
11 4 8
4 -20 11
4 -20 10
-20 10 8
11 11 -4
11 11 11
11 11 8
11 11 11
11 11 11
11 11 11
43 11 11
11 51 11
11 11 11
51 43 11
43 11 11
68 11 43
43 11 11
43 11 11
11 11 11
11 11 11
11 60 51
74 11 74
60 60 68
11 11 43
11 11 11
11 11 11
68 11 68
11 11 43
11 11 11
11 11 11
11 11 11
11 11 11
72 51 68
43 72 68
11 11 60
43 43 43
68 60 68
60 60 43
68 75 74
68 44 68
11 11 43
11 11 11
11 11 43
11 11 11
68 43 51
11 11 11
11 43 11
11 -19 11
11 11 11
4 -20 8
10 11 11
11 11 8
11 11 11
11 -4 8
8 -20 -4
11 11 11
72 75 11
68 11 11
11 60 11
11 11 11
11 11 11
75 68 68
75 72 68
11 60 60
11 11 11
11 11 11
11 11 11
11 43 11
-213 75 60
11 11 11
8 -4 8
-4 4 8
11 11 11
68 43 43
19 11 11
11 11 11
11 11 11
11 11 8
11 10 11
68 60 43
72 83 72
68 68 60
68 11 68
11 11 11
60 60 72
91 91 75
83 75 75
68 140 72
51 60 60
11 11 74
11 11 68
11 11 11
11 11 43
4 8 11
-20 -49 -19
-20 -17 -19
-20 -20 -4
11 4 -4
-17 -20 -20
-19 4 -20
-20 4 -4
-213 68 11
43 43 11
11 72 11
43 60 11
11 60 11
60 11 11
72 12 75
140 75 75
60 75 72
68 72 68
11 11 11
11 11 51
11 11 11
11 11 11
43 11 11
60 11 11
-4 -20 -20
11 11 11
11 43 11
11 11 11
11 11 11
11 74 11
74 11 11
51 72 72
11 75 75
43 43 60
72 11 68
11 43 51
43 51 60
43 72 75
75 75 83
51 60 72
11 11 11
10 11 43
11 11 11
68 60 11
11 11 44
11 11 11
11 43 43
43 11 11
10 11 11
4 11 11
11 4 10
11 8 11
-19 11 4
-4 -37 -37
10 11 11
11 11 11
51 4 11
11 11 8
11 11 11
11 11 11
60 60 43
75 75 72
74 74 68
11 74 43
11 8 4
11 4 11
11 11 11
11 11 11
43 51 11
11 11 11
11 11 11
11 11 11
68 72 72
72 43 72
43 11 11
11 11 43
60 72 75
43 11 51
83 43 68
51 72 72
11 11 11
-213 11 43
11 11 -213
11 60 43
11 11 11
11 51 11
11 11 75
4 11 11
11 11 11
11 11 43
11 11 11
11 11 11
11 11 11
-19 11 10
68 11 11
11 11 11
4 11 11
60 11 11
8 8 11
-20 -4 -19
10 8 11
11 11 11
11 4 -4
11 8 4
11 11 4
-20 -45 -20
51 11 11
11 11 11
43 11 11
11 4 -4
8 51 11
43 11 11
68 11 11
68 75 60
60 74 72
72 60 75
11 68 11
43 60 43
11 11 11
11 75 43
60 10 68
72 83 75
68 75 75
74 43 72
11 60 60
43 68 51
72 68 51
8 11 11
11 11 8
11 4 11
8 11 8
11 11 11
72 68 68
43 74 60
11 11 11
43 11 11
11 11 43
108 72 75
83 43 60
11 72 68
75 11 60
11 11 68
11 11 43
11 -4 11
11 51 75
11 -4 4
4 -4 10
11 -4 -17
11 11 11
11 -4 11
11 11 11
11 -4 4
-17 -20 -19
-20 11 -49
11 -19 11
11 11 11
11 11 11
11 11 11
11 11 8
60 11 11
10 11 43
72 75 75
140 108 83
11 11 11
11 11 11
-213 43 11
4 8 -4
11 11 11
11 51 60
11 11 -4
68 60 75
60 11 51
11 11 -4
11 51 11
11 11 11
68 72 68
140 72 91
11 75 68
11 11 11
11 11 43
11 -4 -20
51 11 60
11 11 11
75 60 68
11 11 43
72 68 60
68 68 43
11 10 11
11 11 43
4 4 4
11 8 11
11 60 11
11 68 72
11 43 11
11 11 11
11 11 11
11 10 4
8 11 11
4 11 4
43 11 -20
11 11 60
11 11 11
11 11 11
11 11 8
11 11 4
11 43 11
43 11 11
8 11 11
11 11 11
4 11 8
11 11 11
11 10 11
11 11 11
11 -17 8
11 11 11
11 75 75
60 51 60
43 43 51
-213 60 11
8 4 -20
11 11 11
8 11 11
11 43 11
43 51 43
74 11 43
11 43 11
43 51 11
60 11 75
11 11 43
60 72 60
91 75 75
74 75 75
68 60 60
11 11 43
11 10 11
11 75 11
75 11 75
72 60 75
90 72 68
72 11 68
11 43 11
11 11 11
60 75 75
11 11 43
11 11 43
11 11 11
11 11 11
11 4 8
-4 11 11
11 -4 11
-20 -52 -52
-20 -52 -52
68 11 11
11 4 -20
11 11 11
11 11 10
11 11 11
8 11 11
51 11 11
11 60 11
68 72 83
68 11 11
11 11 11
11 11 43
60 -213 11
68 75 75
74 68 75
11 60 72
11 43 11
11 11 60
68 68 11
11 43 11
43 43 72
11 4 10
10 11 8
11 -213 11
43 60 75
140 140 140
74 68 43
60 43 75
75 43 75
60 72 11
11 11 75
11 11 43
11 11 11
43 11 11
11 60 43
8 11 -4
11 11 72
10 11 11
11 11 10
11 11 43
10 11 4
11 4 -20
43 43 74
43 43 11
11 11 60
11 4 4
-4 -4 -4
8 -17 -20
10 11 -20
-4 11 -4
8 -4 10
-4 -45 -52
-20 4 -4
11 -4 -20
11 -19 -20
11 60 11
43 11 11
72 43 68
75 60 68
68 74 60
60 11 11
72 68 11
43 11 43
11 11 11
11 11 11
11 4 -4
11 11 8
60 11 11
11 11 -213
11 11 11
43 60 60
75 74 75
75 83 72
11 75 68
43 68 60
75 75 51
75 60 60
140 60 140
72 91 91
75 75 91
72 11 75
11 11 43
11 11 51
68 75 75
11 11 11
4 8 -20
-4 -20 -20
11 -19 4
11 11 11
11 11 11
10 -20 -20
11 11 11
60 11 11
11 11 11
11 11 11
4 10 11
11 -20 -20
43 11 -213
-4 -20 -17
-4 4 -20
-4 8 -4
8 4 -17
11 11 -20
11 11 11
11 10 4
68 72 60
140 76 140
75 75 75
60 75 60
68 72 75
75 91 75
51 75 91
51 11 72
11 11 11
11 11 11
11 10 11
11 51 43
43 60 68
43 11 11
10 11 -4
11 10 11
11 11 11
68 68 75
11 11 11
10 11 -4
11 60 51
68 43 83
75 72 75
72 75 140
68 11 11
11 72 11
11 11 68
11 10 -4
11 11 11
11 11 11
10 -4 -4
8 43 11
43 11 11
10 -20 -20
11 51 43
11 -213 11
11 11 11
11 11 11
-4 4 -20
11 4 -20
11 43 -213
11 10 4
10 11 4
-19 8 4
10 -4 -20
11 11 11
72 74 60
43 11 4
11 11 11
11 68 11
72 11 11
75 75 140
75 91 75
75 11 68
11 72 60
60 75 43
75 43 11
11 68 108
43 68 11
11 11 75
11 11 11
11 11 11
11 10 10
11 43 11
68 60 43
43 11 68
11 11 11
43 11 11
11 4 11
-4 11 11
83 60 68
75 60 68
11 74 60
60 11 72
43 11 51
11 11 -213
11 11 11
4 11 11
10 11 -20
11 -4 10
11 11 11
-213 11 11
11 11 4
-20 -20 -19
8 -20 -20
10 11 8
11 68 11
72 60 43
11 68 11
11 11 11
11 11 60
43 68 43
60 11 51
68 60 60
68 75 51
43 11 11
11 -213 11
11 11 11
43 11 11
11 11 11
11 11 11
11 11 11
11 11 11
60 11 91
60 60 68
11 68 11
11 11 11
11 11 11
-213 43 11
60 11 68
11 60 60
11 11 11
11 8 8
10 8 8
11 11 11
11 11 68
11 11 11
11 68 11
11 11 72
11 43 11
68 11 75
11 11 11
11 8 -20
11 11 11
11 11 11
8 -4 -4
11 4 11
10 11 11
10 -4 -52
10 -4 8
8 -4 -17
8 11 4
11 -20 -4
10 11 8
11 -4 -20
11 11 11
43 11 11
60 72 11
43 11 68
68 72 60
83 75 11
72 75 83
60 43 11
83 51 60
43 75 140
75 75 75
72 75 72
68 74 43
68 72 75
68 68 43
11 43 75
75 68 68
68 68 60
11 68 60
43 8 11
11 11 11
11 75 72
60 11 11
11 8 11
43 60 11
74 75 140
11 10 10
10 4 11
4 4 44
11 11 72
11 11 11
11 10 11
-4 43 4
11 4 10
72 60 11
11 75 60
11 11 11
-4 -20 -19
11 11 11
11 11 11
11 11 11
11 4 -20
-4 11 4
43 11 11
11 4 11
-4 4 11
-20 -4 -52
11 11 11
11 11 11
11 72 11
72 68 43
72 11 43
11 75 11
91 75 75
60 75 74
72 75 19
75 11 11
11 75 75
11 43 72
68 11 60
60 60 51
74 75 75
43 68 74
11 68 60
72 72 68
43 68 43
11 74 91
75 11 75
11 11 43
11 11 11
74 11 72
11 60 75
60 11 68
43 11 43
11 11 11
4 11 11
10 8 4
4 -4 8
11 11 11
51 11 43
-4 8 11
4 -20 11
11 -19 -4
8 4 11
10 8 10
8 11 11
11 11 11
-20 -20 -45
-19 8 -20
10 -4 4
11 4 11
11 11 -4
11 11 11
11 11 11
11 11 4
11 11 11
60 43 43
11 11 11
11 10 -4
11 11 11
11 11 8
68 -213 11
11 11 11
43 43 68
68 68 68
43 11 11
75 74 68
75 91 140
51 72 72
91 75 74
140 83 140
60 43 11
74 51 68
51 72 75
11 74 74
72 60 91
11 43 68
11 11 60
51 11 51
11 11 75
11 11 11
11 11 11
4 4 -4
4 -4 -17
11 11 68
8 8 8
10 11 11
11 43 68
11 10 -17
11 11 11
11 44 11
11 11 11
11 11 11
11 8 11
10 11 10
11 11 11
11 11 8
4 -17 -38
4 8 8
11 51 11
11 11 4
11 -4 -20
11 11 11
4 -4 -52
11 -4 -4
11 11 11
11 11 11
72 11 11
60 11 11
43 -213 11
140 75 60
60 140 140
75 74 83
140 140 140
75 72 60
68 74 83
60 11 68
11 11 11
11 11 43
72 68 83
72 74 11
43 11 51
11 11 43
11 11 11
60 43 84
68 60 75
11 11 11
4 11 11
-213 11 68
11 11 -213
60 11 75
11 11 11
11 11 11
11 43 68
11 43 60
11 11 -17
10 4 11
-4 -20 -20
11 -4 11
8 4 4
8 -17 11
-4 -20 -4
11 -19 -4
11 11 -4
11 68 11
11 11 11
11 11 11
11 11 4
43 11 4
11 11 43
11 11 8
11 4 11
43 11 8
51 43 11
68 11 11
60 11 11
11 11 11
11 10 10
43 11 51
43 19 60
43 43 11
11 11 11
11 11 11
11 43 51
43 72 68
43 75 83
60 75 72
60 43 60
68 68 11
75 75 75
60 60 72
68 72 140
43 60 68
51 11 60
11 11 68
72 68 83
72 43 74
11 51 75
11 11 11
11 11 43
-4 -4 -19
10 11 8
11 11 11
4 8 4
10 4 8
11 11 11
-45 -51 -88
11 11 8
11 11 11
11 11 -19
11 11 11
11 11 11
11 10 4
68 60 72
75 75 75
11 11 10
11 11 11
11 10 11
11 11 11
74 68 60
75 68 74
11 11 51
11 11 11
11 11 4
11 11 8
11 43 11
11 11 11
11 11 11
11 -4 -4
11 11 11
60 11 11
11 8 11
68 72 11
60 68 68
72 60 75
72 74 74
68 74 75
11 11 75
60 75 11
75 68 12
11 11 75
11 11 10
11 11 43
75 11 43
43 11 43
11 11 11
11 60 11
11 8 11
11 -20 4
8 11 8
11 11 -213
11 8 11
-4 -20 -20
-20 -4 -38
8 11 11
60 11 11
11 60 11
11 11 -20
11 11 11
11 51 -213
11 11 4
11 4 4
10 11 -20
11 11 -19
11 4 8
11 11 10
43 43 68
19 11 11
75 60 51
72 75 43
11 11 11
11 11 11
11 60 43
11 43 43
75 72 75
68 60 43
8 11 11
43 11 11
75 43 75
51 75 75
11 43 51
11 11 11
11 11 11
43 68 68
68 72 68
43 -213 74
11 43 43
11 43 11
60 11 75
60 60 60
75 75 75
11 11 11
11 11 43
11 68 68
11 11 11
11 11 11
8 4 -4
-4 -20 -4
8 11 -17
11 11 11
-4 -20 -17
11 11 11
11 11 11
60 11 11
11 11 11
-17 11 -4
11 11 11
43 60 43
19 74 11
11 43 75
11 11 11
60 60 11
74 72 68
44 74 72
11 68 68
11 11 11
11 11 4
11 11 11
11 11 68
11 11 11
11 11 11
-4 -20 -17
11 11 72
11 11 11
43 11 43
11 72 11
68 43 68
74 72 72
60 43 72
68 11 11
75 75 91
11 11 60
60 19 108
140 11 72
11 -4 -17
11 60 43
43 11 75
75 75 140
11 43 10
-49 -20 4
11 11 10
11 43 11
11 74 74
11 11 11
11 11 4
11 11 72
11 -4 4
11 11 8
11 11 84
11 11 10
-4 11 8
8 -38 -4
-4 11 4
43 60 60
11 4 11
8 11 -20
68 11 91
11 10 4
11 11 11
11 11 10
11 43 60
74 72 12
11 11 11
-213 60 43
83 75 75
68 51 75
68 75 140
11 11 11
-213 68 75
11 11 11
51 11 11
11 8 11
11 11 11
43 11 43
11 4 10
11 10 11
11 11 10
43 43 51
68 72 43
43 11 60
11 68 60
11 11 -4
60 11 74
11 90 19
43 11 11
11 43 72
11 43 11
43 4 4
11 11 11
11 11 11
-4 -4 -4
8 4 -4
-4 -17 -20
11 11 -4
11 11 -20
4 11 11
11 10 4
4 -4 -20
11 11 60
11 60 11
60 11 11
11 72 72
11 43 -4
74 43 75
11 60 11
72 11 11
11 11 60
43 60 10
11 -213 72
11 72 51
60 11 11
75 -213 91
74 68 72
75 43 68
11 11 11
11 11 11
74 140 140
11 11 11
11 11 43
11 51 60
43 11 11
68 74 91
11 11 8
11 11 11
11 43 60
11 4 -20
11 11 60
43 83 11
51 11 11
68 11 83
11 11 -20
51 60 140
43 74 43
75 51 82
60 43 75
11 51 11
11 11 140
11 11 11
11 -19 -19
8 -4 11
4 -20 -20
10 4 -4
11 11 11
-4 -20 -20
8 11 11
11 10 -20
11 11 11
-4 4 11
8 4 -52
11 11 11
4 11 -20
51 4 11
91 91 83
51 11 43
74 74 43
11 72 72
43 11 43
12 83 140
11 11 11
11 60 11
11 43 11
-4 8 -20
11 11 11
4 10 4
11 8 -20
75 74 91
11 11 -4
75 75 74
43 60 74
11 11 -4
75 140 140
11 11 8
60 72 43
11 60 140
11 11 4
72 75 140
60 11 60
11 43 11
11 68 75
8 4 -20
11 68 75
51 11 11
11 4 4
11 11 75
10 -4 -20
4 -4 -4
11 11 72
11 11 4
60 43 60
11 60 11
11 -20 -20
51 11 83
10 11 -17
11 60 83
11 11 11
11 11 4
43 11 43
11 11 -4
11 11 11
11 11 11
11 11 11
60 72 -213
11 11 -20
11 11 11
11 -213 11
11 11 -20
-213 11 11
11 44 -4
91 11 43
74 11 43
68 83 12
75 140 140
60 74 43
43 11 11
11 11 43
11 11 11
11 11 60
11 11 10
11 43 -213
43 -213 11
60 11 11
68 -213 75
-213 43 68
11 43 11
11 72 11
11 68 51
11 68 60
11 11 11
60 11 75
43 11 68
11 10 11
11 11 11
11 -4 11
11 11 10
11 11 11
10 11 4
11 11 72
11 11 11
11 -4 4
11 11 11
8 11 8
11 -4 -20
11 11 4
8 4 -20
11 11 11
11 -4 -4
11 11 11
11 -4 -20
11 -4 -20
72 60 60
74 51 11
43 75 72
43 11 68
11 11 11
51 60 43
60 51 43
11 43 11
11 11 43
74 11 11
75 74 75
68 60 68
43 60 68
11 72 74
11 11 11
8 11 11
11 11 11
11 8 11
11 11 43
11 -4 11
8 11 -19
11 11 60
43 4 11
10 11 11
43 43 11
11 11 11
43 91 68
68 11 11
68 60 75
60 68 75
68 11 60
11 43 11
11 8 10
4 8 -20
10 11 68
11 11 11
11 11 43
11 8 8
11 -20 -4
11 72 72
68 11 11
11 43 72
11 11 43
11 -4 -17
11 11 11
11 11 4
-4 8 -20
11 11 8
72 10 11
11 68 60
11 11 11
11 11 10
11 11 11
11 8 -20
11 8 10
8 11 11
72 11 11
43 72 74
74 75 43
72 75 75
83 75 91
68 60 11
11 43 68
43 43 11
11 43 43
11 60 75
68 11 11
11 11 11
-20 11 10
11 11 11
43 72 68
51 -213 11
11 74 11
11 43 83
51 11 43
51 11 68
74 11 43
11 43 60
11 60 11
60 43 72
11 11 11
11 11 11
11 11 68
8 8 11
8 -4 -4
-20 -19 -20
11 8 -19
43 4 11
4 11 11
11 10 -20
11 11 72
11 11 4
11 11 11
11 11 60
68 43 11
75 72 12
72 83 75
60 60 11
11 11 83
11 -20 -20
51 11 11
11 11 11
11 11 11
68 11 75
75 11 60
11 11 11
43 43 72
11 60 11
68 60 83
11 11 11
11 11 8
51 11 75
8 11 4
11 11 11
11 11 11
11 11 11
43 11 11
11 11 43
11 11 11
60 11 68
11 72 11
43 60 60
11 11 -213
11 11 8
11 11 43
11 11 11
74 75 75
72 83 140
43 75 91
60 11 11
60 68 11
11 43 11
-17 11 11
43 11 -4
11 11 11
11 11 43
11 11 11
8 8 -4
8 11 11
11 11 11
60 11 11
11 43 11
-4 11 4
10 8 10
11 -213 11
11 11 11
11 11 11
11 11 4
11 8 -20
68 68 51
74 68 75
140 75 75
68 43 72
11 11 11
11 11 51
60 60 72
51 11 11
11 72 11
11 11 11
11 43 74
11 11 11
11 11 11
11 11 11
11 11 11
43 68 75
68 43 11
11 11 11
11 11 11
11 11 11
11 11 43
11 11 11
11 8 -20
11 11 10
11 11 11
43 11 60
60 60 72
75 43 68
19 11 11
8 11 4
11 43 11
11 11 11
60 43 43
43 43 72
11 11 74
11 4 11
11 11 11
11 11 43
11 11 11
11 11 8
11 43 11
11 43 51
11 43 11
11 10 10
11 10 11
11 11 11
11 11 11
11 -20 -17
11 11 11
11 11 11
43 11 11
11 11 68
44 75 19
75 68 60
51 51 60
43 43 75
75 75 75
11 68 68
11 11 11
11 11 60
11 8 4
11 11 8
11 11 43
11 8 11
11 51 11
11 4 4
11 11 11
60 11 11
11 43 11
11 11 11
68 11 60
11 51 11
43 11 43
11 11 11
11 60 11
75 11 75
43 72 11
43 11 11
11 11 11
11 11 11
11 11 8
-20 10 11
11 4 -4
11 11 11
11 11 11
8 -17 -20
43 43 75
43 11 11
11 11 11
72 60 11
83 72 60
75 75 75
11 60 43
43 11 11
11 51 60
11 11 11
60 43 11
43 11 11
10 11 11
43 11 11
11 -213 51
68 11 11
11 51 60
11 11 11
68 60 11
60 60 75
11 11 43
43 72 68
43 11 11
11 11 11
11 43 68
75 60 75
11 60 68
10 11 11
4 11 11
11 11 8
4 11 11
-20 11 4
11 11 11
11 8 11
11 11 11
8 11 8
11 11 4
11 60 11
11 11 11
43 60 72
75 75 140
43 72 11
11 11 11
8 11 43
43 72 11
11 11 43
11 11 11
43 -213 11
10 11 8
11 8 11
8 11 11
11 11 11
11 43 11
10 8 8
11 -20 4
8 10 4
11 11 -20
43 75 140
72 43 11
11 -213 68
43 75 75
43 60 11
60 51 11
60 91 75
140 -213 140
75 91 75
60 43 11
11 8 11
74 51 75
72 51 11
51 51 75
11 43 72
11 11 8
11 11 -4
43 11 11
11 11 11
11 11 60
11 11 -4
4 -4 -52
4 11 -4
4 -20 11
11 8 11
43 60 11
11 11 11
10 4 11
11 11 11
72 75 68
11 11 11
11 11 11
11 11 11
51 11 11
68 68 44
11 11 10
-213 11 11
11 43 11
11 60 11
11 43 11
11 11 -20
43 11 11
11 8 8
11 11 -20
11 11 51
11 11 8
11 10 -4
11 11 43
60 11 11
11 68 11
68 72 72
72 11 11
75 60 43
75 74 140
74 11 68
83 91 60
60 11 72
11 60 11
68 60 72
43 11 51
11 11 11
10 11 11
11 43 11
60 11 68
11 11 11
-20 -4 4
-4 11 10
11 11 11
75 74 75
11 11 72
11 43 60
10 -4 10
11 4 4
11 51 51
11 43 11
11 11 -4
11 60 11
11 11 4
68 43 -213
11 11 -213
68 51 75
11 4 -4
11 60 11
11 11 10
-4 -4 -20
11 11 11
11 11 -20
11 11 -4
11 11 72
11 11 11
11 4 11
11 68 43
11 11 75
43 11 11
11 11 60
11 4 11
11 8 10
11 11 8
60 43 72
43 43 11
11 11 11
11 60 11
11 43 72
75 60 75
72 91 91
-213 11 68
60 68 11
11 -213 -52
11 11 11
43 51 72
68 90 84
43 43 74
11 11 11
11 11 8
11 11 4
11 -17 11
11 11 11
11 11 11
11 11 11
11 4 11
11 11 11
11 60 43
75 60 108
75 68 43
11 43 -20
11 11 11
11 11 8
60 11 11
72 11 11
11 60 11
11 4 4
11 11 4
11 11 11
11 8 10
11 11 43
11 11 4
11 11 11
-213 11 11
10 11 10
11 11 10
11 10 11
11 -4 8
8 -20 4
11 43 72
68 43 72
68 60 11
51 68 60
68 60 11
60 11 51
68 75 140
11 43 11
11 11 11
11 11 11
11 11 11
11 -4 11
8 10 11
11 11 11
75 74 68
68 91 72
11 75 60
60 43 51
43 83 72
72 60 75
43 43 51
11 11 11
11 -4 11
11 11 11
11 10 11
11 43 43
8 60 72
11 11 -4
43 11 43
11 11 11
43 43 75
60 11 11
51 11 11
11 8 -20
11 11 11
11 11 11
11 -4 10
11 11 43
11 11 60
51 -213 72
11 68 60
11 11 11
11 4 -4
11 8 11
11 11 11
68 11 11
11 11 -17
10 11 11
11 4 10
11 11 11
11 11 11
-213 60 11
11 11 11
11 74 68
74 91 140
68 60 68
11 11 11
11 11 11
11 8 -20
43 11 68
43 11 11
11 11 11
11 11 11
11 11 43
11 11 11
11 11 11
11 11 68
11 11 68
11 11 10
43 60 43
-213 19 68
60 60 11
43 60 68
11 11 11
43 11 11
11 11 11
8 8 4
11 -4 11
11 11 11
11 -20 11
11 4 -4
11 8 4
10 11 4
60 11 43
11 72 60
11 72 8
11 11 11
11 11 4
11 10 4
4 11 11
51 11 11
60 11 11
11 11 43
11 11 4
43 11 11
11 11 11
11 8 -20
-4 11 -20
11 11 8
11 43 74
68 75 43
51 4 11
11 11 11
11 11 11
11 10 11
10 11 11
11 11 11
11 11 11
11 11 11
72 11 43
11 60 43
11 140 60
74 11 43
11 91 60
72 43 91
43 75 68
43 11 51
75 11 75
11 11 -4
11 -4 11
11 68 75
60 11 11
11 74 51
60 68 68
68 11 11
11 11 11
11 11 11
11 11 11
11 11 51
60 11 11
51 11 60
11 -4 -20
4 11 11
11 10 11
43 68 75
11 11 43
11 72 72
72 43 83
140 140 140
11 72 11
74 11 75
-4 -4 -17
11 -19 -4
-4 4 11
8 11 11
8 10 11
11 11 11
11 11 10
11 11 -4
43 11 11
11 11 -4
11 11 11
11 11 10
11 60 43
11 11 11
11 72 11
11 11 11
11 60 60
68 11 68
72 72 83
43 68 51
11 43 68
60 11 19
11 43 43
60 11 51
11 11 11
11 51 11
11 11 43
11 -4 11
11 11 -17
11 11 11
11 11 11
11 11 4
11 11 43
11 11 68
68 11 60
11 11 11
10 -20 -20
11 8 -20
8 11 11
11 11 11
11 11 11
60 72 43
11 11 11
11 51 43
43 11 11
11 -20 -4
43 11 11
51 43 11
68 72 72
60 11 11
11 68 11
11 11 11
11 11 60
43 60 43
11 11 11
11 11 11
11 11 -17
11 11 11
11 60 43
10 11 11
11 43 11
43 11 11
68 68 43
75 91 140
60 68 60
51 51 11
11 68 60
68 43 11
11 11 11
43 11 43
11 11 68
72 68 72
68 43 60
60 60 75
11 10 4
11 11 11
60 43 60
72 75 75
72 11 60
11 11 8
4 -4 10
11 -4 8
11 11 11
11 4 -4
4 4 -17
-20 -19 -4
11 11 11
11 11 11
11 60 11
11 11 11
11 72 72
60 43 74
11 11 11
72 68 91
68 11 75
75 11 11
11 43 11
11 11 11
11 11 11
11 11 11
11 8 10
10 4 11
11 -20 -52
11 8 11
4 -4 11
-19 11 11
11 43 11
11 11 11
11 74 11
11 11 43
11 60 11
11 43 11
72 91 140
60 68 72
43 11 75
11 11 75
11 11 11
-213 11 11
11 72 68
11 68 11
11 43 11
11 11 51
68 11 11
43 8 11
11 11 11
10 11 11
72 68 11
43 11 11
11 10 11
11 11 11
43 11 11
72 51 74
11 11 11
11 43 11
10 10 -20
10 10 -4
11 -4 -17
11 4 4
11 11 11
11 11 11
11 11 11
11 60 11
68 11 43
43 11 11
11 11 11
43 68 68
140 74 140
68 -213 75
11 11 8
11 11 11
60 11 60
68 11 68
11 68 75
11 60 43
75 43 11
11 11 11
11 68 75
75 43 43
60 75 68
-4 11 11
11 10 11
-213 8 -20
11 11 11
11 11 -37
11 11 11
43 11 68
11 11 75
11 11 60
11 60 75
11 11 11
11 11 11
11 11 43
8 4 11
4 -20 10
11 4 -4
43 75 11
75 91 43
60 75 75
11 11 8
10 11 -4
11 8 4
11 11 74
68 60 72
11 11 4
11 -19 -4
11 -4 11
11 11 11
72 68 75
11 60 43
11 68 11
11 11 11
11 8 11
11 11 11
11 11 11
11 11 11
11 68 60
11 51 75
60 43 83
43 11 68
11 11 11
11 43 51
43 11 68
11 11 11
11 11 11
11 8 4
11 11 11
43 11 8
11 11 11
60 11 60
11 11 43
11 60 11
43 68 75
68 72 91
51 60 11
11 11 75
11 11 51
43 68 11
11 11 11
8 11 10
11 -4 -19
11 11 43
11 11 11
11 51 60
60 11 204
75 11 219
-4 -4 10
11 11 -45
75 91 11
75 11 75
68 60 11
60 43 60
68 43 72
51 60 72
60 43 43
11 43 74
83 75 68
75 68 68
75 140 75
75 140 75
51 43 72
72 43 60
60 51 11
43 11 43
43 68 68
End
