0 0 1 0
716 11 11
11 8 11
11 -4 8
8 8 8
10 11 8
11 10 4
10 8 8
4 11 8
11 11 11
11 8 11
8 11 11
8 4 8
10 -4 11
11 10 11
11 8 4
11 10 4
11 11 8
10 11 4
8 11 10
11 4 11
11 8 8
11 8 4
11 10 8
11 11 4
10 8 4
11 11 8
11 8 4
11 8 11
11 10 8
11 10 4
11 10 11
11 11 11
11 10 10
11 11 11
11 4 4
11 11 11
11 8 4
11 8 11
11 11 11
11 10 11
11 10 10
11 11 4
11 11 10
11 11 8
11 11 4
11 11 11
10 11 10
11 11 11
11 11 4
11 10 4
11 8 4
10 11 11
11 11 11
10 11 8
11 11 8
11 11 4
11 11 11
11 8 4
11 8 8
11 11 11
11 4 10
11 11 11
10 11 4
11 8 11
8 11 11
10 8 11
11 10 11
11 11 8
10 11 4
11 8 11
11 11 4
10 11 11
11 11 11
11 11 11
11 11 8
10 8 10
10 8 11
11 8 11
10 8 4
11 11 10
11 11 8
11 10 11
8 11 11
11 11 8
11 11 8
11 11 11
11 8 4
11 11 8
11 4 11
11 10 11
11 11 4
11 4 8
11 11 11
11 8 8
11 11 10
11 8 8
11 11 10
11 10 10
11 10 11
11 11 11
11 11 8
11 10 11
10 11 11
10 8 10
11 11 11
4 11 11
8 11 10
11 11 4
11 10 11
4 10 11
10 10 11
11 10 8
11 11 11
8 10 -4
11 8 10
11 11 10
10 11 11
4 11 8
4 11 10
11 10 4
8 10 11
11 11 11
8 11 11
8 11 11
8 11 8
11 11 11
4 11 10
4 11 8
10 11 11
11 11 11
8 11 11
4 10 11
4 10 11
4 10 11
8 11 11
4 11 10
4 11 11
4 11 11
4 8 11
10 11 8
8 11 11
11 8 10
8 11 11
8 10 11
11 4 11
4 11 11
11 11 11
8 11 -4
8 11 4
4 11 11
8 11 4
4 11 11
8 11 11
8 11 10
8 11 4
4 11 11
8 11 11
10 11 11
4 10 10
4 11 8
8 11 4
11 11 11
11 8 11
11 10 8
8 8 11
11 11 11
11 8 4
8 4 11
8 8 11
8 8 11
4 11 11
-4 8 11
4 10 -4
4 11 11
10 10 10
8 8 4
4 8 11
-4 8 10
4 10 8
8 10 11
-4 8 8
11 4 8
-4 -4 4
10 -4 11
-4 8 4
-4 4 11
8 4 10
4 11 8
4 8 8
-4 8 11
10 4 11
4 10 11
8 8 -4
4 4 10
8 11 10
4 8 10
8 8 10
4 11 10
8 4 8
-4 4 4
11 8 4
11 10 11
4 10 4
8 8 -4
8 10 10
10 11 11
11 4 4
8 10 11
8 10 11
4 8 11
4 10 8
8 10 11
10 10 4
11 8 10
4 4 10
10 11 11
11 8 8
8 4 4
11 -4 11
11 8 8
11 11 11
11 8 11
4 11 8
11 11 11
11 4 11
4 4 11
4 4 11
10 4 11
10 8 4
4 8 4
8 11 11
8 4 10
4 10 11
4 -4 8
11 11 11
11 11 11
4 10 8
8 4 11
-4 -4 10
10 10 10
8 10 8
4 11 4
4 8 4
4 8 4
11 -4 8
8 8 8
10 10 11
11 4 4
10 4 11
10 11 8
11 8 11
10 4 11
10 4 10
11 4 11
10 8 4
11 8 11
8 10 11
11 4 10
11 8 8
11 11 11
10 8 11
4 8 8
10 -4 10
11 4 4
-4 8 11
8 10 11
11 11 10
11 10 11
11 11 11
11 10 10
11 8 4
11 8 4
11 8 10
8 11 8
11 11 8
11 4 8
4 10 -17
11 10 11
10 10 4
10 10 11
11 11 10
10 8 11
11 11 10
10 10 8
11 10 10
4 4 4
11 11 11
10 11 11
10 8 4
8 10 4
8 8 8
8 8 8
11 11 11
11 4 10
10 10 4
10 4 8
11 11 8
8 4 11
8 11 11
10 8 8
11 8 8
11 10 10
11 10 10
11 10 11
8 4 11
8 11 11
11 11 -4
11 8 -4
8 11 4
8 11 -4
10 11 11
11 11 11
11 11 8
4 11 10
4 11 11
11 10 -4
11 11 8
8 8 8
10 11 8
8 11 11
10 11 8
11 11 8
11 8 10
11 11 4
11 10 11
4 8 10
11 10 11
4 11 4
8 11 11
8 10 8
11 11 11
11 11 11
11 11 11
11 11 10
11 11 11
10 11 11
8 11 11
10 11 11
11 10 11
11 8 11
11 11 11
11 11 11
10 11 -4
4 11 10
10 11 8
10 11 4
4 11 10
11 11 11
10 8 11
8 8 11
11 10 10
11 10 8
4 11 11
11 11 -4
11 10 8
10 11 11
11 11 8
11 11 8
11 11 11
8 11 11
8 11 11
11 8 11
4 11 11
8 4 11
8 4 8
11 11 10
11 8 10
10 11 11
11 11 10
11 11 8
10 11 11
11 11 11
11 10 11
11 11 11
11 11 11
8 11 11
11 11 8
11 11 11
10 11 11
11 11 4
11 11 11
11 11 10
11 11 8
11 11 4
8 10 11
10 11 11
10 10 11
11 8 11
11 8 11
11 8 11
11 4 11
10 8 11
11 11 11
8 8 4
8 8 11
10 11 4
11 11 10
11 11 11
11 11 8
11 11 11
11 4 91
68 11 75
68 -4 75
74 8 72
75 8 60
72 8 43
75 4 11
75 10 11
75 11 11
68 10 11
68 10 11
43 11 11
60 11 11
43 11 11
11 11 11
11 43 11
11 68 11
11 60 11
11 72 11
11 43 11
11 43 11
11 11 8
11 60 4
11 43 -17
11 44 -20
11 43 -49
11 60 -20
11 43 -49
11 60 -52
11 11 -52
11 60 -52
11 43 -52
11 11 -52
11 68 -52
8 60 -51
11 60 -52
11 68 -52
4 60 -51
10 72 -52
11 72 -52
11 75 -81
11 75 -88
4 75 -101
11 83 -88
8 75 -117
-4 72 -118
8 75 -117
4 72 -117
4 72 -117
4 72 -117
-20 43 -88
-4 72 -52
-19 60 -52
-4 68 -52
-20 60 -51
-17 51 -20
-20 51 -52
-20 68 -52
-20 72 -52
-20 68 -52
-19 60 -92
-17 60 -229
-20 60 -120
-4 68 -132
4 60 -132
4 68 -120
-4 60 -117
8 60 -117
4 43 -85
8 51 -52
4 43 -52
4 60 -20
4 60 4
-19 43 8
-20 43 10
-20 11 4
-37 11 -4
-20 11 -20
-20 11 -20
-20 11 -20
-20 11 -38
-20 11 -49
-4 11 -20
8 11 -37
8 8 -20
8 11 -20
10 8 -17
11 8 -4
11 4 4
11 10 11
11 8 11
11 -4 11
-4 -4 11
8 -17 11
8 -4 11
-17 -4 11
-4 -4 11
-19 -20 11
-20 -20 11
-20 -20 11
4 11 11
4 11 11
4 11 11
4 11 11
4 11 11
4 11 11
10 11 11
4 11 11
4 11 11
4 11 11
8 11 11
4 11 11
4 11 11
4 11 11
-4 11 11
-4 11 11
-4 11 11
-4 11 11
4 11 11
4 11 11
8 11 11
8 11 43
8 11 43
4 11 43
8 11 11
10 11 11
-4 10 11
-4 11 11
8 11 11
8 11 11
-4 11 11
11 11 11
4 11 11
8 11 11
8 11 11
4 11 11
4 11 -213
-4 11 11
8 11 11
4 11 11
10 11 11
4 11 11
10 11 11
11 11 11
10 11 11
11 11 11
11 11 11
4 11 11
8 11 11
4 11 11
8 11 11
11 11 11
10 11 43
10 11 11
8 11 11
8 11 11
10 11 11
10 11 11
11 11 11
11 11 11
11 11 11
4 11 11
11 11 60
11 11 60
11 11 43
4 11 11
8 11 43
8 11 51
8 11 60
11 11 51
11 11 11
11 11 11
8 11 60
11 11 43
10 11 11
8 11 60
10 11 11
11 11 11
11 11 11
8 11 43
8 11 19
11 11 43
11 11 43
10 11 60
11 11 43
11 11 11
11 11 60
8 11 11
11 11 43
11 11 11
11 11 -213
11 11 60
11 11 68
11 11 43
11 11 43
11 11 -213
10 43 60
8 11 11
10 11 11
11 11 11
-20 -20 -20
-20 -20 -20
-20 -17 -20
-20 -17 -4
-20 -20 -20
-45 -17 -20
-20 -19 -20
-20 -20 -20
-20 -19 -17
-20 -20 -20
-20 -20 -4
-20 -20 -20
-20 -20 -20
-20 -19 -20
-20 -20 -20
-20 -19 -20
-20 -20 -20
-37 -20 -20
-20 -20 -20
-20 -17 -20
-20 -17 -4
-20 -17 -4
-38 -20 4
-49 -20 -20
-20 -4 -20
-20 -19 -20
-45 -20 -20
-20 -20 -20
-20 -20 -17
-20 -20 -20
-45 -20 -20
-20 -20 -20
-20 -20 -20
-20 -20 -20
-20 -20 -20
-20 -20 -20
-20 -19 -20
-49 -20 -20
-20 -20 -20
-20 -20 -45
-45 -20 -20
-20 -20 -20
-20 -20 -20
-20 -20 -49
-20 -4 -20
-20 -20 -20
-20 -4 -20
-20 -17 -20
-20 -17 -20
-49 -20 -20
-45 -20 -20
-45 -20 -37
-20 -4 -20
-20 -4 -20
-20 -20 -20
-20 -20 -20
-38 -17 -45
-20 -20 -20
-37 -20 -49
-20 -20 -20
-20 -20 -20
-49 -19 -20
-20 -20 -20
-45 -17 -45
-45 -4 -20
-20 -20 -45
-20 -20 -20
-20 -17 -45
-20 -20 -20
-20 -17 -45
-45 -19 -45
-20 -20 -20
-20 -20 -20
-20 -20 -20
-20 -19 -52
-45 -19 -45
-20 -20 -20
-20 -20 -45
-45 -20 -38
-45 -19 -45
-20 -20 -20
-20 -4 -45
-45 -20 -20
-45 -20 -52
-20 -20 -45
-20 -20 -20
-20 -20 -20
-45 -20 -20
-20 -4 -45
-38 -19 -20
-49 -20 -20
-20 -20 -20
-20 -20 -20
-20 -20 -49
-20 -20 -20
-49 -20 -45
-51 -20 -20
-49 -20 -20
-45 -20 -20
-51 -20 -51
75 72 11
75 72 11
74 68 11
72 60 11
72 60 11
72 51 11
72 43 11
72 51 11
72 43 11
72 60 43
72 68 -213
75 68 51
74 68 -213
74 72 11
72 68 11
75 68 11
75 60 11
68 68 11
60 51 11
72 43 11
72 43 43
68 51 43
72 60 51
75 68 60
75 68 60
75 72 60
75 72 43
75 75 43
75 72 -213
75 74 11
75 75 11
74 75 -213
75 75 43
72 75 51
74 83 68
75 91 68
74 91 72
72 12 72
68 108 72
68 140 72
75 140 68
68 140 68
72 140 60
74 91 43
74 83 43
75 83 43
75 75 43
75 75 60
68 75 60
60 75 68
19 75 68
51 75 68
68 75 72
72 75 72
75 75 68
75 75 68
75 75 68
60 75 68
68 75 68
43 75 68
68 75 68
75 75 60
74 75 68
75 75 60
75 75 60
75 75 60
72 75 68
68 75 68
72 75 72
68 75 74
60 75 72
51 75 75
43 72 75
43 68 75
11 68 75
43 60 83
51 68 91
11 72 108
11 68 108
11 68 140
11 68 90
11 68 91
11 68 75
51 68 75
72 68 75
75 68 75
72 68 75
72 72 75
60 75 75
60 72 75
68 72 75
60 72 75
75 68 75
74 60 75
75 60 75
75 68 75
75 68 83
74 60 91
68 72 108
11 74 140
10 8 11
11 8 10
11 4 11
11 11 8
11 8 11
11 -4 10
11 4 10
11 8 11
11 4 11
11 4 11
11 4 11
11 8 11
8 8 11
8 8 11
11 8 11
8 4 10
11 11 11
11 4 11
11 10 11
10 11 11
10 8 11
11 11 11
11 8 8
11 8 8
11 10 10
8 8 10
11 11 8
8 10 11
11 10 11
10 4 11
11 10 10
11 4 11
11 -4 11
11 8 8
11 11 11
4 8 11
10 11 4
8 8 11
8 4 11
10 -4 11
11 8 10
4 8 11
4 11 11
11 8 11
8 8 10
4 8 11
11 11 11
4 8 11
11 11 4
10 10 11
4 10 11
10 -4 11
10 8 11
11 8 11
10 10 11
-4 11 11
8 8 11
11 8 4
10 -4 11
8 4 8
4 4 11
10 11 11
11 10 8
11 4 8
10 4 8
11 4 11
8 11 11
11 4 10
4 10 8
11 8 11
8 4 11
11 8 11
11 -4 4
10 8 4
11 4 11
11 8 11
10 4 10
11 4 11
10 4 11
11 8 11
11 8 11
11 -4 11
10 4 11
11 10 8
11 8 8
11 10 11
11 8 11
11 8 11
11 11 11
8 10 4
4 4 10
4 11 10
11 8 8
4 11 4
8 10 11
4 8 11
8 4 11
10 4 11
11 4 11
8 4 -4
11 8 11
11 4 11
11 -4 11
11 8 8
8 11 11
4 8 11
8 -4 10
4 4 8
11 11 8
11 11 11
8 8 11
4 8 11
8 11 11
8 11 8
11 11 11
-4 8 11
10 10 11
11 8 4
11 11 11
8 11 11
11 11 11
10 11 11
11 8 11
8 11 8
4 8 4
11 8 11
8 8 11
11 4 11
11 4 10
11 8 11
10 8 11
4 10 11
11 11 11
8 10 11
8 11 11
11 11 8
10 11 11
4 11 4
10 11 11
11 11 11
11 11 11
10 11 10
11 11 11
11 10 11
10 11 11
-4 11 11
4 11 11
8 11 8
10 8 11
8 4 11
11 4 11
11 8 10
11 8 11
8 -4 4
10 4 10
8 4 8
10 -4 10
8 8 11
11 11 8
8 10 11
10 8 8
11 10 11
4 4 10
11 11 11
11 10 11
11 4 10
10 11 11
11 8 11
11 11 11
11 11 11
11 11 11
8 11 11
11 11 11
11 11 11
11 11 11
11 11 11
11 11 10
11 11 11
11 10 11
11 4 11
11 8 11
11 10 11
11 11 8
11 11 11
11 8 8
11 11 10
11 8 11
11 11 11
11 11 11
11 11 11
11 11 11
11 10 11
10 11 11
11 10 11
11 11 11
11 4 11
11 11 11
11 11 11
10 8 11
11 11 10
-20 -20 -52
-17 -20 -52
-20 -20 -52
-20 -20 -85
-20 -20 -52
-20 -20 -85
-49 -20 -52
-52 -52 -52
-49 -20 -52
-52 -45 -52
-52 -45 -52
-52 -45 -52
-52 -49 -117
-52 -49 -85
-52 -52 -101
-52 -52 -86
-52 -52 -88
-52 -52 -85
-52 -52 -92
-81 -52 -101
-81 -52 -86
-85 -52 -88
-85 -52 -117
-85 -52 -88
-85 -52 -101
-88 -81 -117
-85 -52 -88
-85 -85 -117
-88 -52 -86
-88 -52 -117
-117 -85 -92
-117 -81 -88
-117 -81 -117
-117 -52 -117
-117 -85 -117
-117 -85 -92
-117 -86 -85
-117 -85 -92
-117 -85 -81
-117 -88 -85
-117 -117 -52
-117 -92 -81
-117 -117 -85
-117 -117 -81
-88 -86 -52
-117 -117 -85
-117 -101 -85
-117 -88 -85
-88 -85 -52
-108 -85 -52
-88 -52 -52
-117 -52 -52
-117 -52 -52
-88 -52 -38
-88 -52 -52
-86 -52 -45
-88 -52 -49
-88 -52 -20
-81 -52 -20
-88 -86 -20
-92 -85 -20
-88 -85 -20
-52 -85 -45
-52 -88 -20
-81 -85 -20
-52 -52 -20
-85 -52 -45
-52 -52 -20
-52 -52 -20
-52 -49 -20
-52 -20 -20
-52 -17 -20
-52 -17 -20
-52 -4 -20
-52 -4 -20
-52 -17 -20
-52 -17 8
-51 -20 4
-45 -20 -4
-51 -20 4
-20 -20 8
-20 -20 4
-38 -20 4
-45 -20 11
-49 -20 8
-20 -19 11
-20 -4 11
-20 8 11
-20 11 43
-4 11 51
11 11 60
10 43 75
11 11 75
11 60 91
11 60 91
11 68 140
11 60 75
11 72 75
11 68 60
11 68 11
-4 140 10
-20 140 11
-4 140 11
-4 140 11
8 140 4
11 91 11
11 140 11
11 108 11
11 108 11
11 91 11
11 83 11
11 91 43
11 74 11
11 83 11
11 75 11
11 75 43
11 72 11
11 72 11
11 68 43
11 60 11
11 51 11
11 51 11
11 60 11
11 43 11
60 43 60
11 43 11
43 11 11
43 11 43
43 11 68
68 11 75
60 11 68
75 11 74
43 11 74
60 11 74
68 10 72
60 8 43
72 4 72
68 4 60
72 -20 60
72 -20 43
74 -38 68
68 -20 68
72 -45 60
72 -49 60
74 -49 43
72 -49 68
75 -52 60
72 -52 60
60 -49 68
72 -52 68
72 -52 51
72 -51 68
68 -52 72
60 -52 68
68 -52 68
68 -52 68
72 -52 60
68 -81 43
74 -86 60
75 -88 43
75 -92 43
75 -117 11
68 -117 60
68 -117 11
72 -117 43
51 -117 11
60 -117 11
60 -117 11
43 -120 11
43 -120 11
11 -120 11
11 -124 11
11 -120 11
43 -120 11
11 -118 11
11 -120 11
11 -120 11
11 -117 11
11 -117 8
11 -117 8
11 -120 8
11 -120 8
11 -120 8
11 -118 -4
11 -124 -4
11 -117 -20
11 -117 -4
10 -118 -4
10 -117 -20
4 -117 -20
4 -117 -20
-4 -117 -20
-4 -92 -20
-4 -88 -20
-20 -86 -20
-4 -85 -20
-20 -85 -49
-17 -86 -20
-20 -88 -45
-20 -85 -38
10 -4 4
10 11 11
8 4 11
11 11 11
11 8 10
10 8 11
10 -4 10
11 11 -4
8 10 8
4 4 4
11 8 8
4 8 8
8 -4 4
4 4 8
11 10 -4
11 4 8
11 8 4
11 8 8
11 4 11
11 4 4
11 -4 10
11 4 11
4 4 8
11 4 4
11 8 -4
11 4 4
11 8 4
11 -4 8
10 4 8
11 4 4
11 4 8
4 8 10
8 4 8
8 4 4
11 -4 8
8 4 8
11 -4 11
10 4 8
11 -4 8
4 -4 8
11 -4 11
11 4 8
11 -4 4
4 4 8
8 -20 10
10 -4 10
11 -4 8
4 -4 -4
11 4 4
10 8 4
4 -4 4
4 -4 -4
8 -4 4
11 4 10
4 -4 8
11 4 10
4 -4 4
11 -4 -4
11 4 -4
10 -4 -4
10 -4 -4
10 4 -4
10 -4 8
4 -4 10
-4 4 -4
10 -4 4
11 -4 4
8 10 4
4 -4 -4
4 8 -4
8 4 -20
8 8 8
4 4 4
-17 -4 4
4 4 8
8 4 8
4 -4 10
-4 -4 4
4 -4 4
-4 -4 -4
-4 -20 -4
8 -4 -4
-4 -4 -20
-4 4 -20
11 4 -4
4 4 8
-4 8 11
8 11 10
-4 4 8
4 -4 8
8 8 10
4 8 -4
8 -4 -4
10 4 -4
8 -4 -4
10 -19 4
8 8 4
4 4 8
4 8 -4
10 4 4
11 10 11
11 11 10
11 8 8
11 11 4
11 10 11
8 11 11
8 10 4
8 11 4
11 8 4
11 10 8
10 11 10
8 10 4
8 11 11
8 11 4
8 10 -4
4 11 8
10 10 11
8 8 8
11 11 4
8 10 10
4 8 11
8 11 8
10 10 8
11 10 10
8 11 11
11 10 10
11 8 8
11 11 10
11 8 10
8 4 4
11 4 10
10 11 11
11 8 11
8 8 10
11 10 -4
11 8 8
4 8 11
11 8 11
8 -4 11
8 4 8
11 11 11
11 -4 10
11 10 11
11 8 4
10 11 11
4 4 4
8 11 11
11 8 4
11 11 11
11 8 8
4 10 8
11 4 10
8 4 8
11 4 11
8 11 11
10 8 11
11 11 11
4 10 4
8 10 8
10 10 -4
8 10 11
4 8 8
11 10 8
11 10 11
10 10 11
11 11 11
11 8 8
11 8 11
4 10 11
8 11 11
11 11 8
10 10 11
8 8 8
11 4 11
8 8 4
11 11 8
8 10 11
-4 10 8
11 10 11
4 10 10
11 8 4
11 4 -4
11 4 10
11 4 4
8 8 11
10 8 10
8 8 8
11 -4 10
8 8 8
11 8 11
11 -4 11
11 11 11
10 4 8
-4 -4 -4
8 4 11
4 11 10
4 4 11
10 11 11
8 4 10
10 10 8
4 11 -20
-4 10 -19
4 11 -20
8 -4 4
8 11 -4
11 4 -17
4 8 -4
10 11 4
4 8 4
11 8 4
-4 4 10
4 4 11
8 4 8
-4 10 8
-20 -4 4
-4 4 -4
4 -4 8
4 10 8
-4 8 -20
-4 4 4
-4 4 -17
4 8 -4
-19 4 -4
-4 -4 -20
-4 -4 -20
-4 -17 -19
-4 -4 8
4 -4 4
-4 -20 4
-4 -4 -4
-4 -20 4
4 -17 4
-19 -17 -4
-4 -4 -4
-19 -19 4
4 4 -4
4 -4 -4
-4 -4 -19
-4 4 -20
4 -4 -4
4 4 -20
8 4 -4
8 4 -4
-4 4 -4
4 -4 -20
-17 -4 -19
-4 -4 -20
8 4 -17
11 -4 4
4 -4 -20
8 -4 4
10 4 -4
4 -4 -20
-4 -4 -4
8 4 -20
11 -4 -19
-4 -20 -20
4 4 -20
10 -4 -4
8 -20 -19
-4 -20 -20
-4 -20 -17
4 -20 -20
4 -20 -20
11 -20 -20
10 -20 -20
10 -4 -20
4 -20 -20
4 -19 -20
8 -20 -20
4 -17 -20
11 -20 -20
10 -20 -20
8 -20 -20
11 -17 -20
8 -20 -20
8 -20 -20
11 -20 -20
11 4 -20
4 -19 -20
8 -4 -4
11 -4 -20
8 -20 -20
10 -4 -19
11 -4 -20
11 4 -19
10 -4 -20
8 11 -20
10 4 -17
11 8 -20
11 -4 -20
8 -4 -20
11 4 -4
4 4 -4
8 8 -4
11 -4 -20
8 4 -4
4 10 -4
10 -4 -20
10 10 4
8 8 8
11 4 10
8 11 10
8 4 4
10 11 8
10 8 4
11 4 -4
11 10 8
11 10 4
11 10 4
8 11 8
11 11 4
11 11 11
11 11 8
11 10 11
11 10 -4
11 10 4
8 10 11
11 11 10
8 8 11
8 4 10
8 8 11
10 4 11
11 8 11
11 10 8
11 4 10
11 10 11
10 -4 10
8 8 10
11 11 4
11 -4 11
10 8 8
11 8 4
11 11 4
11 8 8
11 4 11
11 4 -4
10 10 -4
11 10 11
8 8 10
10 4 4
11 4 11
11 11 4
8 8 11
11 8 11
11 10 11
11 4 8
11 8 10
11 8 8
11 -4 4
10 11 10
8 4 4
11 11 10
11 4 11
11 8 11
11 11 8
11 4 11
8 11 8
4 8 8
11 4 11
11 8 4
10 4 8
8 10 10
4 8 11
10 10 11
11 10 11
8 4 11
11 8 11
4 -4 11
11 -4 11
11 4 11
11 4 10
11 8 11
10 11 8
8 11 11
11 11 8
11 8 10
11 4 11
8 8 8
11 4 11
11 4 11
10 10 8
11 4 4
8 8 8
10 4 8
10 10 11
11 4 11
11 10 11
11 8 11
8 8 11
8 -4 10
11 11 11
11 4 11
11 10 11
11 8 4
11 8 8
11 8 -4
11 8 -4
11 11 8
11 4 8
8 10 11
11 10 10
11 10 10
10 10 8
10 11 11
11 11 8
11 11 8
4 8 8
11 10 11
11 4 8
8 8 8
8 11 11
4 8 11
-4 4 8
8 11 10
8 10 8
4 10 10
11 4 8
11 11 10
4 4 8
11 8 10
11 -4 10
11 11 8
10 10 10
4 4 11
8 4 11
8 8 8
11 8 4
8 4 -4
11 4 -4
8 11 4
10 8 11
10 8 8
4 4 11
4 4 8
8 8 -4
11 10 8
11 4 11
11 4 8
11 11 11
11 -4 11
10 4 8
10 4 -4
8 10 8
4 8 8
8 8 -4
11 8 10
11 -4 -4
10 10 11
8 10 8
-4 10 11
11 4 10
-4 -4 11
10 4 -17
11 4 11
10 10 4
8 4 8
11 4 4
4 8 11
11 10 8
11 4 11
10 4 4
11 11 11
-4 8 4
8 4 10
10 8 -4
11 4 4
4 8 4
-4 10 -4
4 8 11
10 10 10
8 -4 -4
11 4 -4
11 8 4
11 -4 4
8 -4 11
11 4 10
11 4 8
4 4 4
10 4 4
10 8 11
11 8 8
8 8 4
4 -4 -4
10 8 4
8 10 8
8 8 -4
4 8 -4
10 -4 8
10 10 -4
8 4 4
10 8 8
10 4 4
10 4 -4
4 11 4
-4 -4 10
8 11 4
4 8 11
11 4 4
10 4 -4
-45 4 -45
-45 8 -49
-52 -4 -52
-52 4 -52
-52 -4 -52
-52 -4 -52
-52 -4 -52
-49 -4 -52
-52 -4 -52
-52 -19 -52
-52 -4 -52
-52 -20 -52
-52 -19 -85
-52 -4 -81
-52 -4 -52
-52 -17 -81
-52 -17 -52
-52 -4 -52
-52 -4 -52
-81 -19 -52
-52 -4 -52
-52 -17 -52
-52 -4 -52
-81 -19 -52
-116 -17 -49
-52 -17 -20
-81 4 -20
-52 -4 -20
-81 -4 -20
-52 -20 -20
-52 -4 -17
-52 -4 4
-52 -4 11
-81 -4 11
-52 -17 11
-52 -4 11
-81 -4 11
-52 -4 11
-52 -17 11
-52 -4 11
-52 -20 43
-52 -4 43
-52 -20 60
-49 -20 68
-45 -20 68
-20 -17 72
-20 -20 74
-20 -20 75
-4 -20 75
-4 -20 75
4 -20 91
4 -20 75
8 -20 75
8 -20 91
11 -20 91
11 -37 75
11 -20 90
11 -45 83
11 -20 75
43 -49 75
43 -45 75
60 -49 75
74 -49 68
75 -45 74
75 -52 60
75 -52 60
75 -49 68
75 -49 51
91 -52 11
108 -52 11
91 -52 11
140 -49 11
12 -52 11
140 -52 11
140 -52 11
91 -52 8
91 -51 8
91 -52 4
91 -51 -4
91 -52 -4
75 -49 -17
83 -49 -20
75 -51 -19
74 -51 -20
68 -51 -20
60 -52 -20
68 -52 -20
51 -52 -45
60 -52 -20
43 -52 -49
11 -52 -52
11 -52 -51
11 -52 -52
11 -52 -52
11 -52 -52
10 -52 -52
8 -52 -52
-4 -52 -52
4 -52 -52
-4 -52 -52
11 8 4
11 8 8
4 11 11
4 11 8
8 11 8
11 8 4
8 8 11
11 11 10
4 10 10
-4 4 8
8 10 4
4 11 4
8 4 8
4 8 10
11 8 8
4 11 11
8 11 8
10 11 11
4 11 11
11 8 4
10 10 11
10 4 11
8 11 11
10 11 11
4 11 11
8 4 11
4 11 4
-4 4 4
10 8 11
4 8 11
11 4 11
11 8 11
4 4 11
11 -4 4
4 10 4
-4 4 8
10 -4 10
10 8 4
8 8 4
4 4 4
-4 4 8
-4 11 8
11 8 8
4 11 11
10 8 11
8 8 11
11 11 11
4 4 10
8 11 11
10 11 4
4 8 10
-4 4 11
4 -4 11
11 4 8
8 4 4
8 10 4
8 10 -17
8 8 -4
8 -4 8
-4 8 -4
8 -4 4
10 4 -4
8 10 8
4 11 4
8 11 8
4 11 8
8 10 -4
11 4 10
11 4 11
4 -4 -4
11 8 11
4 10 4
-4 8 -4
-4 8 8
8 10 11
8 -4 4
8 11 8
8 8 4
4 10 8
4 -4 4
10 4 8
4 8 4
4 8 10
10 4 8
11 -4 4
4 4 11
11 4 4
4 -4 8
11 8 8
11 8 8
11 4 11
10 8 4
8 11 4
10 11 4
10 4 4
8 4 10
10 4 4
10 4 8
10 10 8
4 -4 4
11 11 43
11 10 11
11 11 11
11 8 19
4 8 11
10 11 11
10 11 11
11 11 11
-213 11 43
72 10 68
74 4 51
72 8 60
11 -4 11
11 -17 11
11 -20 11
10 -4 11
11 8 11
11 -4 11
11 4 11
43 -4 11
43 -4 11
11 -20 11
11 -4 11
11 4 43
11 4 11
11 10 11
11 11 11
11 8 11
11 -4 11
11 -17 11
11 -20 11
11 -20 11
11 -20 11
11 -20 11
11 -20 11
43 -4 11
74 4 11
75 -17 11
74 -4 11
11 -17 11
11 -20 11
11 -20 11
-4 -20 11
4 -20 11
-4 -20 11
10 -19 11
11 -4 11
60 -4 10
68 -19 11
43 -4 11
60 4 11
11 4 10
11 4 11
10 -4 11
11 -20 4
11 -19 4
11 -20 4
11 -20 4
11 -20 -4
11 -4 8
11 -4 10
11 -4 11
11 -4 8
11 4 8
11 4 10
11 -4 4
11 -4 11
11 -4 10
8 4 4
11 4 4
4 11 -4
11 11 10
11 10 4
11 -4 11
11 -17 -4
11 -20 11
11 8 11
8 8 8
10 11 8
11 11 10
11 11 10
11 11 11
11 4 10
8 8 11
10 4 11
4 11 -4
4 11 4
11 11 11
11 11 8
11 11 10
11 11 11
11 11 11
11 11 11
-4 11 4
4 11 11
-4 8 11
-20 8 11
-4 8 -4
4 11 4
10 11 4
11 8 4
4 11 11
11 10 10
8 11 11
10 10 11
-4 11 11
11 11 11
11 11 11
4 10 11
8 11 8
4 11 10
8 11 4
8 10 4
8 11 10
11 11 11
10 10 10
11 11 8
10 8 10
11 10 8
10 11 8
11 8 11
8 11 11
8 11 4
8 4 11
10 11 4
8 8 8
8 11 -4
4 11 11
11 8 11
8 8 10
11 11 11
11 8 4
4 10 4
11 8 11
11 11 4
4 11 8
11 8 8
10 10 11
11 11 4
4 11 8
11 11 11
11 11 8
10 11 4
11 8 10
11 11 4
11 11 10
11 11 11
11 11 10
8 11 8
10 10 4
11 11 8
10 11 11
4 8 11
8 11 11
4 11 8
10 8 11
11 11 8
8 11 8
11 11 11
4 10 11
4 11 10
4 11 4
8 11 10
11 10 11
8 11 8
11 11 4
10 10 11
11 11 4
8 11 11
11 8 11
11 8 8
8 11 4
11 8 -4
8 10 10
10 10 8
4 11 4
4 10 -4
8 11 11
11 11 11
8 10 10
10 11 8
10 8 -4
8 11 8
10 10 8
11 11 4
11 11 10
10 11 11
11 11 4
8 10 11
10 8 -4
8 11 4
8 10 4
11 11 4
8 11 4
11 11 -4
10 10 4
4 11 4
11 11 8
4 10 10
8 10 11
11 11 11
8 8 11
11 4 11
11 4 11
11 8 11
11 8 10
11 11 11
11 11 10
11 10 10
11 11 11
11 4 11
11 4 11
11 4 11
11 10 8
11 11 11
11 4 11
11 8 11
10 11 10
11 11 11
11 8 11
11 10 11
11 11 10
11 4 11
11 8 11
11 10 10
11 10 10
11 11 10
11 11 8
11 10 11
11 8 11
11 11 11
8 11 11
10 11 11
11 11 4
11 11 11
11 11 10
11 10 11
11 11 11
11 11 11
11 11 11
11 10 11
11 11 11
11 11 11
10 11 11
10 11 11
11 8 8
11 11 11
10 11 11
10 11 11
11 11 8
11 8 11
11 11 11
8 11 4
8 11 11
11 8 11
8 11 4
10 10 11
11 4 11
11 11 10
8 11 11
11 10 11
11 11 10
11 8 8
10 11 11
11 11 11
11 11 11
11 11 11
11 8 10
11 11 8
11 11 11
10 11 11
10 10 11
11 10 11
10 11 10
11 10 11
8 11 11
4 11 11
10 11 11
8 11 11
11 11 8
10 11 11
8 11 11
11 11 11
8 11 11
11 8 10
8 11 11
11 8 11
11 10 4
4 11 11
11 8 11
11 11 10
11 8 11
10 4 10
4 11 11
11 10 11
10 8 11
8 4 8
8 10 11
10 8 10
11 11 11
End
