87 57 50
121 75 66
111 120 70
33 88 57
-34 17 20
-25 -10 23
15 34 20
61 92 37
24 15 60
33 -30 52
8 -10 20
-7 1 -13
-22 -6 -10
52 31 28
69 19 6
37 -25 -2
-76 -14 14
-74 53 39
-62 64 32
15 1 6
-25 -55 -26
-70 -66 -32
-78 -40 -19
-44 -14 -7
-27 -29 -18
-10 4 6
-13 16 30
-20 22 -11
-17 -35 -74
-26 -72 -112
-47 -107 -70
-55 -59 -23
-82 -79 -18
-48 -81 -29
-49 -71 -17
-21 -54 -46
-39 -59 -48
-60 -87 -14
5 -14 17
-5 32 -21
-2 -75 -90
-104 -155 -106
-143 -102 -17
-104 53 14
-27 40 -28
21 -45 -75
11 -87 -48
-34 -28 -16
-15 -63 -32
-23 -95 -43
-23 -76 -29
-52 41 -3
-50 55 -14
-31 -31 -43
27 -67 -55
38 -32 -31
52 -11 -20
-17 -78 -55
-81 -73 -38
-47 -16 30
-19 4 39
-18 -21 20
-8 -9 5
-35 83 6
55 108 9
103 18 15
71 -74 19
-15 -2 29
-35 50 44
27 29 9
62 -33 -33
25 -9 -47
-17 7 18
-6 54 46
17 -31 22
30 -72 -10
14 -22 5
16 84 46
41 45 65
15 -11 28
3 -26 8
30 35 18
71 58 21
34 38 27
31 -6 10
17 12 10
54 36 -10
23 1 -6
-2 28 12
6 48 45
23 68 33
15 41 16
10 14 -1
-1 24 13
37 62 28
59 38 2
41 -9 -5
-7 -3 6
-28 37 19
-6 14 38
22 17 18
41 22 -8
43 56 -1
-3 37 28
-2 32 40
20 53 18
65 57 20
63 57 15
9 54 16
-22 54 21
-5 45 11
13 4 1
25 -14 -10
6 -21 -10
4 22 0
-21 23 22
-51 -21 12
-48 -34 -10
-13 13 -16
9 14 -7
14 -24 15
-10 -23 20
-24 -23 -5
-35 7 -21
-18 9 -13
-20 -20 -5
-18 -42 -13
-43 -30 -20
-40 -5 -16
-1 -3 8
6 15 -1
-33 -39 -21
-25 -34 -25
-46 -46 -8
-47 -8 -10
-34 -12 -29
-28 -33 -32
-31 -63 -22
-17 -69 -26
-27 -36 -35
-33 -28 -46
-39 -40 -26
-51 -76 19
-71 -40 4
-28 2 -13
9 2 -3
44 4 -2
16 -22 -4
-11 -27 8
-19 -12 6
25 -23 8
13 -46 8
-13 -39 -6
-44 -1 -10
-14 21 10
-2 44 30
3 13 21
6 9 15
5 -1 31
12 16 31
12 7 22
1 -22 -17
20 29 4
28 49 23
-8 25 36
0 12 28
22 1 18
25 20 18
30 25 14
7 8 18
55 24 21
50 52 30
51 59 26
29 28 21
16 37 17
25 33 2
21 44 -15
14 13 -23
23 8 -9
22 37 14
16 71 18
19 30 35
29 -29 17
30 -29 2
-7 31 2
4 44 -4
20 31 -8
34 4 1
33 12 2
10 9 6
-1 -5 -2
29 -8 -10
2 13 -14
-7 10 0
-10 -1 8
4 -6 3
-3 -10 0
-23 -18 -7
-22 -10 -5
-14 -9 0
-17 1 -6
-23 -26 -1
-30 -32 5
14 -10 1
17 10 -17
-26 9 -20
-52 -18 -5
-33 -34 0
-11 -7 -5
-12 15 -16
-17 -2 -12
-12 -41 1
-54 -46 6
-51 -12 -17
-40 -22 7
-38 -24 -8
-7 -51 -34
-42 -30 -21
-50 -35 -15
-5 -33 -14
-10 -13 -35
-30 -14 -44
-48 -15 -29
-44 -4 -5
-18 -16 -27
-31 -18 -55
-51 -26 -42
-47 -40 -18
-42 -36 -9
-12 -39 -16
-21 -38 -37
-20 -46 -40
-9 -57 -34
-2 -37 -26
-7 -2 -38
-14 -12 -43
-8 -17 -46
-26 2 -49
-30 25 -32
-5 4 -29
11 -57 -28
-4 -58 -42
-30 -30 -40
-22 -11 -39
-12 -12 -27
-16 -36 -28
-38 -62 -32
-19 -41 -33
6 -19 -19
35 65 36
-10 -2 -88
-6 7 -101
15 17 -98
29 37 -103
38 25 -84
44 14 -62
59 -7 -38
43 -9 -14
30 -2 10
11 -10 36
-4 -17 67
-9 -31 67
-25 -42 78
-46 -48 94
-51 -33 74
-57 -43 72
-76 -34 44
-81 -37 23
-57 -24 1
-50 -27 -28
-26 -12 -54
-2 10 -82
-4 22 -98
9 19 -102
19 33 -101
38 24 -106
48 14 -86
49 17 -65
51 15 -41
40 17 -18
36 -13 25
9 -22 45
-5 -19 68
-21 -34 74
-45 -37 83
-60 -57 84
-85 -57 75
-86 -56 58
-86 -62 62
-75 -46 19
-71 -30 -9
-45 -19 -42
-41 -20 -63
-24 -15 -91
-1 8 -94
22 10 -106
34 24 -118
38 23 -103
48 22 -93
66 5 -81
54 7 -62
45 3 -13
50 -6 13
22 -30 40
4 -20 70
-23 -42 73
-34 -46 79
-51 -47 91
-65 -61 77
-73 -51 71
-82 -58 67
-83 -34 30
-61 -40 3
-47 -31 -37
-25 -22 -63
-7 -23 -81
18 -2 -99
28 16 -113
41 36 -113
52 34 -100
62 37 -83
66 28 -76
73 26 -49
68 -2 -11
50 5 11
25 -20 49
9 -9 51
-8 -31 86
-34 -27 77
-41 -49 89
-54 -44 80
-71 -66 76
-75 -65 57
-57 -72 31
-62 -43 1
-49 -46 -18
-32 -29 -60
-6 -29 -81
2 2 -98
6 20 -106
40 27 -103
58 28 -95
57 23 -98
69 28 -78
84 9 -53
65 7 -9
47 14 18
45 3 38
17 -5 76
-7 -12 88
-23 -36 89
-46 -51 90
-66 -61 96
-75 -55 68
-75 -62 70
-70 -53 38
-60 -60 9
-53 -46 -26
-34 -37 -59
-23 -3 -91
4 7 -103
24 18 -110
28 19 -119
59 30 -106
56 36 -101
71 39 -77
70 29 -58
60 -1 -21
54 8 -1
43 10 39
20 -4 60
-9 -10 74
-19 -16 88
-34 -41 100
-53 -40 101
-71 -53 97
-67 -61 72
-71 -29 52
-67 -35 25
-46 -35 -9
-38 -21 -40
-15 -11 -72
3 -6 -103
25 20 -95
41 30 -106
37 34 -104
54 16 -105
73 25 -79
75 17 -47
64 6 -10
50 16 17
41 16 44
29 6 79
0 6 95
-18 -18 107
-26 -30 109
-32 -35 114
-52 -42 106
-69 -44 82
-63 -27 61
-45 -35 20
-42 -41 -8
-22 -29 -52
-3 -24 -73
11 -8 -93
30 12 -99
50 23 -98
49 44 -99
55 42 -94
78 42 -86
69 16 -52
62 18 -23
65 17 17
46 2 50
37 18 86
13 3 101
-14 -6 100
-28 -13 119
-35 -38 117
-51 -36 110
-67 -44 92
-76 -20 55
-61 -18 21
-51 -17 -12
-43 -36 -42
-14 -12 -70
-2 15 -75
13 28 -92
41 39 -102
54 71 -100
79 48 -103
82 63 -82
79 43 -38
90 43 -8
66 26 18
50 30 56
38 28 78
17 28 105
-9 16 119
-21 -2 123
-29 -14 121
-44 -29 125
-63 -33 102
-72 -30 82
-76 -25 29
-52 -23 1
-33 -16 -27
-12 -6 -75
6 3 -76
26 23 -80
41 43 -98
64 42 -89
82 54 -87
72 59 -74
80 41 -48
87 41 -1
68 51 7
54 30 46
43 35 88
13 16 110
5 9 127
-25 -2 118
-45 -28 121
-63 -18 123
-78 -38 111
-73 -27 87
-70 -24 47
-67 -20 7
-44 -27 -17
-23 -8 -64
-1 1 -80
18 12 -94
36 32 -98
63 54 -99
71 56 -100
78 48 -91
87 53 -48
90 29 -21
83 45 6
67 44 39
50 46 77
23 34 106
2 21 121
-10 -6 118
-30 -14 119
-55 -25 118
-60 -25 103
-64 -29 88
-75 -25 47
-64 -27 14
-41 -29 -23
-35 -12 -71
-17 -8 -89
17 28 -99
40 30 -112
51 33 -102
72 55 -105
67 56 -77
98 55 -62
-53 -1 83
-55 41 101
-37 52 91
2 76 80
7 99 68
12 97 55
34 90 35
51 81 8
64 45 -29
58 37 -43
50 15 -85
59 -21 -83
44 -49 -84
29 -56 -87
18 -88 -88
0 -92 -71
-39 -97 -55
-41 -74 -16
-51 -56 12
-48 -26 32
-47 -1 55
-50 25 95
-48 42 98
-29 63 92
-20 88 85
-1 90 75
14 98 57
33 84 39
37 72 12
47 68 -21
64 38 -49
68 20 -70
67 -4 -99
56 -50 -114
52 -50 -124
37 -78 -118
1 -104 -95
-26 -101 -87
-38 -103 -57
-51 -76 -20
-60 -69 0
-73 -59 25
-70 -43 72
-80 -9 87
-64 25 106
-58 53 105
-54 71 114
-32 98 107
-11 119 77
17 104 54
33 98 25
40 76 -6
54 54 -38
50 25 -71
56 -5 -98
62 -31 -117
47 -68 -111
25 -83 -111
9 -98 -100
3 -96 -84
-39 -96 -58
-57 -94 -31
-55 -79 12
-62 -38 45
-62 -23 75
-62 21 107
-58 18 118
-45 54 105
-36 91 122
-23 104 95
-4 106 69
23 92 46
39 87 20
45 89 -16
53 35 -45
57 15 -76
58 3 -111
73 -48 -123
42 -77 -130
46 -105 -124
13 -117 -115
-5 -103 -98
-28 -103 -66
-42 -103 -41
-48 -83 6
-67 -55 49
-67 -29 71
-69 5 109
-70 33 116
-41 77 129
-33 86 123
-28 94 96
10 115 88
33 105 63
41 94 36
55 66 -7
57 35 -45
54 18 -64
53 -11 -96
55 -52 -123
44 -66 -126
28 -92 -133
11 -100 -116
-1 -118 -110
-40 -109 -71
-44 -87 -25
-39 -85 11
-59 -33 56
-61 -28 75
-61 20 106
-50 43 130
-33 73 144
-18 95 137
9 115 134
13 122 117
20 135 64
38 123 31
62 90 2
52 49 -49
42 27 -76
62 -26 -113
64 -52 -136
50 -75 -139
34 -89 -144
13 -112 -124
6 -116 -109
-20 -120 -68
-36 -102 -34
-53 -86 -15
-62 -79 31
-69 -26 63
-78 -4 96
-66 24 117
-58 61 128
-44 91 131
-15 106 117
2 119 106
13 102 65
36 101 43
43 77 -15
50 62 -51
53 20 -70
57 -10 -102
61 -56 -131
36 -83 -152
34 -95 -137
11 -115 -126
-17 -128 -110
-19 -124 -79
-39 -98 -34
-52 -80 7
-52 -51 47
-63 -15 80
-56 16 120
-56 39 136
-41 69 150
-30 93 152
-5 103 141
5 136 125
20 123 89
42 116 52
67 100 6
76 90 -34
61 38 -69
77 12 -102
71 -49 -132
62 -78 -164
41 -90 -140
27 -110 -128
4 -114 -128
-2 -114 -93
-30 -124 -48
-38 -94 -14
-57 -70 25
-58 -36 64
-66 -7 101
-77 34 135
-68 54 136
-38 66 137
-33 98 126
-12 107 101
4 104 61
20 105 36
44 72 5
54 52 -33
54 39 -71
56 2 -105
68 -42 -146
72 -86 -149
57 -109 -153
30 -115 -134
19 -120 -115
-14 -122 -92
-37 -111 -59
-51 -90 -23
-60 -65 41
-62 -49 69
-58 -14 115
-57 21 146
-55 69 156
-39 95 150
-24 110 140
-11 120 121
16 122 105
25 111 66
31 101 37
48 77 0
57 46 -58
76 26 -80
72 -14 -102
77 -59 -126
57 -79 -129
42 -99 -127
4 -110 -110
-8 -128 -91
-24 -113 -60
-44 -99 -21
-56 -79 18
-65 -37 46
-54 -8 102
-72 31 118
-62 50 135
-51 93 130
-29 89 130
-24 111 106
6 112 72
18 112 50
54 105 12
54 81 -20
55 33 -60
58 22 -101
50 -31 -141
62 -65 -142
49 -92 -159
30 -111 -150
9 -123 -127
3 -126 -95
-24 -123 -63
-49 -92 -22
-57 -87 13
-66 -35 54
-66 -9 86
-68 25 123
-77 49 131
-58 79 146
-33 92 143
-24 120 122
7 133 105
24 125 57
-25 -88 -5
-33 -115 -16
-43 -108 -16
-46 -83 -23
-56 -56 -32
-48 -38 -30
-34 7 -25
-24 23 -4
-10 49 -12
0 86 -6
5 102 4
24 107 9
33 106 16
43 97 17
33 71 21
40 69 16
34 31 21
29 7 15
21 -42 10
3 -75 1
-10 -99 15
-15 -101 -4
-33 -110 -5
-47 -112 -14
-43 -94 -14
-51 -80 -17
-40 -53 -23
-27 -25 -25
-41 19 -13
-5 42 0
-10 76 -2
16 101 -3
21 114 4
44 110 20
47 119 18
48 106 25
52 101 35
49 70 18
45 36 15
27 4 16
19 -25 11
14 -74 3
-9 -87 -10
-18 -92 -7
-27 -118 -10
-48 -110 -16
-50 -108 -27
-65 -98 -19
-54 -69 -22
-34 -36 -24
-23 2 -13
-15 36 -8
-1 66 18
13 98 10
26 115 14
38 114 24
49 120 20
47 110 23
67 102 14
42 66 17
43 36 18
33 10 8
28 -31 4
2 -69 -8
-12 -91 -17
-22 -101 -13
-30 -120 -3
-41 -116 -14
-36 -113 -13
-55 -102 -13
-48 -73 -30
-31 -49 -15
-24 -2 -14
-18 30 -1
-15 68 2
9 90 9
15 119 18
31 122 14
43 134 27
40 124 10
49 108 13
36 84 29
32 47 12
27 10 10
10 -31 8
7 -65 4
-8 -101 -3
-12 -105 -22
-25 -118 -15
-54 -113 -19
-51 -122 -27
-59 -105 -18
-43 -82 -29
-46 -46 -18
-29 -16 -17
-15 18 0
-4 52 13
14 84 22
20 106 15
21 118 24
44 129 23
39 117 23
40 102 22
41 91 23
44 52 15
28 7 7
25 -39 2
6 -83 7
-19 -88 -7
-30 -130 -8
-35 -138 -14
-53 -132 -10
-46 -133 -12
-47 -109 -12
-52 -84 -30
-34 -46 -15
-39 -18 -14
-23 28 -4
10 65 -1
4 74 13
25 110 20
18 115 -2
40 113 8
49 112 10
56 106 11
55 77 16
42 58 4
31 1 -7
22 -37 -18
7 -73 -11
-4 -104 -13
-20 -114 -16
-28 -136 -20
-58 -140 -16
-35 -125 -22
-36 -123 -17
-42 -98 -35
-43 -64 -13
-34 -18 -16
-20 9 -16
-12 59 7
-12 87 -8
18 100 -4
21 108 5
42 110 2
42 113 7
44 97 9
34 94 5
23 50 2
34 13 -8
11 -18 -4
8 -65 -7
-12 -100 -30
-24 -125 -24
-34 -131 -26
-50 -127 -17
-50 -129 -27
-52 -119 -31
-44 -97 -32
-46 -70 -37
-49 -19 -29
-19 4 -24
-27 35 -7
-16 64 -16
11 91 -9
21 112 -2
24 105 5
30 112 12
33 95 2
33 84 0
36 55 6
21 12 6
22 -21 4
4 -54 -8
-14 -95 -9
-28 -116 -22
-21 -116 -29
-46 -128 -23
-45 -131 -31
-57 -132 -12
-56 -93 -37
-45 -75 -32
-50 -18 -35
-39 11 -18
-13 51 -7
-7 75 -2
0 105 7
19 107 13
30 118 -8
24 111 15
32 113 19
47 76 26
33 68 33
32 7 8
33 -28 11
4 -48 6
-4 -102 0
-15 -118 -7
-27 -139 -9
-35 -133 -13
-50 -132 -23
-40 -130 -35
-39 -90 -26
-45 -75 -26
-37 -32 -35
-24 3 -21
-18 37 -6
-3 77 8
19 97 -5
21 119 18
31 120 14
38 114 2
57 102 18
45 78 34
41 76 30
35 25 31
19 -9 11
6 -59 13
-14 -88 6
-29 -97 -3
-28 -126 -4
-34 -139 -10
-47 -128 -18
-56 -128 -20
-49 -91 -48
-47 -70 -28
-31 -38 -18
-34 7 -15
-14 42 -5
-10 75 1
13 96 -4
7 124 8
29 132 13
47 119 9
44 130 18
45 103 29
40 70 29
35 41 23
17 -11 22
16 -35 10
-2 -87 16
-12 -96 12
-14 -116 -1
-30 -119 -4
-46 -120 -21
-49 -123 -26
-46 -91 -33
-46 -68 -39
-34 -37 -34
68 81 -32
91 95 -30
87 111 -31
76 86 -27
60 79 -10
40 55 1
13 22 9
-3 -1 23
-36 -54 29
-53 -73 46
-66 -90 37
-86 -100 32
-74 -108 44
-82 -96 46
-81 -90 31
-59 -68 21
-37 -55 10
-6 -14 1
1 16 -13
26 53 -30
57 71 -35
74 86 -45
76 109 -40
80 117 -51
90 111 -41
82 104 -30
63 75 -33
29 70 -17
9 12 -2
-26 -12 -7
-44 -57 25
-62 -94 19
-89 -107 42
-95 -123 48
-102 -117 54
-107 -116 54
-78 -106 44
-68 -77 31
-47 -76 18
-23 -39 1
3 6 -13
30 54 -25
65 90 -36
83 106 -43
95 117 -51
103 127 -50
95 136 -44
86 133 -36
72 119 -26
46 83 -28
13 34 -10
-14 -6 4
-59 -58 19
-81 -108 39
-91 -127 49
-102 -138 52
-111 -144 59
-125 -133 49
-113 -125 43
-93 -104 40
-57 -77 12
-36 -42 -2
2 -6 0
46 43 -33
72 99 -36
101 116 -68
114 130 -55
110 140 -58
126 149 -67
119 136 -46
83 104 -33
54 105 -27
16 20 -21
-18 -10 0
-58 -50 10
-81 -103 29
-111 -134 54
-114 -148 50
-124 -151 67
-122 -163 55
-105 -137 47
-79 -104 33
-67 -90 32
-29 -34 -2
13 -6 -16
42 43 -32
74 97 -39
107 118 -48
106 151 -60
109 162 -57
124 140 -57
118 138 -57
87 111 -35
57 89 -28
22 30 3
-11 -13 14
-46 -63 14
-83 -111 42
-110 -128 55
-121 -149 70
-139 -159 83
-128 -166 62
-116 -138 53
-96 -132 50
-70 -100 20
-24 -59 10
7 -1 -9
36 54 -23
76 96 -42
102 125 -60
109 155 -62
120 149 -58
129 151 -63
109 148 -52
107 124 -57
62 92 -37
12 48 -7
-14 -7 -5
-47 -46 25
-87 -106 42
-98 -122 53
-129 -143 70
-133 -158 71
-131 -132 68
-125 -127 64
-100 -105 55
-68 -84 45
-28 -42 26
-2 -1 6
44 56 -22
74 101 -35
94 124 -60
127 138 -66
125 145 -64
138 134 -68
130 138 -65
100 114 -51
78 101 -33
32 50 -18
-1 -2 1
-53 -39 15
-99 -114 29
-104 -139 51
-129 -138 74
-132 -141 77
-133 -127 70
-126 -123 65
-103 -117 52
-62 -89 38
-22 -46 17
16 -7 4
45 46 -24
81 96 -43
107 128 -49
133 122 -56
143 151 -62
145 146 -59
132 142 -64
101 126 -56
66 93 -45
32 49 -27
-20 1 -2
-49 -44 28
-88 -111 38
-124 -134 50
-134 -137 69
-125 -145 75
-142 -128 84
-120 -128 73
-103 -123 60
-83 -93 47
-30 -55 23
12 12 14
48 46 -16
101 89 -37
113 133 -46
132 151 -71
148 145 -72
144 138 -73
140 150 -58
115 125 -47
81 97 -34
40 75 -24
-5 14 -7
-33 -30 9
-80 -68 47
-118 -108 55
-125 -115 77
-128 -129 82
-125 -124 74
-126 -116 80
-100 -106 68
-81 -73 48
-23 -42 37
21 -7 28
46 39 -8
85 89 -27
123 118 -54
146 126 -61
134 141 -74
147 147 -76
149 142 -72
121 137 -62
81 101 -62
40 57 -27
8 5 -18
-48 -37 3
-93 -95 42
-113 -128 64
-132 -139 74
-147 -142 88
-145 -138 72
-138 -136 84
-110 -122 74
-70 -92 60
-42 -72 34
2 -20 21
41 26 0
87 89 -38
117 121 -52
141 135 -68
159 132 -76
162 151 -87
149 138 -65
114 135 -69
88 103 -57
52 56 -22
5 14 -15
-33 -38 13
-73 -92 33
-110 -130 56
-129 -140 73
-138 -147 88
-151 -153 85
-127 -147 80
-107 -123 89
-75 -112 58
-39 -71 31
5 -18 20
38 31 -10
74 71 -43
120 121 -40
137 139 -64
137 133 -67
151 153 -74
144 145 -87
120 120 -69
83 96 -47
52 75 -36
90 94 8
85 81 6
99 83 21
116 77 38
102 86 45
114 68 51
104 66 62
84 64 63
69 47 76
68 45 77
52 54 75
44 41 74
48 41 83
32 49 88
21 52 69
6 61 72
6 53 54
6 52 57
-14 56 48
-42 42 36
-15 40 43
-27 28 26
-7 9 18
-32 -12 4
-33 -7 4
-34 -25 -16
-48 -50 -18
-47 -45 -27
-59 -65 -48
-63 -84 -47
-63 -76 -55
-81 -90 -56
-82 -100 -68
-66 -115 -75
-71 -96 -75
-70 -87 -87
-61 -88 -81
-69 -83 -90
-61 -68 -76
-58 -68 -94
-68 -30 -77
-63 -40 -63
-51 -24 -52
-59 -34 -40
-46 -27 -17
-40 -8 -9
-31 -17 2
-14 -8 17
-2 8 28
4 34 34
17 43 48
32 53 56
46 63 57
36 72 63
45 84 66
58 88 73
56 100 59
92 112 84
77 121 91
77 116 90
94 105 95
92 105 93
90 114 95
102 110 106
106 98 96
95 92 95
110 102 90
115 98 72
123 102 76
124 84 65
113 94 61
110 96 39
118 85 35
109 89 14
106 75 9
101 80 20
69 62 10
54 59 4
41 50 2
14 36 5
1 25 6
-15 7 22
-43 -7 13
-59 -1 21
-68 -53 27
-94 -53 23
-83 -64 19
-90 -77 16
-98 -72 4
-94 -87 -8
-87 -101 -18
-86 -87 -41
-50 -86 -40
-64 -78 -55
-60 -67 -75
-36 -67 -80
-26 -66 -94
-23 -56 -91
-24 -51 -84
-14 -55 -91
-9 -60 -77
-24 -56 -66
-33 -63 -52
-35 -65 -52
-45 -66 -40
-39 -63 -39
-61 -66 -27
-52 -78 -18
-56 -70 -12
-49 -91 -19
-63 -74 -3
-51 -60 -15
-34 -43 -12
-35 -46 -10
-33 -37 -20
-22 -4 -32
-17 -2 -42
-22 9 -40
-14 26 -26
-17 25 -48
-29 18 -51
-31 35 -55
-43 16 -57
-56 18 -63
-63 2 -73
-80 -14 -74
-74 -21 -68
-89 -38 -73
-72 -49 -72
-76 -56 -78
-82 -83 -81
-91 -96 -78
-65 -101 -76
-60 -109 -86
-59 -95 -106
-39 -94 -95
-30 -92 -91
-6 -81 -95
0 -92 -90
6 -68 -98
18 -61 -82
19 -51 -67
0 -43 -74
0 -28 -47
-15 -5 -37
-19 -19 -39
-34 -26 -33
-56 -35 -15
-63 -43 -2
-69 -58 3
-82 -68 14
-102 -78 4
-107 -82 11
-98 -97 11
-88 -86 2
-77 -83 9
-69 -82 -4
-44 -86 -1
-26 -79 -9
-14 -49 -12
4 -38 -24
29 -32 -16
40 -26 -15
48 -1 -1
52 15 -14
60 17 1
48 24 13
32 30 14
14 23 34
16 12 39
14 27 42
-4 35 56
-13 13 53
-26 2 61
-20 -11 51
-20 -10 45
-19 -9 41
13 -14 35
25 15 26
45 13 20
61 28 10
74 45 9
83 36 -3
92 72 0
94 59 -14
102 73 -6
97 57 -9
72 65 -16
51 70 2
44 65 3
10 59 7
-17 34 13
-31 18 10
-43 -10 21
-49 -30 31
-57 -34 15
-62 -37 16
-60 -58 10
-43 -58 -6
-33 -48 -11
-15 -72 -15
17 -50 -35
31 -55 -49
36 -42 -62
49 -42 -56
54 -28 -74
65 -19 -60
54 -12 -45
46 -1 -34
28 13 -17
21 12 -4
3 29 19
-30 22 29
-45 17 38
-70 -8 64
-67 1 72
-78 -9 83
-81 -1 82
-89 -13 76
-93 -18 73
-66 -30 51
-52 -30 39
-32 -33 13
8 -28 9
37 -29 -6
47 -9 -12
54 -3 -30
75 30 -41
78 23 -23
84 35 -27
97 39 -4
79 47 -19
53 70 7
42 72 23
6 67 30
-27 58 59
-27 43 67
-41 39 75
-46 20 75
-61 4 76
-52 12 72
-53 4 70
-25 1 60
-5 3 35
17 7 26
66 3 18
90 18 -14
100 47 -21
131 69 -36
-75 -86 33
-62 -94 44
-55 -104 25
-19 -77 -12
-7 -49 -17
8 -12 -28
35 11 -47
28 47 -50
41 62 -54
58 78 -55
66 98 -40
56 103 -40
59 100 -36
44 99 -22
28 79 7
22 57 23
-20 9 41
-29 -6 46
-40 -55 34
-51 -80 53
-61 -86 45
-70 -83 42
-72 -97 36
-63 -90 25
-61 -88 2
-45 -79 -12
-21 -56 -34
5 -34 -37
23 -1 -60
34 47 -55
48 50 -59
49 70 -46
66 73 -45
86 95 -39
66 92 -17
54 75 -2
34 92 13
9 57 19
-16 21 30
-32 14 61
-28 -62 48
-50 -71 47
-61 -79 45
-75 -79 36
-78 -107 35
-66 -105 19
-58 -91 15
-37 -92 -2
-34 -75 -22
-6 -41 -39
7 -18 -52
37 19 -58
55 47 -51
61 71 -53
76 77 -35
73 91 -44
82 113 -30
66 97 -8
34 93 8
22 66 28
-3 30 48
-29 20 51
-28 -30 53
-51 -75 63
-63 -74 47
-78 -107 34
-80 -107 38
-73 -106 12
-54 -102 10
-41 -92 -12
-20 -74 -30
-3 -34 -41
18 -7 -67
32 36 -67
66 62 -58
76 72 -52
84 100 -36
94 103 -36
77 108 -28
62 108 -6
45 92 24
26 76 31
-11 38 42
-19 6 52
-20 -21 53
-49 -66 57
-68 -74 53
-81 -87 41
-90 -107 32
-81 -100 23
-64 -105 6
-48 -97 -18
-30 -78 -39
-2 -55 -50
31 -12 -68
50 28 -68
63 62 -57
66 80 -49
96 90 -38
92 115 -30
92 133 -14
78 110 8
55 104 14
26 76 35
-4 43 49
-32 24 57
-36 -17 70
-67 -81 60
-71 -95 60
-98 -105 41
-109 -113 32
-83 -109 14
-83 -114 -5
-60 -101 -15
-36 -91 -30
1 -56 -49
22 -28 -67
34 17 -80
55 65 -66
85 92 -44
100 104 -50
105 122 -27
89 131 -30
77 109 6
50 113 2
46 109 38
-13 59 53
-25 28 59
-49 -20 75
-65 -72 69
-93 -85 57
-100 -108 54
-106 -121 42
-102 -136 19
-96 -126 6
-60 -105 -18
-42 -92 -26
3 -60 -59
17 -34 -56
29 9 -76
48 65 -61
92 91 -49
100 114 -57
105 109 -38
104 125 -31
88 130 6
52 113 14
33 100 41
13 53 54
-29 29 60
-34 -15 66
-74 -65 59
-90 -98 57
-94 -118 40
-112 -120 34
-105 -136 30
-90 -130 12
-64 -121 -20
-41 -98 -40
-10 -65 -51
15 -19 -71
31 6 -72
60 61 -83
79 99 -65
112 116 -54
112 136 -46
110 135 -22
89 137 -14
79 129 8
58 104 30
7 72 33
-21 16 60
-36 2 65
-65 -79 60
-89 -103 57
-108 -120 39
-108 -126 36
-105 -126 18
-83 -146 7
-71 -128 -15
-54 -107 -26
-9 -86 -53
28 -23 -65
31 12 -62
63 57 -56
84 89 -51
113 110 -40
110 123 -38
107 146 -17
94 138 -7
66 131 13
48 110 43
10 68 59
-25 25 54
-38 -6 77
-56 -68 77
-81 -106 52
-103 -122 56
-122 -144 46
-114 -148 27
-104 -153 5
-73 -132 -4
-59 -116 -31
-25 -88 -45
15 -31 -55
35 5 -67
53 53 -65
84 98 -68
108 122 -35
114 130 -43
110 151 -33
100 151 -7
85 137 1
65 109 22
30 65 41
-20 41 55
-30 -4 58
-56 -76 57
-82 -103 60
-102 -125 52
-116 -133 32
-119 -149 35
-110 -166 3
-82 -142 -6
-63 -120 -31
-26 -86 -47
16 -52 -66
42 11 -73
61 64 -73
87 93 -62
116 127 -56
128 149 -35
132 177 -34
115 155 -6
90 129 2
54 127 27
28 86 36
-6 35 51
-36 4 60
-38 -50 59
-76 -83 52
-104 -116 46
-110 -122 46
-115 -130 22
-102 -130 8
-91 -115 0
-57 -124 -22
-22 -82 -55
7 -47 -58
-17 -97 30
-30 -92 38
-36 -94 24
-46 -75 9
-41 -44 -2
-36 -32 -33
-16 -5 -36
-10 34 -28
-4 49 -39
8 90 -40
16 87 -54
25 81 -39
41 90 -38
38 89 -21
40 67 -11
38 58 -5
38 20 1
19 -7 18
15 -31 29
-3 -74 31
-13 -94 44
-11 -100 33
-28 -96 40
-34 -105 22
-44 -90 30
-58 -86 -4
-40 -71 -6
-33 -32 -19
-36 -23 -30
-23 27 -33
-9 71 -51
4 82 -44
32 81 -43
37 100 -49
44 105 -46
56 94 -35
49 66 -7
37 50 5
40 21 17
22 -8 36
17 -41 20
-9 -81 42
-14 -104 47
-39 -109 41
-43 -125 36
-51 -111 24
-63 -98 26
-70 -98 -1
-41 -73 -20
-38 -27 -21
-32 -23 -41
-16 30 -47
-2 62 -48
-1 84 -43
22 81 -53
22 90 -42
38 84 -29
46 99 -22
48 70 -1
33 62 6
30 20 17
31 -11 23
6 -35 45
-4 -87 49
-21 -86 47
-31 -102 41
-30 -103 46
-39 -94 46
-41 -106 25
-46 -88 12
-49 -69 -7
-41 -32 -17
-25 -5 -46
-7 15 -34
-2 57 -43
17 74 -43
20 90 -45
30 94 -55
44 107 -37
47 101 -17
53 80 5
50 62 3
32 38 20
16 -5 30
14 -39 34
-4 -66 29
-3 -103 38
-20 -100 52
-52 -114 50
-51 -107 40
-49 -119 28
-47 -99 13
-38 -84 0
-32 -53 -23
-13 -23 -35
-5 41 -39
9 62 -51
24 82 -51
41 105 -46
27 112 -46
37 109 -31
49 101 -16
54 97 -6
55 78 2
41 70 24
24 17 39
14 -13 50
-3 -57 46
-11 -68 45
-23 -89 49
-38 -102 48
-43 -114 36
-45 -104 19
-42 -91 7
-41 -65 -12
-27 -60 -27
-17 -14 -36
4 30 -35
26 66 -45
27 89 -46
44 112 -56
57 113 -42
58 122 -35
67 119 -28
73 109 -10
54 94 4
44 62 14
26 17 37
8 -14 39
9 -50 44
-27 -88 49
-31 -103 45
-44 -98 47
-51 -115 40
-56 -109 17
-70 -117 20
-58 -87 -11
-40 -60 -28
-30 -27 -41
-22 6 -45
-6 55 -46
17 88 -56
27 92 -39
36 106 -55
40 110 -31
56 115 -42
52 110 -12
48 87 8
35 51 25
22 7 41
1 -14 54
-8 -54 36
-25 -83 51
-45 -86 44
-51 -106 44
-60 -110 36
-51 -119 33
-60 -107 21
-54 -75 -5
-53 -66 -23
-30 -23 -28
-20 9 -42
6 53 -52
25 69 -44
29 99 -54
39 106 -43
59 110 -38
66 132 -29
64 111 -11
59 91 11
50 72 23
30 36 36
14 -4 38
-1 -47 45
-30 -92 53
-18 -91 53
-39 -93 58
-45 -115 44
-48 -111 34
-49 -103 -6
-54 -81 -7
-34 -63 -33
-25 -24 -38
-10 8 -48
2 53 -56
29 78 -59
36 110 -53
43 101 -47
53 116 -35
62 117 -24
61 115 -13
58 99 3
40 64 14
31 22 48
18 -8 46
-12 -49 59
-22 -75 59
-38 -93 58
-53 -100 47
-61 -114 43
-61 -110 27
-74 -111 24
-72 -98 -4
-49 -88 -23
-38 -37 -47
-11 -6 -55
5 31 -46
30 73 -61
25 108 -60
48 112 -58
51 110 -38
66 119 -28
76 121 -2
58 96 12
46 74 28
37 33 46
21 -19 42
-7 -49 57
-19 -86 58
-49 -115 63
-54 -113 54
-69 -129 44
-71 -112 20
-68 -118 11
-64 -105 -6
-46 -78 -20
-31 -32 -44
-26 0 -60
9 36 -54
15 74 -74
26 96 -65
48 107 -53
54 112 -48
64 121 -33
62 119 -11
55 104 5
48 76 27
34 57 58
13 13 55
4 -35 47
-19 -89 69
-39 -103 60
-57 -97 55
-61 -119 52
-72 -126 23
-68 -100 5
-91 -106 -17
-61 -82 -29
-34 -47 -49
-46 33 108
-34 59 102
-46 91 102
-14 102 77
-5 116 62
5 114 42
36 99 1
32 79 -17
41 24 -34
64 7 -66
70 -25 -78
49 -51 -93
61 -71 -80
41 -84 -86
34 -93 -78
18 -95 -64
-6 -90 -19
-4 -72 12
-36 -48 42
-55 -37 66
-41 13 93
-46 36 102
-62 62 114
-45 96 107
-48 104 107
-32 126 91
-12 117 68
-7 94 39
17 80 1
20 51 -27
42 41 -53
44 0 -86
49 -43 -94
58 -63 -109
38 -83 -105
44 -97 -93
26 -108 -87
8 -118 -63
-4 -98 -32
-9 -94 -2
-37 -58 34
-46 -29 65
-60 -23 88
-65 25 98
-65 50 105
-60 78 117
-43 98 84
-46 114 77
-22 115 62
-21 99 26
6 95 7
22 73 -28
46 44 -58
58 -2 -77
55 -31 -102
50 -59 -113
60 -86 -116
44 -90 -110
38 -104 -81
15 -114 -53
5 -104 -46
-12 -87 1
-30 -56 29
-46 -38 64
-49 -8 75
-60 41 110
-54 62 120
-43 83 117
-39 109 103
-32 117 89
-11 134 70
3 107 42
14 102 10
37 82 -24
44 38 -55
56 -5 -72
56 -23 -114
54 -63 -126
49 -90 -132
51 -114 -103
40 -112 -96
28 -129 -84
18 -116 -38
1 -94 -22
-26 -87 7
-36 -36 57
-49 -17 79
-57 29 110
-44 37 114
-47 89 113
-40 114 103
-30 105 87
-22 111 70
-6 110 45
20 99 -2
12 77 -13
30 48 -67
44 8 -82
47 -28 -103
52 -70 -128
41 -90 -124
47 -108 -110
38 -118 -105
19 -111 -74
6 -122 -42
-9 -106 -18
-20 -69 25
-38 -54 58
-40 -19 83
-59 22 109
-57 49 117
-50 83 125
-49 97 114
-35 106 98
-17 124 83
-15 113 53
13 111 22
21 69 -9
41 36 -41
55 9 -80
68 -38 -110
56 -58 -128
66 -81 -124
44 -113 -120
39 -119 -109
38 -120 -80
20 -119 -47
-2 -90 -30
-8 -83 3
-34 -44 39
-59 -18 73
-52 22 108
-52 44 121
-65 81 113
-60 100 106
-51 111 91
-39 111 67
-23 103 53
-7 102 8
10 77 -27
35 41 -58
39 26 -84
61 -27 -102
48 -72 -140
61 -84 -133
60 -96 -119
58 -129 -126
21 -129 -94
19 -119 -57
-1 -106 -29
-16 -86 3
-35 -57 30
-57 -29 71
-57 22 94
-70 50 123
-57 68 121
-60 91 110
-51 109 108
-46 125 85
-22 119 47
-3 108 28
13 83 2
25 45 -44
39 22 -80
57 -18 -102
57 -54 -123
59 -75 -133
48 -97 -123
46 -114 -119
37 -130 -90
17 -124 -57
9 -109 -28
-3 -98 5
-33 -66 40
-35 -26 71
-46 15 97
-58 48 115
-55 64 118
-54 101 123
-51 114 115
-35 127 84
-24 123 46
-10 109 30
-1 92 -1
18 64 -43
45 25 -74
43 -22 -103
62 -56 -128
70 -93 -138
65 -108 -122
57 -122 -120
52 -139 -108
37 -126 -68
9 -120 -42
-7 -98 -2
-27 -67 32
-38 -39 62
-39 4 103
-47 35 114
-60 65 129
-72 88 126
-50 102 109
-42 116 93
-36 123 61
-4 103 33
6 90 7
18 69 -31
47 30 -68
57 -14 -102
57 -62 -120
77 -78 -130
60 -89 -123
55 -118 -118
36 -139 -100
26 -141 -70
19 -120 -38
5 -110 -3
-26 -73 39
-42 -46 81
-63 0 115
-59 41 128
-61 67 142
-65 84 144
-60 106 125
-44 127 111
-33 137 85
-8 123 50
5 102 15
22 79 -25
51 58 -62
60 10 -87
62 -36 -125
63 -74 -130
69 -98 -128
62 -120 -112
52 -117 -117
32 -133 -71
30 -110 -34
6 -102 -12
-14 -78 40
-31 -48 75
-49 6 110
-58 28 142
-59 64 118
-60 99 146
-54 103 121
-46 129 103
-29 127 75
-6 125 42
4 6 -81
21 26 -80
31 30 -90
32 34 -85
52 25 -60
53 21 -28
48 22 -6
28 10 15
21 7 56
-5 10 70
-27 -7 82
-18 -19 93
-30 -23 95
-38 -23 82
-38 -34 89
-48 -39 67
-36 -26 30
-39 -19 11
-27 -24 -15
-27 -12 -42
-3 11 -57
2 17 -84
21 23 -88
28 44 -97
28 23 -93
47 22 -87
39 10 -52
46 33 -36
48 31 -14
41 21 19
30 16 49
20 15 76
-1 -1 84
-20 -8 94
-22 -19 105
-22 -21 105
-25 -31 101
-30 -33 76
-27 -33 56
-47 -14 30
-26 -16 -19
-24 -5 -43
5 -6 -68
7 4 -87
21 20 -95
32 21 -102
37 0 -98
40 29 -108
43 8 -74
34 22 -64
37 10 -29
31 18 9
21 6 34
13 7 62
-1 0 70
-20 -9 86
-27 -19 110
-39 -40 95
-47 -34 92
-43 -25 82
-42 -28 45
-35 -30 13
-33 -11 -21
-36 -12 -48
-8 0 -75
10 -2 -90
13 18 -103
19 30 -100
19 16 -110
33 13 -105
38 6 -82
45 7 -58
41 27 -30
31 13 7
14 12 41
8 4 68
-10 5 81
-14 1 91
-33 -16 114
-42 -38 115
-37 -25 100
-42 -27 90
-44 -11 57
-39 -16 36
-36 -15 -11
-33 3 -46
-12 10 -66
-3 7 -74
5 16 -97
34 22 -99
30 33 -104
31 33 -110
45 21 -85
39 22 -51
49 17 -20
51 24 -4
33 24 43
12 14 62
14 5 75
-10 -10 94
-22 -15 112
-29 -30 108
-43 -22 98
-42 -30 90
-49 -23 54
-40 -28 25
-37 -25 4
-25 -11 -51
-12 1 -69
-10 2 -90
2 18 -90
26 23 -109
29 17 -122
40 19 -99
49 21 -87
47 33 -64
38 19 -24
49 19 -8
28 16 40
17 9 77
4 -1 77
-14 -16 89
-30 -31 109
-38 -38 119
-46 -34 110
-46 -53 99
-52 -41 58
-50 -38 42
-43 -32 15
-24 -39 -45
-34 -15 -58
-16 -5 -75
15 11 -94
24 12 -103
42 15 -116
36 19 -107
55 12 -98
52 2 -61
54 27 -29
49 30 8
30 30 45
6 13 64
1 11 84
-21 6 85
-27 -26 107
-46 -30 111
-52 -36 114
-55 -42 85
-54 -46 58
-70 -42 26
-48 -40 3
-46 -21 -41
-24 -30 -65
-22 4 -84
-11 -5 -104
14 9 -107
32 12 -107
38 23 -105
59 34 -100
55 22 -63
46 30 -34
51 28 4
45 30 28
18 31 57
6 22 90
-14 -8 91
-23 -21 107
-52 -24 117
-45 -40 109
-49 -34 101
-45 -40 71
-56 -34 30
-43 -30 -6
-33 -33 -35
-35 -8 -66
0 -1 -89
14 -5 -103
19 17 -114
44 15 -123
45 34 -121
51 33 -102
52 47 -87
52 43 -45
44 43 -3
36 36 21
11 24 56
4 11 74
-24 13 91
-34 -18 102
-47 -34 105
-35 -41 106
-61 -44 96
-51 -37 55
-52 -36 27
-47 -49 2
-36 -34 -28
-26 -29 -75
-5 -3 -86
4 10 -98
22 14 -105
50 23 -122
46 29 -111
53 42 -93
47 27 -72
55 36 -44
50 43 -6
48 31 25
15 25 58
11 18 81
-12 3 92
-20 -26 100
-41 -27 123
-39 -34 117
-52 -45 98
-47 -45 84
-46 -60 57
-42 -45 18
-44 -30 -23
-31 -34 -54
-15 -21 -74
0 10 -91
30 22 -102
38 24 -126
49 41 -114
47 37 -108
52 21 -87
60 40 -56
57 40 -22
35 40 18
19 25 47
7 15 62
-17 -5 74
-33 -22 100
-45 -38 121
-51 -36 124
-50 -46 100
-52 -49 90
-49 -48 50
-35 -48 15
-35 -46 -5
-30 -25 -62
-30 -7 -79
-7 -5 -92
23 17 -115
42 33 -111
46 40 -112
52 38 -99
58 29 -87
60 43 -42
End
