-82 -80 -82
-86 -104 -98
-88 -120 -87
-78 -139 -104
-84 -133 -99
-91 -142 -85
-86 -139 -71
-74 -132 -87
-63 -116 -74
-44 -111 -63
-33 -105 -56
-7 -62 -34
-4 -34 -25
1 -20 -10
13 2 0
18 13 -6
17 23 2
2 21 -5
11 24 -1
-2 41 -18
-5 20 -9
-25 22 -31
-26 -2 -36
-39 1 -46
-55 -29 -47
-57 -55 -55
-63 -61 -57
-71 -70 -65
-79 -97 -60
-70 -115 -59
-73 -106 -70
-70 -120 -67
-62 -126 -54
-45 -126 -55
-42 -101 -47
-21 -99 -36
-9 -93 -29
5 -69 -11
17 -47 1
33 -20 7
43 6 22
50 23 36
40 42 40
56 55 53
54 45 35
35 60 45
38 65 29
30 52 13
21 43 14
-1 44 25
-12 36 4
-14 25 -5
-18 6 -8
-32 -10 -12
-28 -28 -9
-38 -44 -7
-28 -46 -14
-47 -63 -17
-32 -54 -16
-35 -73 -4
-14 -64 -11
-18 -59 -3
8 -67 7
4 -39 13
19 -25 21
45 -26 28
47 11 48
58 35 57
63 53 74
77 80 79
80 84 90
68 93 86
80 108 85
68 100 85
65 94 80
41 104 70
43 104 44
31 85 40
23 63 30
8 63 36
-9 44 20
-6 3 11
-26 -2 17
-25 -12 0
-20 -30 12
-17 -49 21
-10 -42 9
-21 -47 18
-1 -48 13
9 -32 8
21 -29 32
32 -23 29
49 7 50
53 17 63
62 36 76
75 50 88
90 82 96
87 114 105
90 105 108
75 122 101
81 140 99
64 122 91
64 126 76
57 109 58
56 110 51
42 88 41
21 78 27
-2 54 17
6 44 12
-7 16 16
-5 -2 7
-18 -15 9
-11 -34 -1
-14 -36 2
-10 -37 -5
-14 -38 10
1 -42 19
14 -26 21
18 -14 31
31 -3 30
48 21 41
57 27 50
70 52 54
77 75 76
87 85 69
84 105 90
98 120 79
86 128 75
74 122 64
69 127 63
52 127 34
38 103 31
31 90 25
17 78 21
5 66 6
-3 54 5
-6 21 3
-23 -2 -13
-43 -25 -25
-39 -26 -21
-32 -44 -28
-35 -54 -23
-22 -58 -26
-18 -42 -31
-26 -55 -15
0 -42 -15
11 -31 -12
18 -8 3
26 -6 20
43 16 24
50 22 36
49 57 42
56 73 50
56 92 46
59 101 45
46 92 50
48 94 31
39 95 19
21 90 13
10 71 -7
-11 46 6
-16 20 -21
-43 8 -18
-46 -9 -27
-42 -11 -35
-63 -56 -34
-62 -52 -55
-67 -82 -50
-65 -89 -52
-58 -97 -43
-68 -103 -52
-52 -91 -44
-43 -89 -50
-28 -86 -33
-18 -83 -22
-10 -54 -19
13 -40 6
3 -9 18
17 25 23
37 16 44
27 37 47
35 53 49
25 63 26
23 62 39
10 52 19
-2 44 8
-22 41 6
-23 31 -20
-36 29 -24
-51 -11 -37
-53 -25 -36
-59 -34 -50
-76 -66 -65
-69 -80 -71
-86 -98 -74
-94 -115 -78
-80 -123 -77
-83 -129 -66
-68 -134 -57
-49 -126 -66
-45 -113 -54
-46 -123 -42
-28 -85 -39
-20 -81 -16
-11 -44 -9
-1 -29 2
13 -9 11
6 3 9
20 25 17
20 26 13
13 32 7
4 41 5
-9 40 -26
-24 30 -18
-27 5 -35
-42 -1 -51
-48 -14 -38
-49 -19 -50
-66 -45 -61
-79 -70 -76
-70 -91 -78
-74 -113 -90
-81 -118 -89
-78 -134 -96
-78 -131 -82
-79 -124 -85
-80 -127 -87
-69 -134 -70
-52 -115 -70
-39 -117 -73
-37 -86 -60
-19 -81 -44
-4 -48 -30
6 -39 -35
8 -7 -29
4 10 1
19 22 -3
25 18 -12
13 30 -13
7 29 -18
-8 25 -25
-12 19 -43
-18 -3 -51
-40 7 -71
-49 -16 -68
-65 -39 -72
-70 -61 -74
-76 -65 -81
-75 -87 -86
76 46 87
79 49 78
95 62 65
103 77 49
104 102 33
112 114 5
106 128 -12
109 136 -11
105 145 -14
112 159 -28
114 141 -35
119 125 -24
113 128 -14
94 108 -14
82 83 0
90 33 18
84 25 28
65 30 39
39 -3 38
9 -25 45
7 -30 60
13 -25 66
3 -17 71
-16 -29 82
-12 -51 81
9 -18 86
23 2 78
-4 -2 50
-20 18 34
-7 5 9
2 -4 -28
2 18 -54
-6 2 -80
-27 -6 -107
-23 3 -122
-17 -24 -145
-28 -32 -159
-26 -39 -160
-39 -71 -159
-60 -83 -153
-64 -105 -142
-97 -132 -130
-122 -134 -113
-126 -157 -95
-144 -160 -79
-152 -158 -61
-143 -164 -33
-151 -156 -3
-143 -147 20
-142 -143 42
-146 -132 62
-135 -106 76
-108 -81 91
-108 -50 104
-94 -26 97
-74 -12 93
-52 8 90
-16 20 63
-9 40 36
-8 58 22
5 61 -6
13 79 -31
19 95 -43
23 94 -66
14 94 -70
21 70 -73
37 54 -78
30 44 -66
31 21 -51
13 -1 -40
-1 -13 -11
-10 -38 9
-31 -47 23
-42 -51 42
-49 -71 54
-47 -65 61
-47 -62 81
-46 -60 89
-25 -43 98
-6 -20 113
5 -16 114
23 12 104
54 29 94
75 44 73
95 74 47
127 88 23
119 88 4
134 100 -4
157 109 -29
149 118 -34
146 117 -28
135 109 -26
128 115 -27
124 122 -17
104 110 -13
97 114 7
100 121 34
83 84 40
70 82 55
89 74 78
80 54 77
82 58 77
81 39 82
65 22 81
81 50 88
98 50 80
87 36 69
94 54 71
106 45 65
119 50 45
123 60 45
109 38 21
84 45 -2
89 56 -11
71 31 -36
43 46 -65
18 57 -80
-4 28 -95
-16 37 -106
-22 21 -113
-41 -17 -124
-61 -13 -120
-70 -49 -113
-87 -83 -107
-105 -84 -99
-116 -109 -91
-139 -127 -86
-148 -134 -78
-159 -153 -70
-151 -155 -63
-153 -154 -57
-149 -162 -57
-145 -150 -47
-131 -142 -31
-130 -140 -12
-133 -114 1
-116 -103 9
-122 -103 18
-108 -90 14
-100 -81 -1
-101 -51 -7
-100 -39 -24
-92 -23 -35
-98 4 -28
-75 6 -47
-74 4 -58
-57 17 -38
-38 10 -39
-46 18 -41
-51 30 -25
-50 4 -27
-60 13 -15
-46 18 8
-40 -14 4
-67 -12 20
-47 -21 40
-39 -44 33
-44 -34 47
-30 -45 58
-37 -65 65
-46 -40 89
-27 -50 98
-34 -37 97
-19 -11 104
-4 -20 94
-8 -10 71
24 12 63
45 8 40
59 34 12
85 57 -2
95 49 -27
93 68 -53
129 86 -59
122 80 -66
125 84 -74
143 76 -71
126 64 -55
130 75 -32
134 62 3
105 60 25
109 57 40
98 49 66
81 54 93
84 77 114
68 77 120
57 69 127
85 57 141
97 69 150
103 85 151
109 89 144
100 79 138
126 94 127
162 115 99
151 126 71
152 119 33
161 120 -4
158 112 -40
158 116 -66
142 112 -89
121 89 -102
109 70 -112
100 59 -118
80 38 -110
54 34 -111
28 31 -106
1 0 -90
-12 -19 -76
-30 -27 -62
-52 -53 -40
-67 -67 -24
-84 -89 -14
-96 -111 -6
-107 -121 -5
-106 -122 -1
-114 -133 1
-123 -126 -2
-115 -124 -1
-118 -119 -7
-107 -101 -22
-106 -107 -36
-103 -102 -63
-97 -93 -83
-91 -95 -95
-92 -94 -118
-95 -90 -146
-103 -100 -148
-116 -95 -133
-112 -97 -136
-129 -96 -146
-140 -101 -137
-138 -121 -127
-137 -88 -91
-134 -67 -53
-146 -87 -49
-153 -86 -20
-124 -82 23
-110 -92 42
-113 -42 69
-127 -42 90
-126 -65 86
-94 -26 104
-56 -16 119
-67 -17 107
-147 -151 86
-138 -154 130
-138 -138 173
-116 -121 210
-90 -101 242
-57 -68 246
-18 -33 246
9 9 246
47 36 246
82 74 221
114 102 171
147 134 28
153 142 -38
146 137 -110
127 136 -171
105 121 -216
89 101 -249
59 90 -249
29 50 -249
11 25 -249
-9 -16 -249
-43 -43 -215
-71 -74 -170
-91 -93 -116
-115 -119 -58
-132 -133 -3
-141 -147 50
-139 -148 98
-139 -142 142
-123 -124 183
-98 -118 222
-68 -84 246
-39 -53 246
-10 -14 246
37 29 246
75 63 246
98 89 213
111 110 157
132 132 89
124 148 16
134 149 -52
128 148 -116
110 138 -175
95 118 -220
62 92 -249
52 77 -249
24 39 -249
-3 12 -249
-35 -15 -249
-61 -59 -210
-81 -86 -162
-106 -114 -106
-123 -130 -46
-135 -142 9
-139 -160 60
-140 -148 106
-120 -137 150
-105 -134 193
-80 -103 234
-52 -74 246
-22 -26 246
11 2 246
42 45 246
77 79 246
95 111 218
117 120 158
133 138 79
138 152 1
137 145 -74
130 143 -147
117 130 -205
93 113 -249
71 79 -249
35 54 -249
19 26 -249
-23 -3 -249
-35 -33 -249
-55 -68 -204
-95 -95 -146
-104 -115 -76
-122 -133 -13
-133 -142 47
-132 -145 103
-134 -141 150
-110 -131 196
-105 -109 239
-70 -88 246
-41 -56 246
-2 -19 246
26 18 246
64 61 246
83 86 246
112 113 182
132 135 105
134 146 18
137 149 -58
134 145 -134
119 134 -196
104 124 -247
82 105 -249
72 74 -249
38 44 -249
20 16 -249
-17 -19 -249
-46 -51 -215
-63 -83 -154
-95 -103 -86
-115 -122 -20
-126 -136 38
-136 -139 90
-139 -144 135
-128 -139 176
-108 -129 216
-97 -105 246
-60 -75 246
-26 -37 246
2 -2 246
47 33 246
74 62 246
108 91 196
124 119 134
136 140 58
148 138 -11
134 143 -86
130 137 -156
121 130 -206
99 110 -248
76 89 -249
49 61 -249
14 31 -249
-11 -2 -249
-38 -31 -249
-66 -63 -191
-92 -83 -140
-105 -114 -79
-125 -138 -22
-140 -140 33
-146 -146 84
-146 -153 130
-121 -136 177
-105 -125 219
-78 -94 246
-54 -74 246
-8 -37 246
21 5 246
44 33 246
79 76 246
109 98 190
132 121 124
135 140 46
144 146 -25
133 142 -97
125 142 -160
108 116 -211
69 109 -249
62 84 -249
29 49 -249
3 18 -249
-22 -17 -249
-49 -46 -249
-68 -79 -189
-92 -103 -133
-122 -126 -67
-133 -138 -9
-135 -148 43
-138 -153 95
-136 -153 140
-119 -135 185
-93 -117 228
-62 -89 246
-35 -57 246
-4 -12 246
35 16 246
65 59 246
84 81 246
103 109 191
126 129 113
137 145 29
137 138 -46
125 147 -125
113 128 -192
93 113 -246
67 91 -249
47 65 -249
13 37 -249
-4 2 -249
-34 -38 -249
-58 -62 -233
-78 -92 -175
-107 -119 -105
-118 -131 -36
-136 -152 27
-148 -156 84
-135 -154 134
-136 -135 183
-115 -126 231
-87 -98 246
-56 -74 246
-30 -43 246
6 -1 246
46 32 246
71 57 246
94 96 213
108 119 140
131 133 53
135 143 -28
132 142 -107
120 134 -180
109 121 -237
83 106 -249
62 80 -249
46 52 -249
22 25 -249
-4 -9 -249
-42 -43 -249
-67 -65 -187
-94 -94 -119
-114 -116 -47
-130 -140 19
-142 -147 74
-143 -147 123
-138 -145 166
-129 -137 209
-111 -116 245
-78 -88 246
-42 -62 246
-4 -32 246
23 12 246
49 45 246
84 84 230
114 103 166
126 126 90
138 135 15
138 137 -58
136 128 -135
129 131 -193
100 112 -239
92 92 -249
53 72 -249
36 45 -249
2 10 -249
-26 -23 -249
-62 -57 -213
-74 -77 -164
-107 -107 -103
-124 -120 -41
-131 -140 15
-125 -131 76
-136 -134 118
-132 -137 157
-124 -126 193
-104 -103 222
-72 -74 244
-38 -50 246
-9 -13 246
32 26 246
61 64 205
90 95 161
134 133 30
142 145 -30
141 147 -98
134 146 -154
125 134 -196
107 122 -231
86 103 -249
61 76 -249
45 50 -249
9 17 -233
-17 -14 -199
-48 -42 -158
-73 -76 -108
-101 -102 -55
-115 -116 -6
-131 -128 41
-139 -138 85
-135 -137 126
-133 -127 164
-102 -118 198
-85 -95 228
-54 -61 246
-17 -30 246
10 5 246
45 37 246
78 60 197
100 96 152
117 112 89
130 129 24
137 142 -38
134 142 -100
121 142 -152
112 134 -196
93 111 -233
75 95 -249
57 65 -249
29 33 -249
4 1 -235
-19 -26 -198
-55 -55 -155
-79 -84 -103
-95 -105 -49
-118 -122 1
-129 -138 48
-122 -139 90
-125 -138 131
-115 -130 171
-97 -113 207
-70 -83 238
-47 -55 246
-10 -17 246
28 21 246
53 50 246
79 77 201
106 106 149
119 123 78
124 138 4
133 141 -62
128 138 -131
117 134 -185
106 119 -228
90 105 -249
65 80 -249
45 44 -249
20 24 -249
-13 -5 -249
-34 -40 -193
-72 -71 -140
-103 -103 -77
-113 -124 -19
-130 -138 35
-136 -146 84
-144 -141 127
-128 -138 170
-117 -130 210
-97 -102 240
-73 -74 246
-34 -44 246
2 -7 246
29 30 246
58 65 214
86 97 165
103 105 95
125 121 20
119 137 -47
121 137 -116
126 130 -175
107 123 -222
84 110 -249
72 86 -249
57 58 -249
25 32 -249
9 -1 -249
-26 -34 -200
-58 -64 -150
-76 -91 -88
-104 -109 -27
-129 -135 24
-146 -142 72
-149 -149 113
-147 -148 150
-138 -136 186
-130 -121 217
-98 -98 240
-61 -73 246
-25 -34 246
4 -6 246
30 36 218
60 63 176
86 91 123
114 110 55
116 120 -7
114 128 -74
110 128 -140
108 118 -186
86 106 -226
79 90 -249
46 74 -249
24 37 -249
5 12 -249
-28 -18 -220
-52 -52 -179
-79 -75 -135
-105 -108 -82
-119 -119 -30
-147 -141 21
-149 -147 66
-151 -151 108
-142 -150 146
-127 -135 185
-101 -123 216
-78 -97 241
-45 -58 246
-19 -34 246
13 4 246
55 38 212
74 71 169
105 98 110
114 112 43
131 121 -20
127 122 -84
117 132 -140
99 125 -186
102 105 -226
72 87 -249
42 52 -249
27 33 -249
2 -2 -249
-23 -26 -217
-53 -65 -176
-74 -90 -126
-98 -111 -72
-113 -129 -19
-134 -147 26
-146 -156 72
-142 -151 114
-123 -138 153
-119 -126 193
-98 -107 226
-60 -75 246
-27 -41 246
6 -8 246
37 24 246
62 51 214
84 80 169
111 102 104
126 122 29
128 129 -39
117 130 -110
117 121 -168
103 114 -218
84 99 -249
68 75 -249
40 47 -249
18 20 -249
-6 -13 -249
-37 -42 -217
-57 -68 -166
-80 -98 -107
-104 -118 -46
-124 -137 12
-129 -148 64
-135 -150 112
-130 -143 153
-114 -131 194
-100 -108 231
-70 -91 246
-52 -63 246
-18 -30 246
9 0 246
49 36 246
76 68 186
93 93 123
111 113 45
125 121 -24
128 134 -94
122 129 -159
108 119 -210
98 109 -249
82 90 -249
56 66 -249
36 34 -249
14 15 -249
-16 -21 -223
-34 -55 -173
-54 -83 -115
-92 -107 -52
-111 -129 4
-125 -138 53
-140 -146 98
-138 -150 136
-134 -145 172
-118 -123 207
-98 -101 231
-70 -73 246
-34 -46 246
6 -11 246
29 16 246
60 55 194
96 88 146
118 102 83
130 118 16
141 137 -48
135 134 -116
127 137 -170
116 124 -211
101 115 -244
77 82 -249
53 59 -249
28 39 -249
0 5 -234
-17 -24 -196
-51 -55 -153
-70 -81 -102
-94 -101 -47
-113 -120 4
-129 -133 50
-138 -136 94
46 89 -93
62 89 -168
51 76 -233
67 70 -249
42 71 -249
41 51 -249
23 32 -249
19 15 -249
13 -25 -249
-3 -37 -249
-20 -54 -200
-56 -88 -24
-58 -106 60
-63 -99 148
-72 -107 222
-62 -106 246
-50 -88 246
-45 -68 246
-27 -55 246
-9 -20 246
-12 9 246
10 30 246
31 57 246
43 70 214
68 93 113
76 118 13
80 112 -81
84 111 -175
92 108 -249
71 98 -249
72 84 -249
49 67 -249
38 38 -249
18 4 -249
2 -35 -249
-10 -55 -249
-43 -87 -249
-55 -113 -198
-75 -131 -90
-89 -139 14
-92 -161 127
-91 -143 222
-92 -134 246
-71 -122 246
-62 -102 246
-56 -93 246
-36 -44 246
-15 -20 246
-4 11 246
20 62 246
29 84 246
51 101 246
69 124 83
76 135 -28
94 153 -146
86 137 -248
83 136 -249
80 111 -249
61 98 -249
51 75 -249
29 39 -249
13 -13 -248
-16 -50 -249
-37 -101 -249
-48 -131 -249
-68 -145 -173
-98 -144 -44
-119 -143 78
-116 -151 194
-114 -150 246
-107 -130 246
-98 -114 246
-84 -107 246
-55 -73 246
-35 -38 246
-10 8 246
14 50 246
33 77 246
67 105 246
86 136 193
112 159 55
118 152 -70
133 145 -198
115 153 -249
107 138 -249
95 121 -249
85 103 -249
48 50 -249
29 30 -249
6 -15 -248
-26 -60 -249
-72 -88 -249
-88 -113 -249
-117 -140 -143
-142 -154 0
-149 -154 138
-157 -155 246
-151 -136 246
-132 -133 246
-109 -111 246
-78 -97 246
-51 -58 246
-30 -23 246
22 5 246
47 46 246
79 87 246
105 111 246
124 133 182
149 142 33
160 148 -111
138 158 -243
141 148 -249
120 137 -249
106 116 -249
74 83 -249
46 50 -249
14 23 -248
-17 -18 -248
-61 -69 -249
-94 -98 -249
-124 -123 -249
-137 -142 -67
-150 -155 87
-141 -159 227
-132 -149 246
-126 -149 246
-121 -130 246
-100 -116 246
-84 -79 246
-35 -44 246
-19 -15 246
31 30 246
66 66 246
93 98 246
124 124 246
137 138 114
150 154 -30
162 150 -175
145 154 -249
134 138 -249
122 127 -249
100 112 -249
75 72 -249
41 45 -249
18 8 -249
-10 -38 -249
-53 -71 -249
-79 -107 -249
-111 -132 -163
-130 -148 -1
-146 -158 145
-145 -154 246
-148 -152 246
-139 -144 246
-115 -115 246
-90 -106 246
-54 -64 246
-29 -36 246
7 -4 246
40 44 246
77 82 246
114 108 246
133 132 246
149 146 79
142 162 -63
153 154 -205
142 154 -249
126 142 -249
110 124 -248
89 94 -248
55 62 -248
36 30 -249
4 2 -248
-39 -49 -249
-66 -81 -249
-92 -100 -249
-116 -127 -90
-132 -147 67
-144 -163 212
-149 -157 246
-129 -145 246
-110 -135 246
-97 -118 246
-68 -86 246
-34 -49 246
-5 -20 246
23 26 246
49 62 246
89 93 246
110 123 246
133 141 186
148 148 42
159 155 -105
147 153 -233
141 146 -249
126 139 -249
116 124 -249
84 90 -249
60 56 -249
31 31 -249
-15 -7 -249
-45 -46 -249
-76 -68 -249
-91 -97 -185
-113 -119 -20
-133 -130 128
-144 -140 246
-136 -134 246
-127 -131 246
-110 -116 246
-91 -99 246
-51 -65 246
-28 -29 246
0 -1 246
36 39 246
69 74 246
98 102 246
120 124 246
144 149 147
156 158 2
150 157 -143
150 147 -249
145 142 -249
115 133 -249
93 110 -248
72 75 -249
49 53 -248
13 16 -249
-17 -17 -248
-60 -50 -249
-86 -82 -249
-100 -102 -117
-132 -125 44
-138 -129 195
-131 -139 246
-132 -132 246
-120 -126 246
-102 -104 246
-82 -88 246
-51 -55 246
-16 -23 246
8 12 246
44 48 246
75 80 246
100 109 246
123 129 246
143 145 97
154 153 -48
150 154 -184
38 69 -15
-40 -66 94
-30 -73 165
-42 -52 223
-39 -57 246
-41 -48 246
-26 -49 246
-19 -23 246
-15 -2 246
-4 21 246
15 31 246
22 47 189
49 75 17
61 86 -63
55 92 -145
59 95 -218
54 71 -249
53 68 -249
46 68 -249
28 35 -249
17 12 -249
19 -8 -249
1 -28 -249
-26 -43 -249
-33 -62 -188
-40 -75 -91
-55 -92 -2
-71 -98 92
-57 -108 183
-60 -98 246
-58 -96 246
-63 -72 246
-47 -52 246
-26 -34 246
-14 -7 246
5 21 246
16 54 246
37 79 246
60 88 207
61 117 96
76 132 -6
80 124 -107
79 119 -206
81 109 -249
66 109 -249
60 88 -248
48 62 -249
47 39 -249
21 2 -249
1 -18 -249
-8 -46 -249
-35 -83 -249
-50 -99 -184
-58 -109 -70
-71 -122 42
-76 -131 156
-76 -127 246
-73 -114 246
-73 -102 246
-73 -83 246
-47 -67 246
-29 -29 246
-17 8 246
21 58 246
25 75 246
47 115 246
74 124 219
82 152 74
97 172 -46
101 154 -171
100 145 -249
95 124 -249
98 121 -249
63 97 -249
44 71 -248
41 38 -249
-8 7 -248
-14 -30 -249
-46 -62 -249
-64 -90 -249
-86 -114 -157
-94 -138 -19
-113 -164 112
-110 -150 237
-129 -142 246
-104 -137 246
-94 -102 246
-65 -92 246
-42 -57 246
-26 -22 246
10 13 246
25 54 246
50 101 246
85 129 246
97 152 179
121 148 37
120 152 -101
117 158 -231
127 149 -249
113 142 -249
98 118 -249
82 94 -248
59 54 -248
30 34 -249
3 1 -249
-31 -41 -249
-49 -76 -249
-94 -93 -249
-108 -117 -109
-144 -138 42
-145 -137 186
-144 -148 246
-129 -147 246
-120 -127 246
-86 -109 246
-66 -78 246
-40 -43 246
-10 -5 246
26 33 246
58 73 246
92 105 246
108 137 246
135 149 167
143 147 20
144 153 -137
152 151 -249
130 141 -249
115 132 -249
99 114 -248
70 97 -249
44 46 -249
18 24 -248
-10 -11 -249
-45 -46 -249
-66 -76 -249
-101 -98 -212
-130 -130 -34
-151 -140 127
-147 -150 246
-145 -149 246
-139 -132 246
-116 -121 246
-93 -104 246
-68 -74 246
-43 -42 246
-3 -3 246
31 49 246
67 82 246
109 108 246
112 139 246
150 152 101
172 149 -56
143 153 -206
153 146 -249
135 138 -249
106 126 -249
95 107 -249
66 76 -249
41 42 -249
9 8 -249
-20 -34 -249
-60 -69 -249
-85 -88 -249
-113 -116 -126
-135 -130 43
-140 -147 196
-147 -158 246
-127 -139 246
-122 -134 246
-111 -113 246
-77 -86 246
-47 -57 246
-16 -31 246
12 9 246
46 58 246
87 97 246
113 116 246
136 135 246
148 150 61
154 150 -94
148 146 -235
143 146 -249
124 142 -248
111 114 -249
74 92 -249
61 55 -248
30 24 -249
-10 -10 -248
-37 -54 -249
-75 -83 -249
-103 -108 -249
-121 -134 -60
-139 -143 103
-139 -153 246
-145 -158 246
-136 -144 246
-116 -135 246
-94 -117 246
-65 -83 246
-32 -43 246
-7 -20 246
22 26 246
64 58 246
91 95 246
117 114 246
135 138 175
153 151 21
150 154 -135
143 158 -249
131 146 -249
121 126 -249
93 113 -248
66 74 -249
37 42 -249
10 12 -249
-33 -30 -249
-63 -67 -249
-84 -98 -249
-115 -118 -161
-136 -146 20
-151 -154 175
-148 -158 246
-147 -151 246
-130 -144 246
-105 -130 246
-87 -100 246
-51 -73 246
-26 -44 246
6 -6 246
31 33 246
71 67 246
102 97 246
118 117 246
141 133 129
154 147 -26
146 147 -177
143 144 -249
128 142 -249
115 116 -249
78 99 -248
48 62 -249
26 26 -248
-5 -9 -249
-35 -48 -249
-77 -86 -249
-108 -111 -249
-126 -135 -85
-150 -155 82
-154 -155 241
-143 -148 246
-22 -56 18
-43 -66 93
-56 -69 152
-50 -58 205
-52 -63 246
-34 -43 246
-34 -34 246
-18 -25 246
-17 -1 246
-8 33 246
16 34 220
23 54 161
39 79 9
50 81 -62
52 94 -134
43 90 -197
50 61 -249
46 54 -249
24 43 -249
17 35 -249
13 -4 -249
-2 -29 -249
-7 -48 -249
-25 -66 -230
-41 -72 -161
-55 -99 -75
-57 -113 5
-58 -104 87
-62 -102 163
-70 -98 231
-52 -99 246
-46 -80 246
-42 -64 246
-22 -31 246
-20 -11 246
-7 25 246
9 45 246
34 66 246
54 83 174
55 113 77
66 115 -13
61 122 -103
73 108 -189
69 106 -249
60 86 -249
60 94 -249
52 58 -249
37 39 -249
11 -1 -249
3 -34 -249
-14 -61 -249
-36 -75 -249
-60 -108 -159
-71 -119 -58
-76 -153 40
-84 -132 140
-97 -132 226
-82 -129 246
-77 -121 246
-62 -94 246
-47 -70 246
-20 -36 246
-20 17 246
-4 37 246
31 79 246
42 101 246
61 119 174
76 148 56
86 174 -47
99 161 -159
109 151 -249
87 121 -249
83 122 -249
68 101 -249
50 73 -248
19 28 -249
11 2 -249
-30 -53 -249
-40 -82 -249
-78 -122 -249
-93 -143 -137
-114 -145 -18
-111 -151 96
-122 -143 202
-122 -133 246
-107 -129 246
-86 -115 246
-65 -94 246
-41 -51 246
-19 -22 246
6 18 246
44 70 246
57 103 246
86 122 246
100 147 153
121 167 28
137 148 -93
131 139 -209
120 141 -249
113 149 -249
107 133 -249
78 100 -248
57 65 -249
32 33 -248
-18 -3 -249
-36 -43 -249
-78 -70 -249
-101 -100 -249
-110 -119 -102
-133 -143 37
-141 -140 163
-154 -148 246
-140 -144 246
-119 -126 246
-107 -108 246
-75 -86 246
-43 -46 246
-13 -10 246
20 35 246
61 75 246
84 101 246
112 123 246
133 143 133
139 151 4
136 160 -133
143 146 -249
150 137 -249
119 136 -249
100 114 -249
66 82 -248
40 60 -248
14 17 -249
-22 -23 -249
-55 -55 -249
-96 -85 -249
-109 -114 -185
-145 -133 -31
-142 -144 110
-151 -157 237
-145 -155 246
-132 -142 246
-105 -126 246
-88 -114 246
-57 -83 246
-24 -44 246
4 1 246
39 39 246
73 79 246
101 106 246
129 134 246
154 148 73
155 147 -56
156 153 -189
150 148 -249
137 143 -249
116 132 -249
97 100 -248
68 63 -248
46 40 -249
10 4 -249
-19 -40 -249
-55 -70 -249
-78 -99 -249
-94 -122 -120
-117 -136 27
-137 -141 162
-139 -151 246
-124 -140 246
-112 -137 246
-97 -126 246
-69 -96 246
-43 -56 246
-16 -19 246
25 10 246
47 47 246
89 83 246
106 118 246
127 137 175
139 152 38
153 166 -96
141 151 -218
138 150 -249
119 139 -249
103 125 -248
80 95 -249
39 61 -248
27 24 -249
-15 -10 -249
-47 -57 -249
-70 -91 -249
-101 -110 -207
-117 -136 -55
-140 -147 87
-153 -161 218
-142 -158 246
-133 -149 246
-117 -135 246
-93 -113 246
-67 -83 246
-38 -50 246
-6 -23 246
21 22 246
52 62 246
85 90 246
105 121 246
136 130 138
148 154 4
144 157 -132
143 155 -244
130 143 -249
112 133 -249
95 109 -249
61 74 -249
35 45 -249
8 2 -249
-28 -27 -249
-59 -67 -249
-96 -100 -249
-118 -125 -146
-143 -142 5
-153 -155 140
-143 -161 246
-140 -153 246
-130 -146 246
-107 -129 246
-93 -105 246
-61 -74 246
-20 -40 246
3 -9 246
36 37 246
72 70 246
102 102 246
119 128 246
146 143 99
147 149 -41
147 156 -172
148 144 -249
136 144 -249
120 127 -249
88 99 -249
67 63 -248
39 33 -249
2 -7 -249
-31 -42 -249
-70 -81 -249
-89 -104 -249
-123 -129 -76
-138 -145 70
-155 -157 204
-151 -150 246
-37 -78 27
58 84 -82
55 86 -142
54 91 -194
54 73 -240
42 69 -249
29 52 -249
26 9 -249
3 -4 -249
1 -24 -249
-23 -41 -219
-26 -69 -162
-52 -91 -17
-60 -98 53
-58 -92 126
-52 -84 184
-62 -93 239
-52 -71 246
-46 -59 246
-23 -36 246
-27 -28 246
-18 8 246
13 45 246
26 63 246
39 80 171
58 97 87
67 103 8
69 125 -71
78 125 -147
71 125 -214
58 103 -249
63 91 -249
50 61 -249
42 38 -249
15 16 -249
10 -29 -249
-8 -67 -249
-35 -81 -249
-51 -97 -156
-68 -116 -66
-80 -136 19
-74 -129 108
-90 -140 188
-95 -124 246
-67 -109 246
-53 -94 246
-48 -59 246
-31 -31 246
-3 -2 246
19 42 246
26 81 246
47 94 246
86 126 172
90 148 62
98 145 -33
102 154 -126
102 157 -211
101 141 -249
88 127 -249
74 101 -249
53 77 -249
45 35 -249
15 3 -249
-2 -22 -249
-30 -66 -249
-60 -104 -249
-78 -133 -136
-94 -137 -30
-111 -158 73
-112 -150 166
-124 -146 245
-105 -143 246
-96 -116 246
-70 -104 246
-56 -80 246
-33 -37 246
-7 -9 246
20 36 246
48 73 246
67 105 246
89 130 148
105 143 34
120 161 -71
131 138 -174
104 150 -249
109 135 -249
100 113 -249
73 86 -249
36 49 -249
18 25 -249
-15 -12 -249
-38 -61 -249
-72 -99 -249
-101 -116 -249
-115 -148 -112
-146 -158 7
-150 -155 119
-151 -161 215
-134 -145 246
-133 -129 246
-100 -126 246
-84 -98 246
-41 -54 246
-24 -23 246
15 25 246
54 54 246
74 96 246
105 124 246
126 140 136
156 158 20
147 152 -106
144 155 -214
134 142 -249
126 131 -249
95 114 -249
78 87 -249
50 50 -249
22 24 -249
-16 -15 -249
-51 -55 -249
-74 -90 -249
-100 -120 -194
-128 -136 -57
-151 -155 71
-151 -154 186
-138 -150 246
-135 -140 246
-118 -136 246
-100 -111 246
-65 -81 246
-52 -44 246
-8 -10 246
13 37 246
66 67 246
86 97 246
108 120 246
135 138 77
151 150 -41
152 154 -158
165 148 -249
123 141 -249
121 136 -249
93 109 -249
60 72 -249
33 39 -249
3 2 -249
-26 -49 -249
-71 -78 -249
-98 -108 -249
-120 -134 -133
-153 -152 0
-147 -154 120
-155 -153 227
-147 -150 246
-121 -144 246
-113 -122 246
-91 -99 246
-56 -67 246
-27 -34 246
1 5 246
50 41 246
71 75 246
109 101 246
127 125 175
159 147 49
162 150 -70
157 151 -180
144 145 -249
123 137 -249
103 122 -249
82 103 -249
52 59 -249
27 28 -249
-4 -4 -249
-33 -48 -249
-69 -76 -249
-87 -100 -220
-123 -129 -84
-132 -147 53
-145 -153 171
-138 -151 246
-130 -142 246
-114 -139 246
-88 -117 246
-73 -90 246
-34 -54 246
-6 -25 246
29 24 246
58 56 246
92 95 246
122 116 246
132 136 137
154 157 15
159 153 -105
149 149 -211
139 149 -249
116 133 -249
103 109 -249
80 82 -249
50 53 -249
22 21 -249
-11 -17 -249
-46 -49 -249
-78 -82 -249
-100 -109 -161
-117 -126 -24
-132 -138 102
-137 -152 217
-137 -142 246
-126 -131 246
-107 -127 246
-79 -107 246
-51 -65 246
-22 -32 246
8 6 246
43 39 246
72 72 246
103 107 246
128 128 246
152 147 100
159 160 -18
153 154 -135
146 151 -236
137 142 -249
118 136 -249
101 106 -249
65 79 -248
37 40 -249
14 17 -249
-29 -19 -249
-55 -53 -249
-87 -79 -249
-105 -107 -106
-130 -120 28
-144 -131 148
-141 -139 246
-134 -133 246
-122 -124 246
-101 -113 246
-78 -86 246
-56 -52 246
-17 -25 246
17 11 246
41 48 246
79 85 246
107 105 246
135 132 188
150 142 60
152 157 -60
155 155 -171
46 87 -17
54 93 -82
56 93 -155
50 81 -215
43 98 -249
43 55 -249
42 52 -249
32 27 -249
24 8 -249
-3 -15 -249
-20 -54 -249
-35 -63 -189
-58 -82 -21
-40 -93 58
-72 -105 141
-74 -113 210
-70 -93 246
-70 -73 246
-46 -66 246
-43 -40 246
-17 -20 246
-8 13 246
4 30 246
19 59 246
42 78 211
56 108 116
69 116 21
81 113 -66
78 126 -156
69 123 -232
86 109 -249
59 85 -249
46 56 -249
20 41 -249
9 9 -249
-2 -30 -249
-23 -54 -249
-42 -87 -249
-63 -105 -199
-71 -129 -96
-94 -154 2
-98 -146 104
-97 -153 196
-91 -138 246
-85 -130 246
-67 -112 246
-58 -83 246
-41 -47 246
-19 -16 246
-6 9 246
22 51 246
41 90 246
51 121 246
75 118 106
90 146 -2
90 156 -112
92 142 -215
77 146 -249
76 134 -249
70 105 -249
51 90 -249
26 34 -249
15 -3 -249
-18 -44 -249
-31 -83 -249
-66 -127 -249
-86 -160 -193
-87 -148 -70
-123 -158 44
-120 -146 158
-122 -152 246
-108 -142 246
-94 -134 246
-75 -80 246
-66 -73 246
-43 -35 246
-13 -4 246
-5 29 246
43 76 246
63 105 246
88 129 246
110 133 88
119 145 -30
123 153 -155
110 156 -249
108 139 -249
88 122 -249
79 102 -249
62 65 -248
25 41 -249
0 2 -248
-35 -46 -249
-59 -81 -249
-95 -112 -249
-121 -147 -173
-138 -153 -34
-151 -148 100
-153 -161 216
-143 -151 246
-124 -140 246
-121 -126 246
-92 -101 246
-54 -63 246
-29 -35 246
1 2 246
27 35 246
54 71 246
92 111 246
112 130 246
137 138 70
154 156 -64
151 161 -196
139 150 -249
137 138 -249
116 116 -249
89 92 -248
53 61 -249
27 33 -249
5 -11 -249
-35 -51 -249
-60 -86 -249
-91 -111 -249
-125 -139 -109
-147 -156 41
-158 -154 178
-139 -154 246
-134 -149 246
-114 -135 246
-102 -118 246
-89 -94 246
-42 -55 246
-17 -29 246
22 19 246
52 53 246
94 92 246
124 113 246
148 127 148
160 146 10
152 156 -125
145 152 -245
134 146 -249
119 135 -249
98 111 -249
75 76 -249
51 45 -248
13 15 -249
-9 -31 -249
-40 -73 -249
-86 -99 -249
-96 -130 -199
-120 -149 -48
-131 -163 96
-134 -155 225
-135 -152 246
-121 -143 246
-102 -134 246
-82 -108 246
-59 -76 246
-28 -47 246
8 -9 246
38 31 246
61 57 246
102 97 246
121 124 246
146 133 106
150 154 -26
151 159 -161
149 146 -249
131 146 -249
118 127 -249
100 100 -249
69 70 -248
40 38 -249
15 3 -248
-23 -41 -249
-58 -76 -249
-83 -100 -249
-114 -126 -136
-144 -145 16
-144 -156 155
-146 -156 246
-135 -153 246
-127 -146 246
-113 -126 246
-78 -95 246
-50 -67 246
-21 -33 246
15 -1 246
50 39 246
79 77 246
104 103 246
133 128 246
156 141 73
154 157 -65
155 152 -192
136 155 -249
134 138 -249
118 121 -249
77 95 -248
47 57 -249
20 34 -249
-8 -12 -249
-43 -58 -249
-79 -80 -249
-91 -110 -249
-118 -138 -75
-139 -150 71
-152 -159 206
-156 -156 246
-139 -149 246
-124 -132 246
-96 -115 246
-66 -86 246
-33 -44 246
-12 -21 246
30 20 246
54 57 246
86 89 246
109 122 246
139 137 175
157 149 39
158 154 -107
148 151 -226
127 147 -249
118 138 -249
97 115 -249
68 83 -249
42 48 -249
13 22 -249
-21 -20 -249
-56 -58 -249
-81 -89 -249
-115 -111 -156
-136 -137 -2
-148 -147 139
-148 -151 246
-145 -156 246
-136 -147 246
-121 -132 246
-91 -107 246
-60 -66 246
-30 -44 246
5 -5 246
31 31 246
75 76 246
100 100 246
119 122 246
142 138 130
156 153 -7
153 154 -142
45 76 -9
58 58 -111
60 70 -177
49 73 -236
50 60 -249
37 52 -249
31 30 -249
24 16 -249
11 -19 -249
-6 -35 -249
-14 -61 -249
-33 -71 -164
-65 -99 0
-55 -93 82
-56 -91 163
-62 -87 228
-53 -89 246
-28 -78 246
-32 -58 246
-18 -31 246
-8 -8 246
2 12 246
17 51 246
34 78 246
48 98 169
66 111 65
71 110 -22
81 119 -109
64 114 -195
76 109 -249
73 94 -249
63 92 -249
46 49 -249
26 28 -249
17 -12 -249
-5 -38 -249
-27 -57 -249
-51 -88 -249
-61 -114 -146
-86 -126 -47
-101 -141 50
-77 -148 149
-96 -143 232
-89 -132 246
-77 -109 246
-60 -79 246
-52 -63 246
-25 -11 246
-19 10 246
19 44 246
39 95 246
54 110 246
66 124 155
89 145 38
97 151 -66
98 156 -173
91 146 -249
85 146 -249
88 113 -249
72 109 -249
36 65 -249
24 2 -249
-9 -12 -249
-17 -55 -249
-53 -86 -249
-73 -103 -249
-84 -140 -120
-104 -152 -2
-111 -141 113
-118 -145 215
-107 -145 246
-95 -136 246
-86 -114 246
-69 -77 246
-46 -49 246
-25 -13 246
15 39 246
38 72 246
62 115 246
79 143 246
106 153 133
123 162 13
121 158 -114
132 155 -224
121 157 -249
120 135 -249
95 119 -249
77 90 -249
44 57 -249
24 38 -249
-6 -3 -249
-34 -45 -249
-71 -62 -249
-97 -104 -216
-119 -118 -78
-137 -132 52
-139 -133 174
-127 -136 246
-120 -129 246
-111 -120 246
-86 -96 246
-61 -76 246
-31 -30 246
-6 -2 246
31 36 246
67 72 246
98 105 246
109 130 246
131 154 118
156 156 -9
153 153 -144
148 158 -249
134 141 -249
126 135 -249
95 109 -249
79 83 -249
38 50 -249
11 24 -249
-16 -26 -249
-54 -61 -249
-87 -84 -249
-110 -115 -167
-138 -132 -14
-146 -137 124
-151 -155 245
-137 -146 246
-135 -135 246
-111 -119 246
-87 -94 246
-55 -55 246
-22 -31 246
14 17 246
45 47 246
76 92 246
100 116 246
138 142 204
138 149 56
149 148 -75
153 155 -207
136 150 -249
129 136 -249
106 123 -249
88 97 -248
67 63 -248
32 37 -248
5 -8 -248
-37 -43 -249
-61 -71 -249
-94 -103 -249
-114 -122 -102
-132 -132 50
-147 -147 181
-141 -145 246
-133 -139 246
-116 -130 246
-97 -116 246
-72 -85 246
-47 -49 246
-12 -13 246
16 20 246
58 56 246
93 90 246
116 119 246
139 139 156
149 147 23
156 158 -113
142 158 -230
142 146 -249
125 139 -249
102 114 -249
77 92 -249
52 54 -249
15 24 -249
-21 -15 -249
-45 -52 -249
-82 -79 -249
-106 -111 -189
-127 -135 -38
-140 -138 104
-145 -158 230
-136 -151 246
-126 -148 246
-100 -132 246
-82 -106 246
-51 -71 246
-27 -41 246
-1 -5 246
36 29 246
72 64 246
98 101 246
114 127 246
142 145 121
147 157 -11
157 148 -147
147 153 -249
137 144 -249
118 125 -249
88 104 -249
62 75 -249
33 39 -249
3 7 -248
-28 -33 -249
-67 -67 -249
-95 -93 -249
-123 -119 -130
-139 -138 23
-156 -147 162
-153 -152 246
-139 -150 246
-126 -136 246
-102 -130 246
-84 -102 246
-52 -62 246
-23 -35 246
4 0 246
34 43 246
66 72 246
99 102 246
127 129 246
141 140 78
150 157 -57
150 154 -183
134 146 -249
123 142 -249
100 124 -249
85 93 -249
50 60 -249
17 27 -249
-9 -11 -249
-42 -50 -249
-80 -83 -249
-106 -108 -215
-139 -137 -61
-152 -153 86
-157 -155 218
-147 -154 246
-133 -155 246
-120 -142 246
-103 -114 246
-73 -87 246
-42 -53 246
-9 -22 246
22 19 246
58 55 246
83 84 246
112 114 246
134 127 178
157 146 42
155 155 -97
151 151 -212
50 78 -38
End
