-21 67 -11
-28 106 2
-27 130 25
-21 139 30
-17 151 41
-22 137 66
-19 102 72
-15 23 47
-8 -31 25
-12 -76 0
13 -131 -25
12 -156 -39
15 -150 -51
18 -170 -80
20 -153 -91
16 -133 -90
14 -108 -78
4 -54 -76
1 -10 -68
-17 45 -49
-15 74 -18
-18 122 10
-29 146 31
-25 136 40
-34 135 66
-31 131 72
-28 108 73
-28 79 59
-22 35 44
-4 -11 29
-2 -61 13
3 -106 -23
5 -124 -46
9 -148 -64
18 -153 -99
24 -156 -111
18 -143 -109
18 -100 -91
15 -74 -93
-5 -28 -70
-8 27 -41
-15 68 -20
-28 108 7
-26 128 49
-50 146 68
-47 143 77
-42 134 94
-46 104 90
-28 74 95
-27 40 68
-12 -15 46
-14 -59 16
1 -108 -21
4 -136 -57
12 -163 -86
13 -163 -108
23 -153 -126
24 -149 -126
4 -115 -128
15 -76 -107
3 -31 -80
-21 11 -51
-20 66 -25
-22 116 25
-30 137 51
-36 148 83
-36 143 104
-38 134 115
-35 119 114
-43 87 98
-31 32 75
-24 -7 43
-5 -55 14
2 -104 -18
8 -139 -54
19 -163 -83
19 -169 -118
22 -162 -125
16 -145 -139
18 -120 -134
11 -78 -115
4 -31 -93
5 9 -49
-6 72 -16
-23 110 17
-34 136 56
-32 154 98
-41 140 124
-39 141 139
-56 120 142
-47 85 122
-28 47 102
-22 0 66
-16 -42 43
5 -93 2
18 -133 -60
8 -152 -86
19 -168 -134
32 -160 -150
35 -157 -169
40 -125 -156
33 -87 -143
5 -33 -109
4 9 -68
-12 60 -28
-29 110 18
-42 130 57
-46 155 91
-52 142 117
-54 137 143
-41 124 141
-44 97 131
-36 51 108
-33 0 88
-20 -33 44
5 -92 10
5 -125 -48
12 -145 -77
35 -161 -117
37 -162 -145
45 -152 -158
51 -131 -154
22 -87 -141
25 -40 -113
10 1 -74
-23 50 -32
-15 105 21
-32 134 56
-50 150 99
-45 143 138
-59 137 153
-56 121 135
-49 92 125
-51 52 108
-37 9 84
-20 -43 50
1 -93 4
6 -131 -44
15 -153 -85
20 -165 -125
31 -159 -152
40 -149 -150
32 -119 -156
41 -94 -130
24 -44 -105
7 -5 -72
-11 53 -38
-24 94 13
-21 130 44
-26 146 93
-40 152 121
-45 141 131
-44 131 141
-49 96 128
-41 60 107
-43 10 73
-22 -33 42
-8 -96 -12
-12 -128 -54
8 -152 -92
17 -159 -126
38 -155 -142
30 -154 -158
35 -134 -154
32 -92 -139
30 -47 -104
26 -2 -81
9 49 -33
-20 92 20
-13 129 50
-36 139 88
-57 150 125
-54 141 139
-53 129 139
-52 96 130
-59 58 108
-52 10 76
-33 -36 45
-19 -88 8
-3 -135 -45
-6 -155 -83
-2 -171 -119
29 -166 -154
23 -150 -151
38 -129 -152
42 -96 -141
26 -53 -114
35 -11 -72
-1 40 -35
-7 97 10
-16 122 51
-32 139 85
-31 154 106
-52 137 141
-62 124 133
-52 95 127
-70 64 113
-58 9 75
-40 -31 34
-38 -83 3
-30 -128 -46
-13 -157 -86
8 -165 -113
16 -163 -152
26 -150 -161
30 -131 -160
39 -97 -142
31 -54 -113
24 -6 -88
3 40 -41
-14 86 4
-12 123 43
-16 140 69
-32 149 98
-44 140 127
-47 126 147
-59 98 123
-58 63 106
-63 11 80
-47 -36 39
-24 -82 0
-29 -132 -47
-15 -158 -80
-15 -166 -115
11 -157 -157
19 -153 -162
32 -133 -157
33 -100 -153
29 -60 -121
28 -10 -83
11 32 -48
5 85 -6
-3 121 31
-15 137 67
-33 142 99
-48 138 130
-68 127 128
-53 104 117
-67 63 104
-70 21 79
-41 -35 40
-30 -78 5
-30 -126 -41
-20 -150 -84
2 -165 -116
14 -165 -148
35 -156 -163
35 -139 -165
47 -103 -142
-17 30 -39
3 -82 -28
3 -106 -50
7 -114 -55
15 -117 -73
3 -131 -75
9 -125 -81
3 -108 -78
1 -46 -46
-7 3 -35
-12 42 -11
-30 71 7
-24 100 26
-36 121 43
-61 117 42
-41 121 64
-49 104 52
-41 74 42
-43 45 36
-30 -27 14
-7 -36 -1
-6 -65 -27
2 -94 -37
10 -128 -68
20 -145 -81
24 -143 -81
17 -141 -86
26 -108 -78
12 -87 -70
1 -41 -54
12 -2 -28
1 39 -4
-26 76 7
-36 111 31
-27 132 41
-34 144 58
-32 144 60
-47 118 54
-35 89 52
-27 68 48
-10 -1 16
-5 -30 -7
4 -66 -16
10 -112 -43
8 -141 -65
24 -159 -68
21 -168 -85
23 -148 -80
44 -122 -76
28 -99 -72
1 -60 -61
12 -14 -32
-8 24 -21
-17 70 12
-19 92 31
-31 114 66
-48 148 75
-40 146 65
-36 116 70
-40 103 54
-31 67 56
-29 15 24
-17 -37 -13
1 -77 -31
-8 -85 -51
12 -130 -81
8 -152 -93
12 -158 -94
19 -149 -90
21 -143 -93
2 -102 -77
-5 -65 -69
4 -15 -31
-1 19 -14
-22 68 7
-33 90 48
-28 132 70
-43 139 84
-47 137 84
-53 128 92
-65 92 78
-54 75 70
-35 10 40
-19 -29 12
-7 -68 -19
-9 -93 -51
13 -120 -81
9 -148 -96
14 -155 -95
19 -142 -105
17 -136 -106
15 -100 -85
8 -57 -74
5 -17 -26
-8 23 -13
-14 57 24
-26 97 52
-32 123 74
-43 135 87
-46 141 90
-53 130 90
-50 97 79
-50 77 72
-40 24 52
-23 -11 19
-28 -57 -21
-12 -85 -59
2 -120 -80
5 -141 -109
28 -161 -85
16 -143 -104
27 -136 -101
23 -102 -97
14 -81 -73
10 -20 -46
2 20 -30
17 54 12
-2 91 56
-23 131 89
-18 142 83
-32 143 95
-48 126 89
-47 99 86
-39 74 66
-49 33 43
-30 -25 10
-31 -60 -32
-9 -83 -56
-3 -108 -83
6 -139 -110
13 -144 -113
12 -140 -111
15 -127 -121
22 -95 -92
31 -65 -75
11 -29 -41
20 20 -17
21 53 19
-5 90 41
-13 110 72
-17 137 101
-24 138 91
-27 135 91
-43 105 86
-32 61 80
-44 27 48
-28 -21 20
-31 -60 -16
-30 -92 -59
-14 -113 -83
-7 -138 -95
8 -150 -107
8 -133 -109
5 -123 -115
25 -94 -97
5 -80 -74
20 -25 -48
20 14 -20
11 52 20
11 79 55
-6 104 80
-18 125 103
-29 131 106
-41 126 102
-40 105 85
-46 62 76
-53 31 49
-43 -11 18
-34 -60 -14
-34 -93 -52
-14 -111 -87
-11 -130 -112
-1 -154 -116
10 -147 -110
21 -123 -103
14 -105 -90
22 -81 -72
27 -36 -43
11 15 -17
22 58 11
8 85 56
6 112 76
-17 121 90
-34 124 98
-29 120 97
-46 101 107
-46 59 85
-53 34 51
-45 -18 4
-40 -55 -28
-34 -84 -58
-25 -105 -94
-10 -131 -116
5 -151 -120
7 -153 -112
28 -135 -113
26 -104 -92
31 -75 -82
28 -41 -58
15 5 -22
18 52 4
9 76 47
8 106 76
2 132 100
-25 143 94
-29 121 88
-43 112 91
-45 73 79
-47 38 44
-40 -14 4
-34 -55 -24
-36 -89 -56
-30 -110 -93
-8 -139 -110
-1 -148 -120
10 -145 -121
11 -140 -110
28 -117 -106
15 -86 -83
13 -43 -56
16 13 -40
12 46 9
11 77 45
-4 101 69
-16 120 79
-29 133 89
-36 122 91
-33 104 76
-47 70 76
-45 40 52
-45 -6 27
-41 -67 -17
-35 -87 -42
-26 -113 -78
-12 -142 -117
-4 -161 -124
0 -152 -123
11 -143 -123
25 -119 -113
35 -78 -88
6 -73 -34
18 -93 -43
10 -103 -57
12 -129 -67
16 -110 -71
8 -111 -63
4 -87 -59
-7 -24 -32
-17 -2 -11
-24 40 5
-27 64 11
-39 82 15
-26 92 36
-32 100 50
-34 81 47
-38 78 29
-46 48 27
-25 9 19
-12 -24 7
-9 -55 -14
-10 -84 -33
2 -112 -48
17 -128 -59
24 -126 -60
16 -140 -68
14 -112 -61
12 -91 -62
-5 -62 -34
4 -46 -21
-12 17 -18
-21 44 17
-12 87 12
-34 104 38
-41 114 48
-56 117 62
-45 114 58
-43 77 40
-25 60 40
-29 30 28
-8 -5 6
-8 -65 -13
3 -88 -28
9 -101 -59
16 -132 -62
23 -138 -68
34 -148 -65
31 -140 -62
27 -106 -64
9 -63 -53
8 -29 -40
-3 4 -13
-17 56 15
-26 83 28
-30 108 45
-48 136 56
-48 148 66
-48 143 79
-40 112 74
-42 87 61
-38 44 40
-24 -2 23
8 -42 -6
3 -74 -40
8 -119 -48
24 -150 -75
27 -162 -68
35 -154 -76
29 -137 -75
38 -120 -67
17 -79 -54
14 -47 -40
-1 10 -32
-11 47 6
-20 91 31
-31 121 58
-51 149 69
-55 139 65
-57 126 72
-53 105 68
-55 80 56
-40 54 36
-38 20 4
-13 -29 -18
-4 -75 -42
3 -108 -66
14 -126 -76
25 -146 -83
31 -150 -93
36 -138 -98
23 -106 -88
16 -96 -75
-4 -59 -65
-6 -8 -23
-16 35 -2
-18 65 29
-34 102 44
-44 127 59
-52 133 72
-67 136 80
-73 113 72
-59 86 63
-52 53 35
-41 -7 3
-33 -41 -17
-17 -78 -44
-12 -116 -73
24 -136 -88
21 -164 -96
32 -164 -112
30 -145 -106
36 -130 -99
16 -96 -81
8 -66 -54
-3 -8 -39
-11 34 -6
-27 63 24
-33 99 50
-36 123 67
-49 131 74
-55 136 79
-56 104 75
-52 76 62
-54 61 44
-37 -3 5
-36 -45 -10
-9 -92 -52
2 -115 -67
19 -141 -82
29 -154 -96
31 -165 -115
27 -153 -104
44 -132 -98
38 -96 -83
17 -63 -54
6 -29 -35
4 25 -3
-9 65 33
-19 99 59
-38 125 79
-32 134 84
-56 132 73
-44 122 79
-54 88 66
-44 48 46
-37 7 10
-27 -34 -20
-8 -81 -51
-12 -113 -77
9 -137 -95
20 -157 -99
23 -167 -97
30 -155 -99
56 -137 -110
32 -112 -79
40 -67 -49
13 -19 -32
5 15 2
1 60 32
-11 79 57
-23 117 72
-42 125 73
-41 126 75
-44 117 81
-52 90 79
-53 51 54
-33 6 12
-24 -36 -8
-18 -68 -51
-10 -112 -74
1 -133 -97
18 -152 -108
23 -161 -105
29 -152 -104
34 -140 -93
41 -100 -78
20 -72 -60
5 -18 -36
-1 18 -8
-1 57 27
-7 82 53
-18 113 71
-44 136 78
-48 133 84
-60 116 78
-61 84 75
-64 51 55
-48 16 12
-43 -33 -17
-29 -75 -39
-21 -110 -80
-15 -136 -87
2 -145 -108
16 -164 -99
9 -156 -109
41 -154 -91
35 -113 -80
29 -86 -54
21 -20 -33
-4 15 -3
4 51 36
-6 95 62
-20 117 87
-27 143 87
-44 135 99
-71 124 82
-55 84 72
-55 59 66
-50 23 27
-40 -30 0
-30 -67 -39
-16 -102 -70
-4 -128 -100
18 -150 -104
27 -154 -98
46 -152 -99
38 -143 -92
47 -101 -87
48 -75 -54
28 -24 -24
30 16 -6
4 58 36
-7 94 75
-12 124 88
-32 135 94
-34 133 98
-43 129 88
-48 111 81
-48 72 62
-54 31 35
-30 -20 -4
-40 -63 -32
-7 -84 -83
-3 -107 -79
4 -132 -95
24 -141 -96
36 -142 -93
44 -127 -88
47 -99 -69
39 -70 -53
35 -24 -9
32 20 13
20 53 39
10 93 58
0 119 98
-25 134 96
-33 141 96
-38 128 100
-50 108 83
-45 74 77
0 -47 -16
2 -76 -40
15 -111 -50
13 -121 -44
12 -130 -84
2 -138 -71
8 -103 -71
1 -94 -59
-20 -13 -34
-19 19 -10
-25 61 5
-34 74 23
-31 102 39
-53 109 51
-44 119 63
-41 109 53
-36 70 32
-21 40 33
-16 13 23
-3 -22 3
-8 -58 -10
5 -85 -31
18 -116 -62
24 -128 -69
35 -156 -77
30 -147 -72
15 -129 -74
7 -101 -71
2 -80 -55
-1 -29 -38
-2 21 -19
-23 74 3
-26 77 22
-36 117 39
-41 135 47
-44 135 48
-39 131 59
-39 91 56
-39 66 34
-28 31 24
-14 -33 4
0 -77 -11
0 -102 -35
21 -129 -55
23 -150 -83
26 -167 -81
29 -153 -85
23 -133 -84
22 -112 -81
8 -87 -66
7 -31 -57
-3 16 -21
-1 61 0
-17 103 33
-43 141 51
-65 136 53
-46 136 75
-47 133 70
-30 103 79
-41 98 64
-19 45 42
-22 -1 10
-6 -40 -7
-1 -73 -38
16 -100 -57
33 -121 -91
37 -133 -86
14 -141 -96
29 -131 -94
20 -103 -87
9 -83 -90
2 -39 -62
0 14 -40
-28 49 -12
-35 88 12
-24 116 40
-49 130 58
-55 143 71
-49 135 70
-43 121 64
-52 101 50
-34 58 38
-19 6 12
-18 -40 -24
0 -72 -30
2 -104 -69
22 -128 -94
42 -151 -88
27 -154 -101
35 -156 -96
27 -116 -95
17 -105 -91
-5 -39 -61
-1 21 -46
-19 42 -8
-21 82 23
-38 109 52
-53 133 66
-53 138 82
-45 147 82
-53 123 76
-45 88 56
-28 60 40
-19 4 12
-10 -43 -5
-11 -64 -41
8 -110 -77
24 -120 -92
27 -148 -104
35 -160 -108
37 -148 -105
40 -117 -95
26 -96 -80
3 -70 -57
-1 -9 -33
1 40 -3
-21 72 32
-23 105 51
-33 130 67
-49 146 77
-40 142 92
-53 127 90
-48 86 71
-45 44 58
-25 13 27
-36 -43 -8
-17 -82 -45
0 -112 -64
11 -135 -88
24 -157 -112
21 -157 -113
31 -148 -102
32 -122 -97
16 -101 -81
10 -61 -65
0 -5 -27
6 31 -20
-1 60 28
-25 99 64
-26 135 72
-43 142 91
-44 135 91
-70 121 90
-49 98 72
-53 53 63
-49 7 27
-38 -55 -5
-30 -72 -35
-16 -108 -58
-6 -140 -90
16 -158 -107
19 -159 -101
23 -154 -99
23 -141 -104
29 -93 -75
27 -65 -60
5 -11 -36
7 28 2
-1 62 25
-21 105 66
-24 126 85
-48 142 96
-46 148 103
-53 126 86
-66 94 75
-60 60 50
-47 20 40
-43 -40 -3
-30 -82 -29
-20 -109 -74
-6 -129 -108
4 -151 -110
18 -158 -110
12 -152 -105
29 -135 -106
15 -107 -85
19 -69 -79
18 -9 -36
20 32 -4
2 67 22
-1 88 60
-9 129 72
-35 148 87
-44 134 87
-43 129 82
-51 95 71
-46 58 61
-54 12 22
-44 -43 -1
-24 -79 -40
-8 -101 -87
-6 -132 -93
12 -145 -117
9 -164 -108
24 -153 -110
34 -140 -101
27 -114 -88
25 -71 -66
11 -19 -41
18 18 -15
-4 60 20
-9 88 61
-24 113 92
-28 136 88
-40 138 86
-67 131 88
-68 88 79
-60 64 58
-58 16 27
-54 -49 -4
-28 -74 -30
-21 -104 -77
-10 -132 -97
1 -153 -109
16 -165 -127
16 -156 -112
20 -145 -112
16 -105 -89
20 -78 -72
16 -29 -44
14 27 -15
10 59 16
-6 91 50
-21 124 78
-33 125 89
-49 136 98
-40 132 89
-51 94 78
-56 69 63
-53 28 22
-40 -25 -4
-44 -70 -42
-28 -94 -64
-11 -129 -104
3 -161 -118
8 -157 -124
22 -165 -123
30 -134 -102
40 -110 -97
37 -75 -66
14 -28 -47
19 18 -7
19 54 14
-3 93 44
-6 127 84
-17 140 94
-45 136 96
-39 130 84
-61 109 84
-55 60 39
6 -56 -20
-9 90 33
-20 122 59
-25 133 69
-8 159 71
-25 138 76
-6 103 88
-13 93 81
10 11 42
11 -11 13
17 -49 -6
30 -82 -9
37 -94 -23
37 -116 -43
36 -105 -47
48 -97 -52
32 -86 -33
24 -37 -32
16 -4 -24
10 39 7
8 71 28
-2 103 36
-19 131 65
-24 136 79
-32 148 91
-23 136 90
-15 114 83
-18 97 87
-7 67 64
-7 25 46
3 -8 12
7 -24 10
26 -57 -24
32 -69 -49
44 -95 -60
28 -98 -54
44 -84 -59
44 -80 -61
42 -40 -49
27 -8 -27
11 26 -18
2 69 4
-1 86 40
-27 111 56
-28 131 70
-34 139 90
-27 136 88
-25 117 82
-21 93 64
-17 76 59
-1 28 46
2 -6 19
7 -29 -17
31 -61 -37
24 -86 -60
35 -103 -63
40 -105 -80
32 -98 -75
31 -93 -70
20 -66 -54
10 -27 -51
2 15 -18
-5 56 10
-19 84 35
-20 113 56
-39 145 76
-40 145 86
-50 143 82
-45 125 91
-35 89 84
-28 75 63
-26 34 39
-12 -7 3
-6 -44 -19
17 -58 -46
19 -81 -68
31 -102 -76
31 -116 -92
32 -113 -81
30 -89 -84
30 -72 -78
21 -37 -65
8 8 -24
-10 47 7
-9 74 31
-23 115 58
-36 133 81
-40 150 102
-34 141 101
-58 119 91
-41 101 87
-38 75 62
-21 24 46
-19 -17 15
4 -42 -12
11 -69 -57
20 -99 -86
34 -111 -104
24 -127 -93
35 -125 -102
40 -98 -98
25 -83 -73
14 -40 -63
3 3 -41
-5 42 -10
-20 67 31
-33 94 44
-42 127 74
-49 141 84
-44 141 90
-53 125 84
-47 97 78
-41 61 58
-25 28 28
-30 -15 0
0 -57 -30
-4 -88 -64
11 -114 -83
8 -130 -112
14 -137 -115
28 -133 -118
27 -114 -108
21 -97 -99
14 -57 -87
8 -11 -43
1 25 -8
-3 50 17
-32 90 43
-25 114 82
-43 129 79
-40 134 82
-54 111 72
-58 86 85
-49 67 48
-38 21 32
-27 -19 -13
-24 -66 -41
-16 -91 -77
-9 -123 -109
5 -145 -120
14 -150 -131
16 -144 -128
10 -141 -126
17 -109 -107
14 -82 -99
3 -25 -68
4 16 -33
-5 44 3
-25 75 30
-36 102 57
-45 126 80
-46 119 80
-61 115 74
-61 76 67
-59 47 39
-49 13 23
-48 -41 -10
-39 -71 -40
-32 -105 -93
-29 -126 -115
-17 -152 -123
6 -164 -132
5 -165 -143
6 -148 -135
4 -112 -113
10 -100 -104
-3 -49 -66
-6 8 -46
-13 36 -5
-20 56 29
-40 93 52
-48 106 67
-65 107 67
-64 99 59
-53 77 62
-63 43 36
-78 11 11
-65 -44 -30
-59 -78 -53
-40 -111 -87
-27 -132 -115
-25 -155 -130
-3 -170 -139
-16 -166 -148
7 -148 -133
8 -126 -113
-5 -92 -97
-4 -53 -71
1 -7 -31
-11 20 -7
-22 46 18
-26 74 54
-45 89 65
-61 95 74
-81 88 79
-80 72 55
-87 40 47
-83 5 19
-74 -43 -16
-56 -84 -40
-53 -109 -90
-42 -132 -112
-14 -160 -143
-13 -173 -142
10 -163 -140
8 -158 -141
13 -125 -118
11 -105 -106
12 -72 -65
8 -16 -35
3 12 -1
-24 39 30
-32 63 46
-40 84 73
-68 94 74
-63 90 66
-72 74 60
-70 42 41
-79 8 2
-65 -41 -10
-51 -75 -43
-48 -103 -85
-37 -137 -117
-30 -160 -134
-10 -161 -137
-3 -161 -127
3 -158 -129
4 -133 -124
3 -109 -100
2 -66 -67
12 -21 -52
-1 12 -11
-5 33 24
-15 58 49
-39 84 66
-46 90 74
-58 92 61
-59 72 64
-76 39 55
-72 7 31
-58 -34 -17
-45 -77 -33
-46 -104 -75
-32 -128 -107
-30 -154 -131
-12 -154 -140
7 -164 -139
11 -151 -126
31 -131 -121
10 -110 -102
13 51 21
1 -65 -10
-8 -86 -35
-1 -108 -44
14 -129 -61
5 -133 -65
11 -108 -49
2 -103 -66
-14 -55 -53
-12 -20 -28
-29 38 -12
-20 58 12
-29 85 13
-36 98 32
-44 108 45
-36 93 44
-40 79 46
-37 48 40
-30 26 19
-16 -7 13
-21 -46 -14
1 -75 -29
5 -107 -42
8 -113 -63
13 -127 -73
2 -124 -66
21 -132 -78
16 -120 -82
3 -91 -65
-15 -60 -62
-15 -24 -34
-18 20 -25
-22 51 -2
-27 80 26
-40 103 30
-42 113 47
-49 116 52
-38 94 44
-39 59 43
-35 35 24
-16 -1 8
-8 -59 -9
0 -64 -28
8 -110 -40
13 -117 -60
34 -145 -74
33 -160 -89
15 -155 -83
25 -127 -83
10 -102 -69
-2 -76 -64
-2 -15 -45
-6 22 -14
-19 56 1
-28 94 13
-27 127 34
-49 136 51
-42 135 53
-51 136 58
-35 85 52
-48 50 47
-29 12 8
-20 -34 -2
-4 -77 -16
1 -102 -40
2 -145 -65
27 -147 -73
29 -169 -84
29 -156 -83
31 -139 -92
19 -113 -70
19 -82 -54
0 -14 -38
-2 32 -21
-16 58 10
-26 107 28
-48 131 52
-53 143 73
-53 129 67
-56 131 62
-37 107 67
-35 87 64
-27 26 33
-20 1 2
-15 -44 -10
1 -79 -44
14 -107 -61
29 -124 -81
28 -145 -83
39 -139 -90
26 -129 -87
24 -99 -76
12 -74 -62
14 -29 -43
-1 20 -20
-3 62 -4
-30 98 44
-34 134 58
-43 146 67
-42 135 86
-58 134 90
-56 109 74
-43 76 75
-27 40 46
-21 -6 11
-4 -37 -2
3 -65 -44
19 -97 -69
13 -112 -85
33 -123 -97
38 -126 -91
31 -125 -82
30 -97 -80
30 -71 -65
10 -25 -49
11 15 -28
-6 52 15
-17 87 27
-33 111 65
-48 134 69
-53 145 85
-56 132 79
-57 110 60
-44 66 58
-37 41 53
-34 -10 8
-11 -41 -7
-4 -79 -40
6 -104 -80
27 -128 -93
38 -142 -92
29 -151 -89
27 -140 -90
36 -102 -84
26 -81 -81
16 -36 -46
20 4 -25
-2 45 27
-14 90 36
-31 108 61
-44 125 73
-53 139 67
-63 130 76
-61 111 67
-48 77 60
-44 44 36
-41 -11 1
-12 -50 -22
-6 -83 -44
8 -109 -70
13 -125 -90
27 -141 -105
23 -142 -98
24 -133 -95
40 -103 -77
22 -79 -78
16 -40 -48
2 13 -29
5 44 -4
-14 74 35
-20 108 64
-40 136 77
-52 141 84
-58 138 85
-60 107 88
-49 79 62
-37 51 64
-33 -2 27
-32 -44 -8
-13 -77 -38
11 -97 -75
4 -130 -96
37 -140 -108
33 -139 -98
32 -137 -100
44 -113 -86
33 -89 -63
33 -40 -49
17 4 -21
2 47 5
-8 74 39
-26 108 52
-29 126 72
-38 139 86
-52 132 92
-62 118 69
-56 76 56
-45 51 46
-27 -3 15
-29 -45 -25
-23 -75 -45
-4 -104 -69
8 -130 -80
26 -137 -103
8 -150 -103
22 -144 -92
38 -122 -81
20 -97 -59
27 -49 -47
22 -5 -29
1 29 9
-6 66 28
-26 102 55
-43 113 72
-42 130 84
-47 131 80
-65 120 73
-52 89 56
-51 52 36
-44 -4 19
-34 -42 -17
-21 -77 -34
1 -93 -67
8 -124 -96
26 -149 -100
32 -148 -105
22 -151 -91
44 -116 -90
36 -88 -81
32 -61 -50
26 -3 -21
0 40 -9
1 69 41
-18 93 69
-30 110 82
-46 131 86
-50 141 87
-56 127 76
-62 80 69
-53 53 53
-43 12 22
-36 -51 -15
-26 -77 -32
-16 -99 -60
15 -122 -96
12 -142 -100
21 -158 -79
31 -155 -89
32 -129 -80
26 -95 -65
44 -67 -50
24 -10 -22
20 29 2
12 66 29
-7 101 57
-20 131 88
-43 137 99
-54 141 87
-61 128 93
-10 -70 -18
-4 -90 -35
28 -102 -58
24 -140 -71
20 -143 -94
19 -149 -72
31 -117 -57
3 -60 -58
8 -18 -37
-14 14 -20
-20 57 -1
-36 87 20
-44 112 31
-50 133 46
-45 131 70
-45 101 56
-41 76 54
-29 53 49
-17 27 14
-5 -36 2
-3 -84 -7
4 -106 -36
18 -129 -61
17 -155 -64
33 -163 -81
22 -158 -93
23 -140 -88
22 -105 -67
10 -73 -59
10 -15 -41
-1 37 -24
-24 71 -5
-28 104 27
-36 129 43
-33 141 44
-41 142 54
-56 136 69
-50 100 48
-39 74 59
-20 36 32
-30 -15 16
-8 -49 -25
7 -85 -52
13 -111 -66
13 -153 -81
20 -158 -88
17 -156 -81
30 -143 -101
20 -117 -81
21 -88 -90
-3 -33 -64
-12 13 -31
-22 46 -9
-33 88 22
-44 115 45
-54 131 58
-68 142 70
-64 135 75
-75 107 64
-54 70 48
-37 37 28
-34 -17 12
-26 -61 -13
-9 -92 -48
5 -120 -67
10 -165 -87
20 -177 -97
14 -166 -90
27 -141 -104
22 -110 -96
11 -83 -86
7 -37 -52
-13 9 -39
-25 44 9
-34 75 31
-40 112 51
-62 143 63
-63 142 84
-55 136 91
-64 106 79
-59 75 61
-41 37 46
-28 -12 14
-31 -41 7
-18 -71 -52
-3 -107 -59
22 -127 -87
17 -148 -83
30 -147 -96
40 -147 -91
20 -103 -89
26 -90 -60
12 -40 -50
-5 11 -30
-14 45 0
-19 75 43
-34 105 66
-46 131 79
-55 148 81
-49 143 84
-53 115 79
-57 70 64
-40 50 57
-40 -18 17
-29 -51 -13
-5 -80 -43
1 -101 -68
19 -134 -87
23 -145 -101
6 -154 -95
36 -147 -91
26 -120 -81
22 -74 -63
11 -37 -40
5 0 -16
-1 38 14
-18 72 30
-28 104 60
-32 127 77
-54 135 83
-55 132 75
-65 113 84
-59 76 68
-63 44 53
-37 -6 21
-29 -47 -18
-11 -87 -44
5 -112 -78
8 -140 -93
20 -155 -107
12 -161 -111
11 -161 -99
19 -137 -99
20 -103 -85
13 -65 -76
3 -12 -45
1 37 -1
-20 62 14
-37 80 48
-51 114 76
-52 130 84
-56 125 69
-62 104 65
-56 69 52
-57 39 35
-35 -1 18
-24 -54 -20
-23 -83 -50
3 -101 -69
5 -148 -98
30 -161 -110
21 -159 -106
16 -157 -110
40 -134 -95
31 -105 -76
29 -68 -58
15 -7 -28
6 41 -2
-3 56 31
-17 100 52
-30 134 80
-41 140 89
-55 133 82
-49 114 76
-58 80 68
-48 60 49
-34 1 11
-23 -49 -4
-16 -84 -43
0 -91 -74
21 -126 -90
29 -143 -103
28 -156 -108
19 -140 -89
42 -125 -94
33 -96 -70
29 -58 -51
8 -16 -30
18 37 9
3 66 33
-9 88 65
-35 113 86
-43 133 98
-43 139 95
-45 124 85
-51 90 62
-50 54 46
-44 17 22
-37 -44 -20
-20 -68 -35
-4 -98 -68
12 -135 -84
14 -144 -112
38 -155 -100
33 -156 -94
38 -131 -88
44 -97 -79
36 -67 -64
30 -9 -26
18 37 -10
12 78 23
-3 98 53
-27 135 78
-40 137 83
-37 137 82
-52 138 68
-56 82 65
-50 55 52
-45 22 26
-41 -46 -15
-20 -77 -32
-6 -101 -65
-5 -122 -98
9 -152 -101
26 -161 -103
21 -153 -102
31 -136 -93
32 -106 -91
26 -74 -77
14 -16 -33
5 18 -15
7 59 22
-27 84 39
-34 122 67
-42 141 90
-52 136 84
-64 130 81
-69 94 65
-61 54 45
-56 16 21
-51 -34 -2
-31 -81 -35
-21 -98 -62
-4 -134 -93
6 -151 -122
20 -157 -114
24 -157 -100
42 -147 -98
40 -111 -83
23 -85 -69
21 -25 -36
9 21 -3
7 60 18
-7 83 45
-10 127 77
-19 136 91
-39 140 94
-66 130 84
-69 99 75
-5 -19 -3
-7 -78 -20
-12 -89 -37
-7 -104 -57
11 -126 -64
-1 -128 -70
3 -130 -73
-1 -104 -78
-19 -73 -68
-19 -35 -41
-32 2 -34
-28 41 -10
-32 51 12
-54 82 20
-54 77 30
-47 64 24
-46 73 35
-36 40 26
-35 10 11
-23 -33 -10
-22 -56 -14
-15 -88 -37
-6 -117 -47
2 -134 -59
0 -144 -85
-8 -158 -75
6 -163 -85
0 -129 -81
-4 -101 -83
-10 -61 -58
-24 -24 -49
-36 -1 -42
-34 25 -14
-57 63 10
-52 92 24
-51 91 27
-54 97 42
-46 83 46
-49 48 36
-46 4 11
-34 -17 8
-26 -69 -12
-16 -92 -40
-5 -123 -54
3 -146 -77
6 -168 -81
4 -181 -96
8 -160 -89
6 -121 -93
-12 -118 -82
-19 -70 -82
-20 -33 -53
-34 13 -28
-35 49 -9
-44 79 20
-52 93 34
-59 101 36
-55 105 48
-57 104 53
-49 73 46
-53 34 32
-36 -17 17
-28 -62 2
-11 -103 -34
3 -136 -56
0 -150 -84
11 -165 -89
18 -155 -100
8 -158 -100
4 -138 -94
3 -105 -87
-5 -92 -81
-12 -18 -57
-19 18 -30
-31 52 -16
-34 68 19
-49 101 36
-50 117 48
-60 125 59
-57 111 58
-53 80 56
-45 42 34
-44 -2 13
-39 -50 -1
-20 -73 -25
-4 -112 -54
-3 -130 -76
18 -161 -98
20 -162 -122
3 -166 -107
23 -152 -108
0 -113 -97
3 -88 -87
-6 -30 -58
-19 5 -42
-12 39 -5
-35 72 28
-34 97 38
-43 124 60
-53 131 77
-67 119 79
-41 93 72
-48 53 57
-31 14 44
-26 -41 14
-14 -78 -22
5 -115 -48
27 -129 -80
13 -157 -92
27 -163 -106
45 -166 -108
29 -137 -100
22 -108 -85
12 -68 -77
6 -26 -41
8 20 -21
-10 56 22
-23 77 50
-28 110 63
-43 126 85
-45 133 93
-45 135 95
-37 90 85
-41 61 62
-24 26 53
-16 -18 12
-11 -62 -12
-8 -83 -43
24 -109 -79
9 -140 -99
29 -152 -103
31 -156 -97
32 -131 -89
25 -108 -72
24 -69 -76
21 -34 -39
-5 28 -10
7 54 20
-5 93 58
-15 120 88
-35 151 91
-40 139 99
-53 136 104
-42 103 88
-30 75 84
-22 27 44
-18 -27 31
-19 -57 -11
-10 -74 -50
7 -100 -64
7 -135 -88
31 -137 -88
15 -137 -89
35 -118 -96
35 -90 -81
24 -69 -70
29 -9 -38
13 43 -16
14 64 28
-2 92 60
-17 128 88
-20 135 101
-26 143 115
-34 133 114
-34 113 93
-44 76 75
-27 47 61
-28 -9 35
-16 -45 2
-7 -63 -32
-1 -85 -67
5 -110 -85
26 -120 -91
19 -125 -108
36 -115 -90
36 -85 -85
38 -53 -78
26 -15 -37
26 30 -9
18 60 35
14 85 69
-3 118 91
-18 140 113
-8 147 124
-26 136 125
-32 121 100
-42 80 87
-21 57 76
-25 5 47
-12 -31 -3
-7 -56 -32
13 -76 -61
20 -104 -80
35 -114 -101
23 -110 -99
38 -108 -97
35 -78 -83
38 -53 -59
45 -13 -42
32 39 -10
25 65 24
14 91 63
4 119 87
-1 150 108
-21 142 129
-13 141 107
-20 119 106
-27 79 88
-25 58 64
-22 9 35
-8 -24 3
3 -50 -24
4 -65 -65
3 -88 -80
23 -108 -102
36 -115 -94
32 -97 -90
52 -84 -74
36 -50 -64
36 -20 -27
32 26 -8
25 59 30
14 81 65
1 112 88
0 130 114
-12 146 119
-30 139 110
-36 120 113
-37 95 86
-38 67 79
-24 22 35
-16 -17 2
-3 -42 -29
1 -70 -75
8 -86 -83
31 -106 -98
19 -103 -104
23 -96 -94
35 -87 -67
35 -52 -75
44 -22 -37
36 21 -1
28 58 12
3 88 52
5 117 88
-4 128 104
-19 139 116
-31 136 104
-50 123 109
-51 91 89
-9 -41 -22
7 -81 -22
8 -107 -42
15 -126 -46
30 -151 -81
31 -162 -88
17 -155 -75
17 -119 -73
8 -59 -49
-11 -18 -36
-9 34 -6
-20 69 10
-20 103 35
-40 117 49
-48 143 53
-31 142 71
-52 115 63
-40 72 59
-20 61 46
-23 -11 33
-7 -40 1
-7 -91 -18
-5 -116 -52
23 -151 -75
26 -161 -83
19 -168 -83
9 -140 -95
12 -133 -95
5 -94 -82
-6 -64 -68
4 -2 -36
-18 40 -8
-17 69 10
-27 104 42
-38 131 52
-46 145 72
-52 139 76
-48 112 78
-38 104 64
-33 73 61
-31 22 34
1 -29 10
-1 -64 -12
6 -88 -48
5 -129 -56
23 -152 -84
14 -165 -87
18 -161 -88
21 -145 -97
12 -110 -69
10 -81 -69
1 -28 -47
-7 21 -19
-21 48 10
-28 102 41
-38 130 60
-32 148 76
-47 141 91
-52 126 79
-38 103 75
-33 78 70
-20 34 44
-23 -25 12
-8 -61 -21
-8 -90 -60
12 -113 -88
28 -142 -95
32 -148 -104
34 -155 -113
22 -137 -116
11 -105 -93
15 -70 -80
-2 -28 -49
-1 21 -23
-6 58 3
-27 93 44
-31 118 61
-39 137 67
-46 136 91
-35 130 90
-41 108 73
-33 70 62
-27 35 46
-24 -30 6
-1 -51 -22
1 -93 -52
12 -122 -78
7 -136 -102
8 -156 -108
16 -150 -97
17 -143 -87
31 -122 -87
11 -82 -80
11 -35 -41
14 26 -28
-7 56 18
-20 92 43
-18 128 71
-27 137 80
-42 134 95
-41 132 88
-39 113 92
-30 75 82
-30 38 40
-35 -17 7
-20 -61 -15
-4 -76 -52
6 -113 -77
13 -124 -105
22 -149 -104
15 -141 -112
31 -120 -109
25 -101 -88
14 -70 -78
10 -27 -49
22 20 -20
9 44 17
-10 76 39
-7 114 67
-26 131 86
-24 140 87
-34 136 89
-42 112 81
-31 69 69
-48 38 47
-26 -8 15
-27 -65 -17
-10 -88 -49
-13 -110 -83
-1 -129 -99
4 -151 -121
6 -156 -117
13 -145 -109
25 -118 -92
20 -81 -82
26 -39 -53
6 16 -30
8 51 3
-10 85 50
-2 116 69
-36 127 95
-31 139 91
-38 133 94
-53 116 94
-29 65 74
-40 34 42
-40 -11 10
-36 -60 -20
-27 -86 -52
-23 -112 -90
-5 -138 -110
6 -145 -120
8 -144 -130
6 -135 -114
14 -109 -110
16 -80 -88
18 -38 -60
15 5 -26
1 43 5
-2 72 39
-13 104 66
-13 120 94
-33 139 100
-36 133 107
-41 121 87
-42 65 73
-48 40 61
-46 -7 30
-31 -59 -11
-25 -84 -53
-12 -106 -75
-8 -139 -119
0 -158 -124
4 -156 -117
16 -150 -115
23 -115 -101
12 -88 -88
18 -44 -65
18 8 -27
16 49 13
-1 70 33
-11 104 67
-8 122 92
-26 138 106
-43 140 98
-45 116 85
-44 72 79
-53 40 42
-39 -12 11
-38 -58 -30
-31 -95 -56
-33 -117 -80
-6 -141 -112
-2 -162 -130
4 -158 -122
10 -158 -125
37 -127 -104
24 -90 -89
22 -63 -78
20 -2 -34
24 36 2
16 76 39
-4 99 72
-14 125 94
-29 134 92
-30 137 93
-53 120 83
-52 78 80
-54 41 53
-53 -1 25
-54 -56 -1
-29 -87 -40
-29 -108 -71
-19 -135 -104
-18 -151 -105
4 -163 -113
19 -149 -108
37 -139 -111
19 -94 -95
33 -59 -63
24 -13 -22
34 38 -5
20 73 38
0 103 63
-5 130 79
-26 140 103
-28 140 98
-32 115 101
-67 92 75
-65 39 68
-51 3 31
-48 -46 -3
-55 -86 -29
-25 -113 -59
-18 -133 -98
-11 -154 -120
8 -163 -116
11 -153 -96
12 -136 -96
21 -100 -73
23 -63 -62
24 -12 -37
28 40 -2
8 80 29
4 96 72
-20 120 92
-22 148 108
-23 140 101
-41 122 99
-63 100 85
11 -72 -22
9 -106 -36
9 -106 -63
9 -132 -70
10 -127 -60
13 -123 -68
13 -97 -57
-6 -38 -43
-7 -12 -33
-24 35 -4
-15 54 14
-27 89 30
-30 111 50
-32 122 47
-31 116 60
-35 97 53
-22 63 49
-24 28 30
-25 -14 31
-13 -52 4
-1 -84 -21
11 -118 -34
9 -117 -56
17 -136 -64
20 -137 -64
12 -149 -75
13 -114 -72
9 -86 -52
-2 -47 -43
1 -4 -24
-14 44 5
-22 61 18
-29 109 47
-37 120 55
-32 152 47
-48 137 65
-37 112 65
-23 84 63
-22 55 52
-10 8 34
1 -35 11
5 -67 -15
12 -102 -49
19 -124 -54
29 -154 -67
35 -168 -84
13 -160 -88
16 -139 -78
24 -106 -72
11 -53 -58
9 2 -42
-14 35 -16
-5 76 10
-22 104 32
-27 159 43
-44 143 68
-37 126 74
-36 121 82
-48 96 78
-33 69 42
-39 10 30
-27 -34 2
-8 -57 -21
8 -94 -52
9 -117 -76
8 -146 -90
12 -151 -92
16 -152 -95
24 -130 -102
17 -99 -91
10 -65 -66
2 -12 -46
-8 28 -13
-17 71 18
-17 98 44
-29 140 45
-44 148 91
-36 144 81
-48 127 87
-48 98 75
-34 74 74
-24 26 44
-28 -16 6
-8 -52 -18
0 -80 -35
13 -106 -80
9 -133 -87
26 -142 -102
17 -143 -105
24 -120 -105
25 -94 -95
15 -55 -75
-2 -17 -29
3 26 -24
-5 57 11
-10 92 39
-31 123 56
-43 143 67
-39 132 82
-51 129 92
-37 98 72
-36 72 62
-19 28 41
-27 -21 16
-3 -51 -12
10 -77 -47
11 -108 -81
12 -138 -99
35 -143 -109
31 -152 -101
29 -134 -101
25 -93 -93
8 -68 -80
15 -18 -57
5 29 -29
-7 59 4
-25 89 35
-14 112 70
-24 153 85
-30 134 88
-36 126 89
-33 100 85
-29 68 58
-38 31 36
-19 -20 8
-19 -54 -13
2 -81 -66
10 -114 -85
16 -135 -106
11 -152 -118
25 -144 -131
36 -134 -111
19 -107 -102
30 -78 -84
22 -32 -47
23 10 -25
11 47 10
-4 84 42
-19 114 63
-12 140 85
-37 139 82
-39 125 102
-40 96 84
-40 72 77
-38 40 48
-33 -10 20
-29 -54 -21
-16 -78 -60
-7 -113 -78
-6 -142 -117
9 -152 -120
-2 -156 -117
11 -145 -110
23 -116 -86
16 -77 -76
12 -33 -53
6 19 -28
8 58 15
-17 89 54
-8 114 72
-32 138 100
-26 134 100
-39 134 109
-40 109 89
-35 75 83
-41 47 54
-46 -11 19
-27 -63 6
-24 -79 -41
-16 -102 -78
3 -135 -104
4 -138 -116
3 -136 -107
15 -141 -104
13 -117 -92
21 -84 -77
22 -43 -52
20 25 -8
28 59 16
5 84 54
-2 124 85
-14 143 107
-30 145 106
-29 133 100
-42 125 95
-33 85 88
-33 45 57
-35 -3 27
-38 -52 -4
-39 -68 -38
-19 -109 -82
-12 -132 -98
3 -145 -113
5 -148 -107
10 -122 -115
19 -114 -102
21 -76 -79
12 -36 -63
10 13 -25
15 46 -2
10 77 41
-14 110 64
-20 127 95
-28 127 98
-24 129 93
-45 113 90
-44 73 59
-45 34 42
-50 -14 18
-39 -56 -11
-47 -93 -55
-33 -107 -90
-15 -134 -113
-11 -153 -123
9 -155 -130
12 -149 -126
19 -123 -111
30 -83 -89
14 -41 -73
9 2 -38
8 35 -6
-2 74 40
-1 106 64
-24 120 91
-37 133 98
-40 128 85
-44 116 84
-58 72 61
-61 36 48
-48 0 8
-43 -61 -27
-46 -89 -55
-29 -116 -88
-20 -141 -125
-9 -163 -125
-6 -162 -128
-5 -152 -123
28 -135 -111
18 -88 -88
21 -66 -68
29 -8 -37
20 41 -11
16 62 23
-7 104 72
-19 123 88
-38 136 96
-52 129 85
-58 121 81
-55 77 70
End
