6 -68 16
19 -107 -16
9 -114 -29
-8 -118 -36
-12 -128 -59
-6 -136 -78
-12 -110 -59
-9 -50 -67
-14 -30 -46
-22 11 -47
-15 72 -23
-20 97 -15
-18 105 15
-13 119 35
-25 142 55
-11 115 48
-9 96 57
3 45 49
-2 24 48
2 -37 35
8 -77 21
13 -113 -2
-1 -125 -21
9 -147 -56
0 -151 -75
-2 -140 -78
-15 -123 -90
-13 -99 -73
-22 -61 -63
-21 -32 -57
-20 19 -48
-19 66 -21
-35 105 -12
-21 117 8
-31 130 37
-36 131 45
-22 135 66
-2 102 62
-8 62 51
-7 28 49
7 -26 34
14 -44 11
12 -99 -9
-1 -124 -27
10 -141 -61
-1 -140 -73
-1 -148 -92
-11 -131 -84
-11 -92 -78
-22 -70 -87
-34 -14 -64
-23 29 -50
-21 75 -28
-26 91 -16
-16 119 28
-16 132 44
-14 143 64
-8 133 84
3 100 79
-2 73 64
10 35 56
-17 -9 34
-5 -54 25
1 -79 -5
-6 -110 -32
-2 -131 -55
-5 -147 -65
8 -152 -76
-8 -129 -93
-22 -107 -72
-16 -72 -71
-11 -24 -56
-12 24 -47
-15 68 -25
-10 78 -1
-11 111 31
-16 140 57
-6 149 80
-20 134 87
-12 113 70
-5 78 66
-8 42 57
0 0 38
-1 -63 24
1 -85 -18
-8 -97 -43
-19 -127 -64
-12 -139 -85
-17 -143 -97
-22 -124 -89
-16 -101 -89
-13 -68 -77
-12 -28 -68
-11 3 -40
-13 53 -28
-13 80 4
-16 111 28
-24 116 51
-24 130 67
-17 123 70
-11 112 67
-12 79 61
-14 34 45
-14 -6 36
-12 -57 24
-7 -90 -12
0 -118 -42
-17 -122 -68
-11 -145 -91
-7 -147 -104
-2 -133 -96
-17 -115 -95
-19 -82 -80
-4 -44 -62
-13 3 -48
-11 48 -24
-10 66 -3
-25 96 29
-21 122 52
-7 119 63
-29 133 67
-15 100 68
-21 79 59
-29 40 53
-21 -12 34
-26 -64 1
-20 -100 -20
-19 -117 -53
-22 -144 -67
-18 -148 -100
-1 -156 -118
-14 -149 -106
-20 -131 -98
-13 -87 -87
-13 -56 -81
-10 -2 -47
-17 40 -33
-21 78 -12
-14 89 15
-10 123 40
-19 118 59
-18 129 61
-5 102 63
-14 91 58
-12 45 51
-25 -8 30
-12 -60 3
-5 -108 -21
-12 -118 -50
-3 -140 -76
-11 -159 -99
-10 -152 -109
-2 -148 -108
-18 -126 -99
-23 -99 -84
-16 -64 -82
-11 -7 -59
0 39 -31
-4 70 -2
-17 97 21
-24 110 45
-10 119 59
-17 126 74
-20 114 81
-19 88 76
-26 47 50
-6 -2 41
-24 -42 15
-17 -98 -17
-11 -113 -48
4 -143 -67
2 -165 -89
-8 -165 -108
-9 -157 -106
-10 -134 -83
-15 -105 -78
-16 -65 -72
-18 -9 -61
-3 29 -28
-5 68 -8
3 99 26
-5 114 49
-11 132 67
-7 136 79
-2 108 78
-8 91 58
-6 48 54
-12 17 33
-21 -45 23
-12 -90 -13
-9 -119 -52
-13 -135 -54
-10 -152 -81
-20 -156 -97
-11 -156 -101
-14 -130 -95
-22 -96 -95
4 -69 -80
-8 -16 -46
3 34 -36
-3 76 0
-5 91 26
-6 118 47
-8 133 66
1 144 89
-13 131 92
-10 103 83
-8 58 63
-11 15 48
-16 -30 32
-12 -87 13
-12 -121 -27
-13 -133 -54
-14 -154 -82
-19 -150 -102
-11 -152 -107
-7 -136 -97
-20 -92 -84
-18 -64 -66
-8 -13 -54
0 36 -28
-2 71 -2
-18 116 25
-10 118 44
-16 138 67
-20 138 92
-13 136 86
-13 108 75
-12 67 75
-16 28 53
-19 -28 24
-12 -88 -4
-13 -113 -38
-9 -125 -56
-3 -140 -82
-14 -146 -109
-3 -149 -106
-16 -140 -107
-20 -106 -84
-2 -78 -67
-6 -21 -51
-3 30 -27
9 79 -10
-21 101 21
-1 130 46
1 147 74
-9 133 86
-22 132 96
-13 107 82
10 -29 24
-13 -69 6
-8 -100 -12
2 -113 -30
-10 -132 -50
-8 -152 -63
-12 -142 -76
-9 -120 -75
-14 -53 -68
-24 -8 -63
-3 37 -28
-20 70 -1
-14 88 -6
-19 123 19
-25 136 29
-20 138 58
-11 124 63
-10 97 52
-3 60 59
-3 -5 42
-8 -37 24
-4 -72 -6
9 -93 -3
-3 -140 -36
-11 -146 -63
-6 -173 -73
-1 -161 -71
-16 -137 -89
-13 -117 -75
-23 -73 -59
-10 -35 -65
-23 27 -39
-25 56 -20
-28 98 -1
-26 125 18
-24 137 44
-23 143 69
-19 124 59
-16 99 67
2 73 62
-26 18 41
-9 -35 33
4 -73 9
-2 -100 -13
3 -132 -22
-2 -148 -60
-6 -166 -93
-16 -153 -98
-25 -143 -97
-25 -109 -91
-13 -64 -92
-15 -22 -79
-23 29 -53
-23 73 -33
-12 87 -8
-23 125 36
-14 141 61
-23 139 71
-16 128 75
-13 103 74
-6 64 63
-10 28 56
-10 -18 31
-3 -51 3
-3 -75 -8
3 -113 -39
-6 -132 -75
-10 -140 -81
-9 -148 -106
-31 -136 -92
-11 -106 -82
-11 -73 -97
-17 -33 -68
-4 11 -42
-5 53 -26
-18 88 -3
-13 120 32
-14 138 47
-17 130 66
-15 120 67
-6 100 69
-4 75 52
-19 22 49
-17 -26 28
-10 -65 4
-7 -99 -26
-8 -129 -56
-13 -146 -86
2 -161 -110
-8 -155 -106
-9 -141 -112
-29 -105 -100
-5 -78 -82
0 -24 -70
-15 23 -38
-2 65 -24
-7 91 0
-17 114 31
-13 132 60
-19 139 78
-12 131 85
-7 106 73
-18 60 52
-7 28 54
-22 -17 31
-23 -64 8
-19 -96 -18
-14 -126 -46
-32 -142 -74
-20 -164 -95
-4 -152 -113
-9 -141 -104
-17 -117 -94
-10 -77 -84
-11 -36 -60
5 14 -46
-4 58 -24
-10 84 -4
-8 118 29
-8 124 73
-5 135 74
-11 128 71
-13 106 78
-28 71 56
-12 38 53
-15 -8 30
-21 -64 7
-17 -91 -17
-22 -132 -52
-15 -145 -81
-14 -152 -105
-12 -156 -119
-8 -149 -105
-23 -116 -86
-12 -100 -92
-4 -58 -72
5 6 -40
3 57 -15
-1 76 0
-9 103 35
-2 134 62
-18 140 89
-5 138 78
-6 105 83
-11 84 76
-28 41 51
-28 -10 42
-29 -69 9
-15 -96 -10
-33 -124 -39
-21 -132 -79
-20 -154 -108
-25 -162 -118
-18 -152 -104
-17 -119 -90
-11 -86 -94
10 -46 -77
-2 9 -45
2 54 -20
-3 71 9
-4 104 43
-4 134 64
-6 134 90
-5 128 93
-17 101 86
-17 80 67
-27 44 55
-29 -26 38
-25 -74 16
-22 -111 -19
-28 -121 -49
-17 -147 -81
-12 -156 -92
-16 -161 -100
-17 -143 -108
-12 -119 -104
-6 -88 -83
-4 -48 -76
19 4 -38
2 66 -12
5 89 14
3 103 41
2 130 48
0 133 84
-5 136 72
-18 113 76
-2 85 75
-18 35 63
-21 -2 29
-25 -70 8
-31 -104 -29
-17 -130 -46
-22 -144 -84
-22 -170 -110
-24 -157 -112
-16 -149 -115
-24 -132 -113
-18 -92 -87
-8 -52 -67
10 3 -49
9 47 -24
0 79 2
13 110 26
3 130 53
1 147 85
-8 140 93
-2 119 71
-4 92 69
-18 48 67
-12 0 34
-22 -60 14
-28 -90 -11
-20 -121 -49
-22 -143 -66
-14 -152 -94
-18 -167 -106
2 -150 -106
-17 -122 -97
-4 -93 -76
5 -42 -68
3 -11 -42
11 52 -7
17 83 10
19 106 37
-4 136 67
3 144 81
5 148 99
-6 134 81
-7 95 84
-16 55 59
-25 15 46
-27 -39 16
-17 -85 -8
-11 -113 -39
-23 -129 -61
-17 -142 -86
-8 -141 -103
-12 -136 -111
-9 -124 -94
-15 -94 -84
7 -55 -66
3 2 -46
5 43 -20
5 84 15
3 101 42
-6 126 58
-4 135 87
-4 138 91
3 117 87
-6 99 84
0 -31 10
-6 -76 -15
-9 -86 -15
-6 -108 -24
-17 -113 -42
-4 -109 -54
-14 -101 -69
-16 -69 -69
-19 -27 -60
-12 -9 -51
-30 33 -41
-28 55 -16
-36 68 -3
-20 84 9
-14 96 29
-15 98 24
-18 66 15
-13 50 32
-18 26 28
-10 -22 14
-1 -57 -3
-2 -65 -15
-7 -108 -24
-11 -123 -57
-24 -140 -60
-5 -132 -68
-16 -113 -75
-25 -97 -72
-27 -68 -75
-19 -54 -74
-25 -2 -45
-17 47 -44
-32 48 -19
-26 88 -6
-20 91 9
-21 119 22
-29 106 27
-21 86 45
-17 62 31
-28 34 32
-12 -9 20
-13 -46 -2
0 -81 -23
0 -119 -36
-17 -134 -59
-5 -149 -64
-6 -151 -79
-12 -134 -88
-26 -114 -78
-30 -80 -65
-33 -52 -81
-24 -1 -65
-24 34 -41
-24 63 -29
-38 72 -9
-33 117 17
-15 131 42
-19 124 38
-20 100 35
-19 59 51
-6 35 45
-10 -24 35
6 -59 8
-3 -99 -10
1 -116 -19
-1 -155 -49
-11 -157 -65
1 -177 -91
-6 -159 -81
-6 -126 -76
-21 -104 -88
-17 -48 -76
-20 -9 -45
-11 35 -34
-17 61 -20
-15 95 0
-21 123 32
-27 161 47
-12 139 60
-8 108 69
-9 91 49
0 50 53
1 -5 53
-1 -56 20
-2 -84 -2
8 -114 -22
-6 -153 -49
-15 -179 -57
-18 -164 -89
-16 -150 -76
-1 -127 -89
-17 -89 -86
-15 -56 -83
-19 -2 -70
-26 36 -46
-19 77 -15
-17 108 29
-23 124 30
-28 137 50
-19 130 71
-13 116 58
-14 78 67
-4 50 59
-10 -3 33
-3 -50 28
-14 -76 -3
-14 -106 -22
-13 -140 -56
-8 -141 -77
-3 -163 -86
-15 -152 -99
-16 -134 -89
-8 -103 -85
-8 -66 -86
-12 -8 -61
-8 37 -33
-5 68 -21
-22 104 10
-10 122 41
-25 138 65
-24 138 61
-21 112 68
-9 99 59
-11 59 52
6 6 45
-6 -45 24
-8 -85 -5
-8 -108 -34
-11 -140 -64
-8 -149 -79
-17 -152 -99
-19 -151 -94
-20 -126 -94
-22 -81 -87
-14 -69 -72
-6 -8 -61
0 37 -36
-19 67 1
-15 91 28
-18 113 49
-18 131 63
-24 138 69
-12 118 72
-6 93 79
-18 59 63
-18 3 50
-19 -54 32
-13 -84 -9
-15 -117 -15
-11 -127 -37
-12 -159 -84
-25 -156 -96
-18 -153 -97
-25 -131 -106
-8 -109 -85
-9 -61 -76
-6 -17 -52
3 38 -33
-9 76 -8
-6 105 22
-12 126 52
-12 133 75
-12 138 88
-16 127 75
-6 95 76
-13 64 73
-13 26 61
-10 -41 34
-20 -79 7
-13 -102 -25
-11 -125 -40
-15 -145 -69
-5 -152 -85
-1 -142 -93
-12 -132 -79
-14 -90 -83
-11 -62 -72
7 -12 -46
14 36 -28
-4 74 3
-1 93 36
-12 133 47
-6 146 87
-3 138 93
-10 133 88
7 101 82
-7 60 80
-6 25 50
-22 -29 43
-16 -82 8
-7 -101 -34
-4 -121 -53
-4 -154 -74
-3 -152 -82
-13 -145 -93
-4 -127 -88
-12 -96 -81
0 -58 -58
15 -15 -36
7 39 -33
11 69 4
0 100 15
8 120 43
-2 137 72
0 132 87
3 137 83
-4 109 87
-1 67 75
-11 34 55
-16 -18 25
-9 -70 1
-16 -94 -32
6 -116 -53
-3 -135 -77
-15 -148 -94
1 -138 -101
-17 -121 -105
-8 -95 -90
3 -61 -65
10 -20 -56
19 36 -30
8 71 13
0 100 24
2 125 49
-2 137 67
7 142 92
1 128 102
-6 109 82
-11 75 77
5 38 58
-13 -11 39
-7 -50 11
-7 -81 -21
-21 -101 -43
7 -121 -69
-9 -140 -95
-5 -134 -107
-2 -113 -93
-6 -92 -81
-4 -54 -66
-1 -15 -52
5 43 -36
7 72 11
6 103 20
10 131 56
1 138 76
9 147 90
4 134 82
1 117 87
-3 75 81
-7 -45 7
2 -70 25
3 -83 -12
6 -125 -25
-7 -143 -56
-7 -151 -75
-17 -155 -68
-22 -138 -81
-13 -64 -70
-22 -28 -58
-14 21 -40
-25 61 -23
-24 99 -4
-19 125 27
-23 143 51
-26 153 60
-20 126 67
-17 103 64
-2 73 66
-14 40 60
-6 -12 46
3 -51 11
-3 -92 2
-11 -106 -30
0 -136 -56
-15 -149 -60
-20 -148 -89
-8 -128 -97
-24 -95 -84
-16 -74 -69
-16 -42 -64
-20 31 -34
-16 64 -21
-12 92 12
-16 125 32
-10 143 55
-21 141 81
-10 127 69
0 116 85
1 74 63
-7 40 60
-3 -8 51
-6 -62 16
0 -92 -1
-1 -120 -40
-4 -133 -58
-8 -156 -80
-13 -156 -93
-13 -146 -100
-13 -123 -92
-17 -89 -82
-1 -39 -79
-11 9 -61
2 47 -27
-12 83 -3
3 118 22
-7 134 54
-7 146 71
1 138 85
8 108 76
-2 79 61
4 54 62
-3 -4 42
-7 -53 9
-12 -82 -18
-1 -112 -48
-14 -128 -72
-22 -148 -94
-18 -149 -108
-22 -132 -97
-34 -114 -99
-22 -97 -86
-15 -44 -78
-15 17 -55
-24 52 -20
-9 87 1
-13 108 32
-19 116 66
-11 137 77
-8 133 84
-5 104 67
-12 88 64
-16 41 55
-21 1 40
-20 -49 25
-22 -87 -7
-18 -110 -42
4 -131 -72
-11 -148 -90
-13 -155 -107
-23 -150 -96
-16 -127 -91
-19 -97 -76
-8 -52 -67
1 3 -51
4 47 -22
-10 72 10
-11 107 21
-11 129 63
-12 132 93
-1 135 99
-22 117 86
-9 88 84
-15 52 57
-33 11 53
-12 -41 29
-15 -82 -6
-11 -97 -28
-7 -124 -74
-7 -141 -96
-11 -153 -93
-6 -141 -96
-21 -124 -101
-10 -92 -86
-11 -54 -79
-1 -8 -45
-4 50 -20
-6 76 5
-5 98 31
-2 134 59
2 143 84
-14 130 75
-8 119 88
-12 90 77
-14 49 63
-29 10 45
-32 -49 22
-15 -88 -2
-24 -95 -31
-12 -132 -57
-24 -145 -84
-15 -148 -96
-22 -145 -103
-12 -116 -96
-18 -90 -85
-3 -53 -72
2 -14 -36
7 38 -17
18 73 6
4 97 29
17 120 54
-4 132 74
-5 141 92
5 125 83
-13 89 80
-15 52 64
-23 12 54
-19 -47 27
-30 -89 -9
-19 -110 -37
-14 -134 -59
-21 -145 -91
-7 -152 -113
-16 -146 -115
-20 -121 -104
-19 -99 -87
-9 -59 -66
6 -23 -46
7 42 -37
-1 61 -6
1 96 20
5 128 43
-9 135 67
-16 138 91
-18 122 74
-25 88 67
-11 54 62
-34 19 43
-28 -47 20
-37 -84 -14
-36 -114 -53
-28 -137 -70
-22 -155 -98
-22 -161 -115
-23 -153 -107
-24 -137 -106
-17 -101 -92
-19 -72 -91
-10 -24 -70
18 32 -34
3 71 -10
2 100 10
0 111 42
7 130 67
-8 126 75
3 131 72
-11 92 66
-14 49 56
-19 14 45
-31 -44 15
-28 -104 -18
-30 -109 -49
-15 -136 -67
-22 -160 -94
-13 -167 -119
-24 -155 -117
-19 -131 -118
-16 -103 -98
-16 -76 -78
7 -23 -64
13 31 -40
5 63 -9
9 90 13
4 116 45
-1 141 60
-21 138 78
-25 121 87
-19 90 57
-15 52 55
-30 8 29
-35 -44 12
-41 -95 -9
-35 -118 -55
-18 -153 -72
-17 -164 -108
-28 -173 -132
-14 -155 -122
-25 -142 -120
-17 -112 -105
-3 -86 -82
-12 -35 -71
-2 31 -43
11 58 -23
10 76 5
2 107 32
-2 116 57
-3 127 74
-3 112 80
-4 83 66
-22 45 44
-35 17 30
-44 -32 15
-42 -90 -18
-45 -115 -55
-34 -137 -81
-35 -158 -101
-24 -154 -126
-17 -161 -131
-29 -146 -117
-25 -116 -128
-30 -77 -96
-4 -41 -67
-1 11 -34
-1 47 -20
3 76 10
-1 100 37
-3 106 57
-13 116 86
-22 113 74
-22 84 71
5 -66 21
11 -97 -1
13 -110 -15
13 -124 -35
5 -149 -55
8 -125 -66
-13 -123 -69
-20 -41 -50
-16 8 -52
-13 46 -30
-19 72 -8
-16 115 8
-17 134 22
-16 137 42
-15 144 67
1 127 60
5 94 72
-6 55 59
0 21 57
-8 -35 38
2 -54 0
7 -84 -1
-6 -117 -33
-3 -128 -57
0 -144 -68
-11 -142 -80
-21 -111 -78
-16 -90 -74
-28 -60 -72
-20 -12 -69
-23 38 -46
-18 65 -24
-21 105 -5
-10 122 31
-16 133 44
0 143 60
2 124 68
-15 107 66
1 80 72
-4 36 67
3 -16 50
8 -58 13
4 -91 -17
12 -125 -16
-4 -140 -57
-11 -153 -77
-7 -167 -84
-11 -149 -97
-28 -113 -97
-15 -79 -91
-22 -29 -71
-22 17 -38
-33 59 -18
-26 95 3
-22 111 41
-17 136 53
-14 134 73
-18 131 55
-9 95 78
-14 69 65
-14 25 44
-24 -35 27
-8 -57 3
-16 -89 -20
-4 -120 -43
-10 -141 -71
-1 -164 -94
-6 -164 -99
-9 -140 -107
-15 -117 -90
-14 -73 -78
-9 -39 -77
-19 7 -52
-8 48 -24
-13 76 8
-9 116 32
-14 139 65
-21 141 79
-11 131 80
-9 119 72
-21 72 71
-20 31 61
-23 -19 31
-15 -64 8
-8 -92 -18
-8 -126 -44
-11 -143 -69
-15 -157 -92
-10 -154 -104
-12 -137 -107
-14 -108 -87
-12 -71 -91
2 -36 -60
-4 16 -46
-4 54 -9
-6 91 7
-2 114 25
-1 129 59
-9 156 86
-1 136 72
1 111 69
2 68 67
-10 49 56
-1 -7 32
-13 -56 19
-11 -93 -19
-6 -107 -45
-6 -126 -78
-16 -145 -91
-6 -149 -106
-16 -138 -100
-16 -116 -99
1 -79 -80
12 -49 -65
9 -6 -43
1 50 -15
-9 73 7
-6 114 23
-8 136 56
-8 119 75
-19 131 71
-11 113 73
-7 79 64
-19 47 48
-19 -4 41
-18 -54 11
-12 -91 -27
-14 -113 -40
-12 -132 -73
-20 -145 -96
-17 -155 -115
-23 -149 -108
-11 -120 -95
-21 -86 -86
-7 -44 -69
-5 2 -52
-3 51 -20
-1 68 5
5 97 20
-3 116 56
-8 133 80
-8 136 81
-5 116 71
-8 67 63
-10 40 50
-18 4 50
-29 -56 8
-20 -89 -17
-30 -110 -52
-19 -128 -73
-21 -147 -109
-17 -156 -102
-15 -152 -106
-27 -115 -93
-17 -93 -99
-10 -56 -70
6 -5 -57
9 34 -7
5 62 3
2 88 26
4 122 58
-2 132 74
-8 137 78
-17 113 79
-20 93 81
-16 52 53
-30 -4 36
-14 -59 13
-17 -87 -8
-18 -116 -45
-8 -144 -67
-19 -147 -97
-7 -164 -108
-18 -148 -106
-17 -129 -105
-16 -93 -84
-6 -58 -68
5 -21 -48
10 31 -33
7 67 -1
6 90 34
-5 123 51
3 133 84
3 135 86
-12 115 72
-16 83 69
-19 47 56
-28 1 31
-24 -54 18
-27 -98 -8
-14 -121 -55
-13 -134 -72
-5 -153 -93
-17 -152 -106
1 -147 -106
-5 -134 -104
-14 -100 -93
-2 -72 -84
-1 -23 -57
20 37 -37
3 74 -7
5 107 17
-2 122 45
2 141 78
-15 136 87
-3 132 79
-8 89 75
-13 61 59
-25 7 42
-20 -49 23
-11 -77 -13
-20 -112 -44
-21 -132 -54
-8 -148 -95
-14 -147 -105
-5 -156 -113
-8 -134 -104
-9 -96 -93
10 -66 -80
9 -17 -47
12 39 -6
9 81 8
9 94 24
3 116 56
11 147 84
-5 140 98
-4 138 96
-19 101 80
-2 60 70
-18 11 46
-18 -29 34
-35 -78 9
-16 -113 -33
-12 -120 -56
-8 -148 -76
-10 -156 -108
-7 -149 -97
-16 -133 -98
-12 -100 -78
-7 -72 -59
-2 -28 -45
13 35 -17
10 76 16
9 103 32
11 129 62
-5 151 88
-1 136 93
-5 129 92
-4 106 83
4 -32 39
-3 -67 12
3 -107 -19
12 -126 -35
2 -129 -49
-5 -145 -53
-7 -139 -68
-13 -90 -76
-19 -42 -64
-20 -3 -54
-28 33 -42
-27 76 -15
-18 93 14
-16 114 24
-25 138 39
-17 120 43
0 108 56
-8 74 55
1 47 44
-8 -6 36
-3 -35 21
0 -87 1
7 -118 -23
3 -126 -35
-3 -139 -70
3 -146 -77
5 -161 -88
-17 -134 -82
-20 -95 -96
-11 -52 -88
-11 3 -61
-15 35 -41
-23 69 -21
-15 108 9
-20 125 29
-9 146 40
-13 130 51
-6 124 71
-8 96 63
-1 52 66
-2 35 43
2 -36 32
-3 -55 10
1 -89 -13
3 -100 -38
1 -125 -72
-11 -148 -77
-12 -136 -84
-19 -117 -80
-12 -92 -78
-19 -51 -76
-14 -2 -64
-21 31 -44
-24 83 -25
-17 105 8
-24 131 30
-15 148 59
-5 143 68
-15 131 69
2 92 66
-1 63 68
-3 34 51
-6 -21 40
7 -64 12
8 -85 -8
3 -110 -47
-14 -117 -75
-8 -136 -87
-7 -138 -89
-9 -112 -74
-22 -94 -91
-11 -71 -72
-13 -20 -67
-10 33 -40
-19 59 -20
-16 88 15
-8 106 31
-15 132 61
-8 136 73
-13 127 78
-9 102 69
-1 66 69
-5 26 56
0 -19 43
1 -61 10
4 -91 -9
5 -115 -36
-1 -123 -72
-8 -146 -91
-8 -146 -93
-9 -134 -104
-12 -104 -93
-3 -79 -84
2 -30 -61
5 24 -41
-15 53 -6
-14 81 14
-15 113 27
-2 131 68
-17 147 66
-21 123 77
-15 103 68
-17 64 52
-17 19 49
-22 -28 29
-14 -70 0
-11 -100 -28
-24 -129 -51
-6 -135 -72
-16 -154 -102
-14 -149 -107
-15 -136 -97
-13 -105 -95
-16 -67 -80
0 -32 -50
3 15 -44
-3 54 -16
-16 87 16
-5 121 56
-18 131 71
-12 136 70
-16 135 84
-20 102 73
-8 64 62
-20 35 45
-20 -25 45
-25 -65 7
-18 -90 -21
-14 -126 -43
-13 -137 -68
-27 -142 -91
-12 -152 -96
-12 -136 -99
-12 -112 -88
-13 -87 -76
4 -43 -67
3 15 -47
10 55 -26
7 86 18
0 117 32
-18 128 63
-22 137 86
-21 131 68
-4 103 72
1 73 57
-7 31 61
-23 -21 34
-17 -70 12
-19 -97 -22
-13 -120 -62
-6 -142 -70
-6 -159 -87
-12 -161 -105
-9 -151 -97
-10 -115 -101
-6 -94 -78
5 -46 -75
5 9 -61
4 53 -30
4 75 6
-3 109 28
-5 117 52
-4 129 80
-2 136 76
-19 95 64
-12 64 67
-16 31 44
-17 -12 38
-14 -77 15
-24 -110 -24
-12 -136 -44
5 -146 -64
-16 -154 -101
-15 -170 -107
-5 -146 -107
-12 -125 -105
1 -93 -84
2 -57 -70
1 0 -44
0 47 -18
0 80 0
-3 100 34
-8 116 55
-8 134 72
-11 125 84
-16 110 71
-15 77 60
-24 35 70
-26 -6 38
-15 -62 -1
-20 -99 -14
-38 -130 -45
-21 -150 -72
-23 -161 -85
-13 -157 -111
-14 -153 -106
-4 -134 -100
-13 -92 -85
-9 -40 -61
-1 -1 -46
6 54 -20
-5 75 2
-6 107 42
3 120 58
-4 139 83
-16 140 85
-1 118 72
-19 81 70
-18 40 56
-10 7 46
-10 -60 17
-13 -97 -16
-15 -126 -46
-15 -137 -81
-16 -149 -104
-18 -163 -114
-4 -152 -109
-19 -122 -105
-19 -93 -88
3 -58 -69
11 -1 -52
14 45 -33
-2 75 -1
-2 105 29
-11 129 62
2 136 82
-15 130 83
-6 120 74
-18 82 73
-7 56 47
-23 3 36
-33 -58 5
-34 -96 -28
-23 -126 -48
-14 -134 -75
-6 -149 -104
-11 -160 -125
-6 -147 -116
0 -131 -112
-14 -110 -91
5 -66 -78
8 -23 -53
-2 42 -30
1 69 -1
-3 95 19
-12 113 44
-6 130 64
-15 137 88
-17 119 82
-21 91 59
-3 -38 18
6 -67 3
10 -94 -24
7 -122 -33
1 -126 -49
-14 -121 -59
-3 -108 -72
-16 -84 -53
-21 -24 -60
-24 18 -44
-24 43 -29
-22 63 -7
-30 100 12
-14 114 26
-9 115 49
-15 120 58
-6 90 57
-13 68 48
-5 34 53
-2 -6 40
-10 -60 27
3 -91 1
-12 -106 -17
0 -125 -45
2 -146 -60
4 -146 -64
0 -136 -68
-17 -98 -58
-16 -78 -66
-19 -45 -54
-17 -1 -47
-27 34 -33
-16 72 -7
-38 114 11
-24 131 41
-22 143 41
-9 146 60
-16 116 61
-8 85 70
-4 52 57
-17 3 52
1 -49 18
8 -86 -9
-5 -125 -11
-1 -139 -44
-4 -151 -67
-11 -153 -72
-14 -142 -83
-28 -120 -70
-24 -88 -72
-12 -51 -64
-23 7 -43
-38 46 -23
-25 80 -4
-32 113 20
-21 148 42
-15 143 61
-19 136 73
-17 117 74
-8 82 63
-9 58 61
-11 20 46
-8 -35 31
5 -67 11
-5 -99 -22
-3 -125 -43
6 -126 -68
1 -152 -88
-6 -140 -91
-11 -120 -90
-14 -86 -98
-10 -49 -78
-18 -5 -66
-36 44 -44
-17 84 -8
-32 101 -4
-16 123 43
-21 125 62
-11 142 69
-9 112 65
-2 83 66
-12 54 54
-3 7 53
-7 -43 21
-4 -77 -8
-14 -104 -28
-11 -136 -49
-4 -146 -82
-4 -159 -101
-6 -138 -103
-20 -121 -84
-22 -84 -98
-12 -57 -84
-19 -16 -74
-8 36 -33
0 67 -14
-1 101 6
-6 131 41
-10 138 61
-16 134 72
-11 114 75
-12 96 69
-9 52 58
-20 29 47
-21 -30 25
-11 -66 -4
-10 -98 -30
-10 -126 -61
-5 -139 -78
-8 -148 -108
-14 -137 -105
-12 -110 -93
-16 -96 -88
-1 -64 -71
-1 -10 -60
-8 34 -25
-9 59 -3
-14 87 17
-11 123 52
-14 136 71
-23 136 76
-9 133 80
-8 79 67
-19 52 68
-18 15 45
-9 -40 29
-1 -73 -9
-20 -101 -24
-11 -131 -62
-14 -145 -80
-20 -158 -107
-8 -149 -101
-15 -131 -91
-20 -94 -88
-9 -68 -76
-4 -26 -60
-4 35 -32
-10 68 -7
-16 93 20
-4 117 43
-11 135 83
-21 137 68
-15 115 90
-19 92 77
-20 59 74
-20 21 58
-19 -45 25
-25 -72 3
-18 -107 -32
-21 -130 -58
-12 -157 -83
-8 -169 -103
-16 -153 -104
-25 -140 -85
-11 -112 -94
-6 -72 -75
-1 -21 -67
-1 25 -32
5 69 -1
-1 93 19
-11 111 44
-10 131 80
-16 139 82
-8 122 87
-20 102 85
-21 54 78
-32 27 55
-17 -35 35
-23 -74 -11
-16 -105 -29
-22 -123 -53
-16 -151 -81
-14 -155 -96
-19 -156 -116
-12 -135 -98
-20 -107 -95
-26 -77 -87
-5 -39 -64
-15 24 -44
-1 71 2
-5 88 22
-13 106 51
-10 128 79
-16 142 84
-23 123 74
-9 95 76
-26 52 68
-30 21 40
-27 -34 20
-35 -88 -6
-14 -109 -36
-17 -140 -62
-20 -156 -74
-11 -156 -105
-14 -160 -113
-21 -139 -112
-5 -118 -94
-17 -82 -77
-4 -39 -66
3 20 -45
1 63 -17
-4 83 15
-13 107 31
3 123 66
-14 139 82
-19 123 72
-17 105 66
-14 53 61
-20 23 40
-33 -39 24
-30 -91 -17
-24 -116 -40
-15 -148 -55
-12 -151 -89
-31 -160 -113
-14 -157 -117
-14 -142 -112
-12 -115 -104
-9 -76 -93
-8 -50 -79
12 10 -49
-12 47 -19
13 90 2
7 111 29
-11 123 56
-9 124 76
-5 121 75
-9 95 75
-6 65 65
-30 26 41
-27 -30 20
-22 -84 -2
-24 -111 -37
-21 -137 -54
-17 -158 -80
-28 -164 -103
-14 -162 -117
-26 -140 -111
-22 -114 -101
-17 -88 -92
-4 -44 -68
0 6 -46
3 52 -12
4 78 11
10 96 36
-5 120 63
-9 135 85
-22 123 83
-19 99 76
-12 71 68
5 -84 -5
7 -105 -24
2 -124 -22
-4 -138 -57
-5 -133 -66
-20 -140 -67
-11 -123 -65
-29 -39 -66
-11 -6 -47
-20 45 -36
-25 67 -16
-22 96 9
-18 109 28
-14 135 46
-19 125 54
-10 94 54
-4 66 49
-11 35 34
-4 -14 37
-6 -58 21
-5 -93 2
-11 -112 -13
-1 -141 -42
-24 -156 -62
-17 -161 -87
-18 -159 -85
-13 -125 -81
-20 -79 -64
-19 -49 -75
-14 4 -45
-27 54 -26
-23 92 -13
-20 116 18
-21 141 38
-19 133 55
-14 136 71
-7 118 60
-11 84 74
-4 50 69
5 2 59
-1 -43 25
4 -79 2
3 -101 -23
0 -108 -47
-2 -131 -67
-8 -150 -91
-12 -140 -97
-17 -113 -80
-14 -81 -81
-7 -57 -67
-25 13 -66
-19 51 -34
-29 82 -16
-24 114 10
-16 138 22
-20 153 54
-21 136 74
-6 137 76
2 83 80
-6 53 62
9 2 53
-4 -36 29
-8 -65 -10
3 -101 -27
7 -113 -55
-16 -126 -86
-7 -146 -90
-18 -142 -96
-5 -114 -88
-26 -86 -85
-21 -64 -76
-16 -12 -60
-9 42 -22
-28 74 -9
-9 95 21
-17 117 49
-28 134 68
-25 139 77
-14 122 73
-8 66 69
-8 53 63
-25 8 57
-19 -57 24
-7 -77 0
-4 -109 -37
-13 -136 -56
-8 -144 -80
-17 -157 -108
-3 -148 -95
-10 -123 -100
-4 -94 -85
-9 -62 -68
0 -22 -52
-7 30 -23
-6 69 -9
-21 104 22
-8 128 63
-23 143 78
-19 134 78
-13 116 76
2 88 77
-9 50 61
-15 10 39
-29 -45 16
-4 -78 -16
-17 -103 -18
-6 -130 -54
-18 -148 -94
-12 -151 -95
-24 -151 -104
-8 -129 -107
-28 -102 -89
2 -68 -85
-2 -17 -58
-16 34 -35
-10 71 -16
4 98 1
-4 131 44
-11 128 71
-17 138 83
-21 118 78
-8 81 84
-13 52 71
-21 11 45
-2 -44 12
-14 -83 -13
-20 -106 -33
-21 -138 -55
-6 -148 -92
-14 -158 -101
-11 -158 -116
-11 -129 -89
-13 -94 -86
-11 -65 -72
-9 -20 -59
-6 40 -37
-8 59 -14
-12 99 11
-13 125 32
-19 125 71
-12 138 81
-5 121 79
-9 97 76
-11 63 58
-17 20 48
-25 -38 23
-22 -83 2
-10 -112 -31
-3 -145 -66
-19 -165 -93
-17 -164 -111
-21 -161 -102
-25 -139 -113
-25 -115 -102
-9 -72 -81
-11 -29 -64
9 25 -46
7 71 -3
-4 86 15
-8 110 44
-8 133 65
-1 129 83
-14 131 68
-20 101 70
-10 52 55
-26 16 40
-18 -32 33
-20 -83 -4
-19 -114 -34
-16 -131 -65
-10 -147 -79
-10 -166 -96
-12 -151 -104
-12 -142 -99
-13 -110 -94
4 -68 -87
2 -35 -65
10 24 -40
-8 60 -7
-11 84 9
6 107 45
-8 125 68
-10 124 89
-12 129 84
-30 100 81
-10 66 72
-17 24 52
-19 -20 26
-17 -77 -2
-18 -106 -35
-25 -128 -44
-25 -151 -78
-30 -157 -104
-15 -158 -108
-21 -140 -101
-16 -110 -99
-8 -76 -66
-6 -38 -61
-7 20 -40
6 59 -9
-5 89 22
-7 108 38
9 136 75
-2 140 76
-9 130 80
-7 120 77
-12 67 74
-25 25 58
-28 -12 34
-7 -69 18
-24 -109 -28
-12 -132 -51
-10 -138 -81
-19 -159 -101
-17 -157 -103
-4 -138 -112
-19 -118 -105
-13 -80 -84
4 -46 -72
10 18 -41
23 69 -9
5 86 18
15 114 47
8 135 68
-3 141 92
0 135 95
-6 121 92
-8 79 69
-16 36 51
-17 -7 27
-19 -61 10
-19 -102 -22
-22 -123 -47
-23 -140 -78
-20 -152 -105
-14 -159 -112
-10 -150 -103
-15 -126 -89
-18 -85 -86
-1 -48 -57
8 13 -37
5 56 -3
12 99 16
-1 111 42
-2 136 71
3 140 100
-13 138 91
-2 114 89
-4 85 83
-6 -91 -10
-11 -106 -34
-19 -132 -43
-15 -147 -57
-33 -148 -65
-24 -144 -70
-35 -122 -73
-27 -56 -64
-21 0 -51
-24 19 -42
-33 62 -19
-24 91 9
-23 100 23
-27 118 34
-24 115 44
-20 96 44
-8 68 45
-17 32 43
-20 -9 33
1 -64 20
-8 -83 -1
-8 -115 -22
-7 -135 -50
-15 -145 -67
-21 -170 -83
-16 -151 -83
-25 -121 -87
-20 -97 -80
-16 -56 -70
-26 -1 -55
-38 18 -40
-28 75 -14
-29 100 12
-21 122 24
-20 126 33
-11 138 45
-11 116 52
6 74 52
2 30 61
1 4 40
-11 -44 23
14 -94 -6
5 -122 -28
-4 -146 -38
-3 -157 -60
-10 -152 -72
-8 -148 -93
-17 -134 -78
-16 -90 -84
-9 -67 -71
-22 -19 -66
-12 29 -50
-8 77 -14
-12 103 1
-19 124 28
-16 160 54
-5 138 72
-7 133 63
-9 98 64
-1 68 62
-11 31 57
-8 -27 42
8 -53 2
12 -97 -19
5 -113 -44
5 -125 -72
-8 -137 -88
4 -137 -99
-6 -117 -96
-14 -92 -89
-15 -50 -80
-14 -11 -61
-4 30 -46
-13 76 -28
-14 105 12
-8 117 40
-6 135 55
1 137 84
-5 132 74
-8 97 82
-9 79 69
-1 33 64
9 -22 49
-1 -53 15
-7 -88 -15
6 -117 -38
9 -123 -74
-12 -144 -82
-1 -130 -80
-9 -119 -80
-16 -88 -76
-17 -60 -70
-13 -11 -50
-9 45 -23
-6 68 -4
-13 95 24
-10 136 55
2 143 82
-1 136 106
-12 127 90
-9 99 98
-3 72 78
-2 42 67
-7 -11 49
-7 -51 20
1 -69 -22
-3 -92 -29
2 -114 -74
-5 -122 -90
8 -117 -84
-8 -100 -80
-5 -84 -76
1 -48 -67
8 -4 -56
3 31 -32
16 71 -8
2 89 14
2 126 48
-1 132 68
0 144 89
8 131 83
-3 108 77
-12 70 80
-7 40 56
-20 -13 31
-19 -53 13
-24 -79 -19
-12 -105 -45
0 -118 -73
-14 -129 -97
-5 -134 -103
-14 -121 -98
-13 -102 -97
-3 -77 -76
3 -31 -60
1 17 -54
-7 54 -28
12 79 2
1 112 31
-5 124 56
-20 137 67
-19 115 77
-12 102 72
-17 65 63
-19 31 48
-35 -24 22
-32 -61 -4
-35 -94 -29
-30 -110 -70
-18 -132 -87
-27 -146 -108
-22 -142 -109
-25 -137 -110
-22 -115 -101
-26 -84 -90
-13 -35 -85
-10 10 -50
-6 49 -29
-16 77 -4
-16 107 20
-9 114 64
-16 124 73
-19 114 78
-14 97 67
-20 63 63
-31 17 29
-27 -34 24
-29 -70 4
-32 -94 -33
-23 -118 -53
-29 -135 -93
-39 -147 -106
-16 -150 -121
-36 -140 -113
-27 -123 -117
-14 -88 -92
-15 -49 -85
-17 -1 -54
4 42 -24
6 79 -1
-2 96 32
-5 105 50
-14 115 76
-13 110 72
-12 96 75
-16 62 75
-28 24 54
-20 -27 17
-30 -72 -1
-33 -100 -24
-34 -124 -50
-14 -137 -72
-19 -155 -105
-24 -157 -119
-24 -142 -116
-16 -128 -115
-18 -94 -96
0 -50 -70
0 -12 -60
-1 38 -28
-3 72 -4
4 84 22
-3 122 56
1 114 82
-16 114 79
-22 96 74
-20 66 70
-20 27 55
-32 -20 25
-33 -61 4
-35 -109 -27
-29 -122 -44
-27 -147 -84
-28 -150 -99
-25 -163 -116
-17 -149 -106
-27 -118 -99
-3 -95 -86
-1 -61 -71
-1 -10 -52
16 42 -14
8 62 -4
5 92 30
5 118 50
0 119 84
-7 117 79
-9 108 76
-17 67 74
-16 34 52
-33 -13 40
-22 -65 8
-32 -101 -13
-29 -128 -54
-24 -148 -65
-33 -161 -90
-25 -157 -118
-25 -152 -107
-17 -133 -101
-13 -91 -87
-12 -61 -76
4 -6 -43
7 32 -19
13 71 8
3 100 34
4 121 57
-8 134 97
-5 129 94
-14 114 94
-23 88 75
-23 -45 0
7 -81 -1
10 -119 -24
1 -140 -32
-2 -145 -71
-12 -159 -62
-9 -132 -66
-8 -102 -74
-25 -12 -57
-29 42 -37
-27 60 -23
-16 101 1
-18 117 34
-29 135 42
-14 119 50
-4 120 63
-14 119 56
-6 67 55
-10 29 41
-5 -13 27
-3 -65 8
6 -108 -6
-4 -152 -36
4 -161 -54
-4 -180 -81
-4 -152 -80
-16 -140 -75
-22 -108 -84
-23 -86 -79
-20 -41 -59
-19 -5 -41
-20 56 -25
-14 95 -6
-20 118 11
-8 140 29
-12 150 51
-3 138 71
-13 112 67
-11 72 70
-8 39 69
-1 -8 31
-6 -52 12
2 -100 -1
23 -118 -28
1 -125 -57
-15 -147 -89
0 -128 -98
0 -132 -97
-19 -101 -88
-20 -83 -89
-24 -33 -59
-10 10 -51
-18 50 -30
-18 71 -11
-8 106 21
-22 135 50
-14 140 69
-10 126 81
-8 115 67
-2 82 75
-5 38 56
0 -13 46
-9 -45 9
-7 -76 -17
-7 -107 -34
-1 -126 -70
-11 -147 -75
-6 -149 -101
-6 -141 -94
-11 -105 -90
-12 -71 -91
1 -46 -71
-4 4 -49
0 53 -29
5 87 -4
-1 110 29
-2 124 60
-10 136 75
-12 138 86
-3 108 85
3 68 66
-17 36 67
-22 -7 36
-12 -52 26
-4 -91 -20
-10 -114 -49
-11 -131 -58
5 -142 -85
-12 -149 -108
-20 -136 -92
-10 -114 -93
-9 -79 -71
-10 -40 -62
-6 13 -46
-6 51 -17
0 78 -5
-6 113 32
-14 120 64
-6 138 80
-5 134 82
-13 120 76
-10 85 74
-11 45 56
-24 5 49
-25 -57 16
-18 -92 -14
-21 -108 -41
-11 -137 -71
-5 -149 -85
-1 -149 -98
-14 -150 -89
-16 -117 -87
-15 -85 -75
-4 -42 -66
4 5 -36
-7 47 -17
12 84 6
2 112 31
7 131 60
-3 148 86
-1 135 86
-10 117 85
-4 83 72
-1 58 59
-6 -2 55
-26 -48 17
-11 -81 -5
-17 -97 -36
-22 -134 -59
-15 -135 -97
-26 -146 -100
-16 -134 -97
-20 -121 -101
-14 -91 -99
-11 -50 -80
9 -4 -53
-6 48 -28
5 79 -1
-1 104 23
-6 132 52
-8 142 82
11 131 89
-10 120 82
-9 80 75
-6 54 64
-11 3 39
-31 -56 19
-21 -80 -20
-18 -116 -29
-8 -133 -56
-16 -140 -91
-16 -146 -108
-3 -152 -115
-12 -131 -94
-13 -97 -84
5 -62 -72
2 -11 -52
9 37 -24
9 71 3
-4 89 27
-4 122 54
-5 137 68
-14 131 82
-16 127 82
-9 85 82
-9 54 55
-21 14 39
-21 -48 9
-25 -84 -16
-32 -113 -51
-23 -135 -61
-25 -140 -94
-25 -153 -107
-11 -153 -117
-22 -132 -104
-27 -86 -99
-6 -56 -72
0 -16 -57
3 35 -29
9 71 -1
3 101 22
-3 136 53
-1 138 86
-9 144 89
-17 131 93
-2 92 81
-7 63 68
-25 11 40
-23 -48 27
-34 -93 -14
-14 -128 -27
-22 -135 -54
-26 -150 -98
-24 -162 -93
-21 -156 -101
-11 -134 -90
-4 -104 -85
-11 -67 -76
11 -24 -40
12 37 -23
8 73 1
13 96 31
4 121 55
4 137 76
5 138 107
-2 126 90
-15 97 80
-10 59 68
-19 9 58
-24 -33 31
-20 -84 6
-24 -112 -36
-14 -129 -61
-16 -154 -83
-20 -150 -111
-32 -153 -120
-23 -147 -108
-13 -108 -88
-11 -64 -76
5 -30 -48
7 24 -27
11 83 -1
1 97 22
12 116 56
15 143 77
3 147 100
-6 130 93
-2 95 67
-8 55 69
-10 22 51
-24 -21 18
-29 -71 0
-19 -99 -35
-15 -132 -53
-15 -149 -88
-14 -164 -106
-9 -159 -105
-13 -143 -108
-8 -109 -93
-3 -82 -71
6 -32 -61
3 27 -29
12 71 -4
-1 98 27
9 116 42
1 144 83
13 137 93
-11 132 100
-18 99 86
-7 70 71
3 -60 14
End
