-65 -98 -48
-65 -94 -31
-68 -103 -21
-75 -124 -11
-63 -124 -1
-53 -107 22
-43 -97 22
-15 -71 38
-14 -34 53
9 -18 51
21 14 53
41 47 53
50 56 41
57 102 36
66 108 25
60 107 9
64 122 -11
50 128 -11
47 122 -29
38 92 -39
21 95 -46
13 54 -48
-13 40 -55
-18 -9 -57
-36 -25 -58
-45 -48 -65
-51 -84 -55
-80 -104 -35
-73 -102 -26
-72 -116 -14
-54 -121 -9
-54 -113 -4
-46 -107 13
-25 -103 18
-18 -90 48
-8 -62 54
18 -37 55
32 3 64
41 34 68
47 58 63
70 85 41
69 103 40
66 117 38
79 120 3
56 126 -2
54 105 -19
45 100 -26
25 103 -33
3 72 -50
5 29 -49
-10 19 -60
-23 -30 -62
-51 -50 -63
-56 -84 -68
-80 -107 -55
-77 -113 -46
-86 -141 -25
-80 -121 -9
-65 -148 1
-67 -132 3
-49 -116 10
-34 -111 27
-6 -82 29
-4 -55 50
20 -11 50
35 23 64
40 50 58
64 77 57
82 101 33
84 106 54
89 123 27
71 148 2
70 140 -13
67 122 -18
39 103 -24
32 93 -22
3 64 -48
1 20 -42
-22 -3 -60
-44 -27 -57
-58 -60 -61
-75 -92 -42
-72 -113 -47
-78 -126 -27
-86 -136 -20
-79 -135 -6
-58 -133 8
-44 -134 5
-36 -109 19
-19 -99 27
0 -80 35
16 -34 48
31 4 60
45 35 63
64 62 62
80 99 49
73 120 49
87 131 37
87 126 7
81 123 7
62 124 -6
52 102 -25
23 114 -28
-1 73 -52
-17 53 -61
-17 20 -58
-26 -28 -60
-46 -53 -66
-70 -84 -60
-90 -118 -68
-99 -119 -46
-104 -148 -36
-110 -148 -19
-89 -144 -4
-83 -142 -4
-75 -145 -3
-41 -107 17
-16 -100 36
-9 -63 41
10 -40 57
33 2 55
50 49 62
54 65 64
75 89 42
80 110 39
75 129 34
68 118 6
81 118 -10
61 117 -20
34 113 -29
21 99 -39
-3 65 -56
-22 25 -49
-28 8 -52
-57 -54 -66
-68 -82 -66
-74 -96 -59
-87 -127 -53
-95 -147 -36
-99 -148 -39
-93 -144 -24
-90 -163 -7
-74 -145 15
-54 -129 15
-37 -110 22
-12 -82 37
13 -44 44
28 -10 54
36 34 62
57 58 66
78 83 51
82 113 54
95 134 57
81 136 12
89 138 1
69 124 -12
62 121 -23
43 104 -37
9 85 -44
11 54 -50
-20 20 -54
-35 -2 -62
-55 -54 -61
-52 -73 -66
-64 -114 -54
-66 -124 -54
-90 -138 -34
-95 -144 -30
-89 -143 -6
-78 -145 -4
-64 -126 7
-32 -121 10
-21 -97 30
10 -74 36
27 -35 47
34 12 67
47 30 62
70 66 66
86 101 50
82 123 48
90 135 39
95 148 10
87 147 -12
67 130 -21
49 125 -29
33 100 -29
18 73 -47
-11 38 -57
-36 15 -61
-41 -26 -70
-66 -68 -62
-82 -91 -71
-98 -131 -50
-100 -137 -50
-105 -151 -42
-102 -152 -29
-82 -148 -7
-78 -153 8
-51 -126 12
-30 -100 19
-8 -59 26
5 -54 44
31 -11 53
40 25 65
64 55 73
69 75 72
88 113 61
93 130 54
92 140 26
76 133 19
73 127 4
59 125 -18
42 99 -26
21 82 -46
-16 68 -49
-7 32 -67
-23 -8 -80
-51 -42 -65
-70 -63 -60
-81 -97 -73
-97 -129 -60
-84 -148 -47
-102 -147 -34
-92 -137 -14
-71 -140 -8
-58 -151 10
-41 -130 12
-20 -94 24
2 -67 39
19 -39 55
32 4 63
62 40 71
64 76 81
81 113 65
91 119 63
94 131 31
90 141 26
87 150 10
72 137 -6
55 135 -24
43 106 -29
24 83 -51
-11 67 -62
-20 21 -58
-34 -12 -59
-48 -66 -62
-57 -83 -70
-76 -100 -56
-70 -83 -69
-71 -82 -71
-53 -85 -78
-56 -90 -75
-69 -83 -65
-55 -97 -67
-51 -83 -78
-68 -89 -79
-55 -87 -79
-73 -90 -83
-70 -93 -84
-61 -99 -82
-64 -100 -82
-80 -99 -83
-63 -115 -78
-71 -104 -76
-63 -112 -94
-65 -97 -85
-82 -104 -90
-84 -109 -82
-76 -124 -87
-79 -110 -85
-71 -116 -74
-74 -115 -78
-78 -114 -95
-74 -116 -72
-68 -112 -94
-76 -127 -88
-84 -113 -91
-79 -110 -85
-72 -120 -81
-74 -126 -84
-81 -132 -88
-87 -108 -82
-87 -121 -89
-88 -114 -89
-83 -117 -102
-87 -128 -87
-81 -128 -87
-84 -116 -86
-81 -124 -87
-85 -122 -97
-74 -127 -87
-82 -120 -98
-83 -134 -94
-78 -138 -92
-76 -134 -88
-79 -124 -92
-78 -125 -95
-76 -118 -85
-76 -139 -86
-80 -119 -100
-81 -132 -91
-77 -119 -98
-66 -126 -79
-75 -132 -89
-76 -142 -84
-85 -142 -88
-70 -127 -83
-75 -127 -85
-76 -115 -94
-80 -134 -91
-71 -128 -87
-69 -136 -76
-73 -136 -85
-70 -124 -87
-65 -128 -87
-82 -120 -83
-69 -125 -86
-63 -129 -74
-66 -130 -80
-57 -128 -77
-74 -135 -90
-66 -131 -82
-64 -114 -86
-67 -117 -87
-60 -123 -78
-58 -119 -74
-45 -123 -69
-59 -116 -83
-60 -113 -66
-52 -114 -64
-35 -117 -64
-56 -116 -71
-48 -115 -68
-48 -97 -59
-64 -111 -73
-38 -100 -68
-46 -101 -66
-55 -98 -61
-43 -108 -69
-31 -106 -52
-38 -108 -71
-40 -82 -60
-24 -114 -59
-36 -95 -57
-25 -97 -48
-39 -86 -51
-29 -92 -48
-16 -91 -44
-27 -84 -44
-24 -99 -49
-17 -81 -47
-11 -73 -44
-24 -74 -40
-15 -78 -35
-22 -78 -41
-22 -66 -36
-10 -73 -40
-20 -72 -25
-14 -69 -33
-3 -57 -39
1 -80 -21
-9 -49 -25
-7 -62 -24
4 -45 -14
4 -64 -1
1 -43 -19
-3 -52 -22
0 -36 -8
13 -42 -15
1 -44 -11
9 -39 -14
13 -34 -8
12 -43 -3
12 -28 2
19 -37 9
12 -35 3
17 -26 -8
12 -31 7
17 -21 6
14 -25 -2
26 -17 7
22 -36 9
26 -20 1
1 -21 1
10 -24 3
23 -21 7
10 -19 14
16 -9 14
10 -19 18
18 -14 16
20 1 20
20 -4 28
23 -13 15
16 -12 21
29 -12 24
21 14 36
26 4 20
39 -4 36
46 8 37
31 -1 33
34 20 52
42 15 41
37 21 50
37 4 43
34 15 40
47 9 45
38 21 46
34 20 40
42 11 49
42 33 53
34 23 48
43 18 56
39 30 49
41 28 54
51 9 50
43 18 58
45 27 56
44 19 60
46 28 60
40 23 53
33 28 48
46 33 68
38 41 53
41 31 65
39 34 57
44 44 59
38 33 58
45 25 66
49 36 58
44 50 68
50 42 56
47 36 66
47 33 60
45 34 70
37 30 65
47 33 66
58 38 56
45 43 62
41 41 59
49 41 66
53 37 56
54 30 64
43 39 57
43 30 61
51 26 60
41 40 69
46 54 60
43 32 50
41 41 48
51 35 49
48 43 62
45 37 58
47 52 57
41 50 53
52 50 62
52 58 65
37 40 62
41 40 64
44 36 73
41 39 72
50 53 77
31 34 66
38 39 60
41 48 59
37 47 70
47 42 62
31 39 57
38 43 65
35 42 62
42 48 64
25 39 55
37 44 62
42 48 52
35 55 42
50 46 52
33 45 45
38 43 50
42 44 44
29 42 47
26 34 50
24 47 55
38 41 50
30 43 54
35 49 60
35 44 43
30 56 66
38 39 50
40 40 51
32 41 57
28 36 59
28 40 49
25 48 51
28 47 48
29 45 41
34 38 46
34 44 45
30 50 58
-47 -76 -71
-42 -80 -68
-48 -76 -74
-50 -81 -70
-50 -82 -64
-49 -77 -68
-50 -78 -64
-47 -75 -69
-46 -73 -62
-47 -73 -60
-42 -79 -62
-46 -71 -61
-41 -76 -65
-48 -75 -62
-46 -78 -64
-44 -77 -60
-51 -83 -51
-51 -71 -61
-44 -87 -60
-52 -81 -60
-52 -78 -62
-46 -84 -66
-46 -78 -62
-43 -78 -60
-45 -81 -52
-44 -75 -52
-45 -71 -54
-44 -86 -51
-39 -77 -51
-44 -82 -50
-51 -79 -45
-48 -78 -58
-44 -78 -56
-48 -84 -57
-43 -83 -58
-42 -83 -63
-41 -81 -54
-42 -81 -55
-47 -85 -60
-46 -85 -56
-41 -89 -63
-43 -79 -62
-46 -88 -63
-43 -76 -61
-40 -82 -57
-45 -84 -53
-42 -85 -62
-47 -91 -49
-45 -91 -60
-47 -91 -59
-48 -88 -57
-45 -86 -47
-42 -89 -53
-52 -85 -56
-46 -86 -59
-44 -87 -57
-45 -91 -56
-51 -90 -51
-45 -86 -58
-44 -86 -47
-43 -84 -63
-50 -93 -44
-43 -82 -42
-47 -79 -44
-44 -85 -43
-47 -82 -48
-53 -90 -61
-50 -88 -56
-52 -91 -48
-48 -89 -51
-47 -88 -56
-52 -83 -49
-42 -87 -46
-44 -94 -48
-45 -95 -42
-48 -92 -38
-45 -90 -38
-47 -92 -45
-41 -90 -40
-41 -90 -37
-49 -94 -42
-35 -93 -34
-45 -89 -43
-41 -90 -26
-44 -92 -33
-40 -91 -34
-42 -91 -39
-38 -82 -35
-41 -86 -36
-34 -91 -36
-40 -84 -34
-38 -84 -39
-37 -83 -41
-37 -88 -34
-36 -85 -31
-34 -85 -23
-27 -82 -23
-32 -85 -28
-32 -80 -32
-29 -81 -18
-26 -75 -23
-25 -74 -19
-29 -78 -11
-25 -73 -15
-26 -70 -15
-22 -77 -13
-23 -71 -19
-25 -70 -11
-18 -65 -6
-17 -66 -6
-17 -68 -8
-19 -67 -7
-9 -61 -17
-16 -61 -13
-15 -59 -3
-13 -65 7
-15 -60 -3
-12 -62 -7
-8 -53 -2
-9 -55 -9
-10 -52 9
-5 -46 0
3 -44 0
-3 -45 0
-1 -43 6
-3 -39 5
2 -39 17
5 -33 11
4 -34 12
6 -32 10
2 -33 12
4 -34 13
10 -28 22
15 -26 25
9 -26 29
13 -20 26
10 -18 25
20 -19 48
22 -19 38
18 -19 48
25 -10 54
18 -10 44
26 -6 58
28 -5 62
27 -5 57
28 6 63
30 6 46
35 11 70
37 17 68
31 12 64
42 18 70
40 19 74
43 25 82
41 20 81
47 33 83
47 28 89
51 34 85
54 38 82
62 37 86
51 44 94
57 44 93
68 49 104
61 54 102
62 55 102
69 55 107
72 66 101
70 62 114
72 65 118
71 67 118
77 76 115
73 70 126
84 73 127
77 75 126
83 80 126
84 85 132
78 84 126
89 89 130
84 94 129
89 94 130
92 98 130
87 97 137
87 95 131
90 93 115
96 104 129
97 104 129
95 105 138
93 103 137
94 105 127
93 110 118
102 109 133
94 117 129
102 114 121
90 115 128
97 115 132
95 118 126
94 118 135
93 115 129
95 121 137
104 119 135
94 125 139
91 129 139
92 125 128
89 137 133
99 129 134
93 132 129
93 130 128
94 127 135
96 125 136
97 126 129
95 131 123
96 130 127
92 129 119
92 136 114
90 133 122
97 133 116
95 133 110
92 134 119
89 137 109
89 138 110
92 135 109
86 136 107
82 133 108
88 133 110
86 129 96
87 137 105
87 128 97
88 131 110
83 128 104
84 128 106
70 130 108
81 125 94
75 132 97
73 125 89
72 124 92
73 118 88
71 125 80
63 121 81
69 121 79
68 109 81
67 112 68
60 118 69
59 110 65
58 113 69
55 108 70
51 104 64
53 106 60
51 97 60
49 98 51
53 95 55
-49 -73 -64
41 77 46
44 96 29
74 106 13
77 124 -1
67 111 -4
58 121 -21
50 107 -26
35 58 -49
34 41 -45
9 5 -54
-7 -20 -52
-13 -44 -53
-39 -79 -43
-33 -93 -36
-67 -91 -22
-51 -117 -3
-65 -108 7
-60 -116 12
-60 -113 23
-33 -82 33
-27 -78 51
2 -44 54
10 -38 66
19 10 67
38 46 69
37 62 59
66 94 59
52 96 41
74 115 36
79 117 14
80 123 6
66 134 -4
58 125 -15
56 110 -28
34 84 -23
13 70 -45
8 34 -38
-10 -9 -45
-10 -46 -42
-32 -58 -38
-52 -86 -45
-58 -102 -31
-65 -113 -26
-75 -116 -13
-50 -122 3
-58 -129 15
-53 -120 26
-25 -98 41
-17 -67 46
-8 -51 52
10 -8 54
33 14 74
44 48 66
51 63 59
72 108 40
69 125 46
75 122 34
81 134 11
68 140 3
66 140 -21
57 129 -22
37 104 -46
24 78 -35
-5 58 -50
-16 25 -55
-32 -18 -66
-43 -62 -65
-69 -69 -47
-79 -92 -65
-85 -108 -52
-78 -127 -28
-83 -139 -13
-79 -138 -1
-78 -118 13
-45 -123 22
-35 -92 30
-11 -66 38
8 -45 40
17 -19 51
13 39 57
37 50 67
57 89 46
68 96 44
68 122 38
76 136 12
75 133 -4
90 142 -22
62 140 -26
50 106 -38
34 94 -49
15 64 -54
-5 36 -55
-21 -1 -60
-30 -44 -62
-36 -63 -62
-65 -79 -57
-67 -109 -52
-89 -136 -38
-84 -134 -5
-84 -135 13
-86 -153 9
-60 -130 20
-54 -115 34
-39 -98 46
-14 -54 46
8 -28 61
22 1 75
34 37 77
70 82 71
75 101 57
86 126 59
85 144 41
98 143 29
82 155 6
80 156 -18
49 141 -26
47 109 -34
33 86 -46
16 61 -50
-7 36 -54
-26 2 -63
-38 -43 -69
-53 -67 -57
-65 -99 -49
-80 -118 -50
-86 -135 -26
-99 -137 -14
-92 -144 -7
-76 -146 -1
-55 -125 19
-32 -109 28
-27 -84 38
2 -54 42
12 -18 51
27 27 69
40 56 67
61 71 57
68 97 48
77 128 41
81 139 25
73 146 9
76 144 -4
61 126 -20
51 128 -34
40 103 -35
11 76 -44
-3 46 -52
-22 10 -41
-40 -41 -60
-58 -73 -60
-67 -94 -50
-77 -121 -48
-93 -134 -42
-107 -142 -31
-89 -162 -9
-85 -152 -11
-73 -135 14
-39 -131 26
-37 -108 38
-7 -63 39
6 -46 46
11 2 66
34 37 67
68 51 69
78 83 64
76 101 49
91 117 34
92 128 13
88 139 6
85 130 -11
58 135 -25
41 106 -42
22 81 -38
13 52 -52
-6 26 -60
-14 -17 -64
-34 -51 -68
-63 -77 -48
-77 -110 -56
-98 -129 -51
-87 -147 -34
-95 -152 -12
-87 -157 -10
-82 -149 -5
-61 -142 1
-46 -118 18
-24 -103 30
-4 -59 38
-6 -26 40
18 2 64
43 32 68
51 61 64
68 94 53
78 124 41
86 138 27
95 136 15
89 137 8
60 120 -14
49 128 -29
39 105 -39
21 77 -60
8 52 -59
-12 13 -60
-27 -20 -70
-50 -58 -75
-74 -87 -67
-83 -114 -59
-90 -136 -65
-98 -156 -43
-96 -151 -25
-95 -136 -2
-77 -138 7
-54 -122 14
-32 -110 20
-7 -82 28
9 -50 38
19 -10 53
44 25 73
46 44 58
77 74 57
83 104 42
90 124 53
97 138 27
86 147 4
88 139 -11
68 135 -16
41 109 -37
24 88 -38
16 73 -46
-5 37 -55
-36 2 -52
-39 -61 -63
-61 -74 -66
-76 -99 -61
-100 -116 -48
-96 -139 -51
-98 -157 -28
-84 -147 -9
-97 -142 -14
-69 -140 6
-60 -114 20
-38 -96 26
-19 -71 31
7 -41 50
25 -14 45
43 29 60
72 54 60
80 79 45
77 107 54
-43 -80 -47
-51 -90 -43
-56 -108 -36
-73 -111 -14
-67 -129 -8
-73 -117 9
-55 -108 23
-27 -78 41
-9 -51 39
3 -39 57
-4 10 58
25 44 65
48 54 61
55 79 48
64 108 50
71 116 25
74 136 15
59 141 -9
60 138 -9
55 118 -15
45 119 -31
17 88 -46
25 62 -44
9 32 -42
-19 -7 -54
-30 -35 -62
-45 -69 -44
-55 -85 -42
-63 -99 -35
-74 -127 -34
-76 -144 -19
-65 -131 10
-52 -119 3
-43 -124 21
-25 -104 36
-11 -89 34
-12 -64 51
15 -27 62
22 10 65
25 52 62
62 68 58
54 87 51
64 118 40
69 119 28
73 134 18
69 134 3
58 125 -21
45 100 -31
38 112 -44
21 50 -34
-4 54 -44
-13 13 -41
-32 -34 -64
-46 -54 -49
-59 -89 -53
-66 -108 -41
-73 -114 -25
-78 -126 -23
-76 -135 -5
-78 -140 -2
-59 -137 21
-48 -119 24
-28 -97 37
-15 -61 48
1 -38 55
25 0 44
34 34 62
52 51 67
56 84 46
69 106 39
75 112 47
81 121 12
76 128 7
65 125 -8
50 123 -19
41 109 -28
33 81 -51
7 57 -33
-9 18 -50
-17 -12 -55
-53 -29 -63
-65 -74 -66
-79 -110 -62
-87 -119 -34
-91 -131 -42
-88 -135 -19
-74 -139 -6
-65 -142 -2
-59 -135 8
-48 -111 25
-28 -83 30
-10 -57 33
4 -30 53
34 8 58
43 38 60
45 66 56
77 93 50
87 123 47
88 123 24
87 129 7
81 138 1
58 121 -18
40 111 -22
32 93 -44
9 75 -56
4 40 -53
-24 25 -62
-40 -39 -68
-41 -77 -64
-72 -93 -49
-71 -114 -56
-83 -128 -40
-98 -138 -24
-82 -153 -7
-88 -151 -6
-74 -143 13
-63 -129 17
-32 -105 32
-23 -70 35
-7 -58 41
15 -19 50
30 9 58
37 49 56
57 99 52
67 100 47
82 114 35
93 130 8
81 152 2
90 138 -12
62 139 -24
53 102 -38
27 78 -44
10 70 -48
-5 27 -49
-23 -4 -61
-42 -42 -69
-61 -68 -60
-73 -81 -65
-92 -125 -61
-103 -129 -50
-82 -159 -24
-87 -153 -11
-74 -157 -1
-78 -136 12
-56 -119 17
-39 -107 30
-20 -68 38
-12 -34 45
21 -14 65
43 34 58
54 72 54
65 88 48
73 112 41
83 135 23
97 137 10
76 142 -12
64 146 -22
58 124 -26
33 105 -40
15 81 -50
-12 59 -60
-22 10 -51
-24 -31 -74
-68 -49 -63
-79 -90 -57
-83 -113 -60
-93 -126 -51
-103 -148 -39
-111 -160 -27
-97 -160 -1
-72 -154 1
-56 -131 5
-47 -119 31
-21 -94 34
-13 -66 44
3 -25 39
31 22 51
54 49 52
71 78 45
63 94 49
82 111 34
82 129 32
83 136 10
84 141 3
64 124 -14
48 119 -30
29 96 -31
12 66 -52
0 31 -55
-12 5 -59
-32 -45 -58
-46 -73 -58
-66 -93 -61
-82 -111 -49
-90 -118 -39
-87 -136 -26
-98 -151 -19
-75 -152 6
-55 -147 12
-58 -127 30
-33 -103 35
-19 -78 38
17 -32 41
22 -15 55
35 27 75
59 44 62
84 96 52
90 117 41
85 121 44
105 146 9
87 158 6
72 151 -3
62 131 -19
47 123 -27
17 87 -38
15 57 -45
-3 12 -52
-21 -16 -57
-44 -55 -81
-66 -85 -69
-71 -89 -55
-94 -124 -48
-96 -142 -38
-99 -152 -23
-96 -156 -10
-91 -138 -7
-68 -138 14
-56 -117 21
-21 -80 34
-15 -57 53
6 -43 50
33 4 49
48 48 61
52 78 69
75 98 59
77 107 50
80 120 38
80 142 25
71 147 11
62 141 -11
55 115 -17
40 113 -35
6 84 -47
-2 55 -61
-11 29 -60
-46 -23 -66
-59 -57 -59
-72 -86 -49
-82 -103 -55
-38 -49 -59
-47 -38 -84
-51 -56 -95
-52 -55 -80
-54 -64 -87
-54 -59 -86
-51 -73 -89
-53 -74 -93
-57 -101 -83
-67 -104 -77
-68 -95 -81
-66 -126 -68
-74 -119 -70
-73 -111 -56
-87 -115 -54
-87 -112 -52
-82 -112 -37
-80 -110 -36
-71 -99 -40
-82 -96 -50
-83 -93 -49
-64 -83 -51
-75 -67 -57
-59 -62 -66
-60 -64 -74
-59 -73 -84
-56 -66 -87
-45 -60 -78
-55 -58 -98
-53 -81 -113
-55 -60 -109
-48 -63 -102
-54 -76 -108
-57 -84 -104
-51 -105 -98
-53 -119 -103
-70 -113 -91
-70 -123 -98
-81 -125 -81
-76 -125 -72
-83 -139 -66
-74 -138 -54
-70 -126 -35
-75 -121 -44
-78 -111 -47
-79 -108 -41
-76 -101 -36
-61 -91 -36
-59 -70 -45
-51 -70 -43
-39 -54 -46
-34 -52 -59
-31 -42 -55
-38 -27 -70
-22 -21 -75
-19 -43 -84
-22 -24 -83
-18 -32 -89
-23 -62 -95
-19 -54 -90
-35 -59 -94
-19 -72 -87
-27 -79 -81
-41 -80 -74
-30 -95 -66
-56 -105 -51
-57 -102 -43
-58 -119 -24
-50 -115 -14
-45 -110 -6
-42 -101 -8
-42 -98 7
-34 -86 9
-31 -61 23
-18 -56 16
-21 -34 15
-10 -29 24
-8 -3 10
2 12 2
6 21 -10
20 24 -10
26 35 -17
29 39 -33
23 50 -41
26 39 -44
23 39 -41
22 28 -38
22 11 -37
12 4 -52
13 -17 -39
3 -22 -43
6 -50 -23
-3 -56 -14
-2 -60 -5
-7 -62 8
-13 -74 30
-20 -38 34
-14 -64 30
-4 -43 61
0 -45 63
3 -17 68
20 4 77
23 16 85
42 30 79
62 52 73
49 75 63
55 87 62
73 113 36
64 114 30
67 123 33
74 125 12
77 135 14
57 117 2
59 92 5
60 73 1
57 73 -9
41 50 -10
47 21 -1
24 10 -5
25 -9 8
14 -21 26
11 -25 29
12 -25 53
-1 -36 54
12 -34 76
14 -30 84
14 -25 99
25 -4 106
36 31 119
44 39 123
53 55 118
61 70 113
83 106 116
81 129 105
97 132 100
93 165 76
100 124 61
92 148 53
97 153 41
85 142 30
80 133 22
71 113 10
48 96 6
41 69 4
27 42 -2
23 28 -3
16 18 12
3 5 21
-12 -19 24
-13 -19 43
-8 -47 59
-18 -40 62
-6 -40 74
-14 -24 88
-2 -24 87
18 -4 104
18 20 113
27 47 109
37 77 103
57 83 92
53 93 78
81 121 73
94 124 69
83 133 47
80 137 33
77 143 27
60 147 9
53 125 7
50 118 -11
33 98 -7
25 81 -10
7 35 -21
-2 23 -25
-20 -16 -19
-31 -20 -17
-41 -36 -12
-60 -60 8
-52 -81 17
-51 -84 20
-36 -70 28
-45 -72 38
-29 -62 55
-20 -39 62
4 -34 65
8 -7 64
31 25 77
34 45 82
48 71 77
62 84 50
62 104 50
67 113 37
84 122 26
64 121 3
52 118 6
53 108 -18
37 103 -30
21 78 -32
-5 45 -49
-17 14 -62
-27 -11 -60
-40 -23 -63
-52 -53 -51
-71 -74 -38
-76 -92 -45
-95 -114 -28
-82 -112 -14
-73 -114 6
-56 -97 19
-30 -107 13
-39 -92 28
-25 -65 26
-5 -37 42
7 -14 53
14 11 58
29 30 54
40 57 45
56 74 37
61 95 30
74 108 16
68 104 -7
48 103 -22
48 105 -44
37 88 -44
22 63 -57
4 41 -65
-3 25 -57
-15 -2 -64
-24 -35 -78
-57 -67 -69
-70 -86 -74
-78 -102 -57
-87 -103 -46
-92 -131 -43
-83 -121 -23
-86 -120 -10
-54 -134 15
-51 -112 9
-39 -91 36
-9 -63 34
15 -36 32
22 -1 56
32 30 62
52 54 47
57 77 47
56 94 40
76 108 23
78 120 5
77 122 -10
66 122 -24
56 98 -28
-54 -42 -65
-46 -94 -52
-61 -99 -34
-72 -110 -17
-52 -117 8
-62 -116 11
-49 -110 22
-31 -102 38
-3 -54 54
13 -23 55
14 8 54
34 34 76
57 51 70
53 78 58
75 104 53
77 115 33
69 123 24
62 132 2
60 127 7
53 127 -20
45 111 -28
30 76 -35
16 65 -34
2 35 -52
-14 -12 -44
-25 -29 -44
-41 -69 -48
-50 -85 -34
-63 -98 -23
-74 -132 -28
-65 -125 4
-63 -116 0
-66 -124 22
-52 -113 31
-38 -98 37
-19 -65 53
-8 -54 55
13 -21 58
19 19 62
43 57 63
46 79 53
65 111 50
68 130 52
82 133 27
74 121 23
65 141 20
70 136 -17
41 122 -9
34 109 -15
25 82 -29
14 54 -30
-3 15 -47
-14 -12 -65
-35 -41 -63
-49 -58 -44
-65 -78 -40
-68 -106 -30
-71 -131 -21
-70 -121 -7
-72 -123 7
-54 -115 15
-40 -109 33
-16 -83 41
-15 -49 48
19 -47 51
17 -3 48
36 29 68
47 73 49
64 91 47
82 127 43
82 134 40
91 141 17
82 144 1
72 149 -2
63 124 -11
40 101 -31
31 88 -31
19 52 -48
-7 37 -60
-20 -1 -60
-36 -52 -66
-50 -74 -62
-58 -91 -44
-74 -115 -38
-87 -126 -28
-88 -145 -21
-78 -134 -7
-77 -144 -8
-56 -134 12
-39 -119 31
-21 -83 48
-17 -58 47
13 -32 55
37 -7 60
38 37 61
57 69 59
63 98 56
79 116 49
87 135 40
87 141 18
77 141 6
70 135 -15
59 126 -19
41 98 -34
29 72 -45
-7 34 -60
-15 9 -63
-38 -29 -53
-55 -64 -66
-73 -89 -58
-81 -105 -54
-92 -135 -42
-100 -142 -33
-96 -147 -28
-75 -155 -4
-79 -140 15
-50 -135 27
-50 -114 36
-30 -75 52
1 -64 50
15 -19 66
26 25 63
59 66 66
66 82 57
78 119 45
81 122 42
82 137 28
94 147 6
63 145 -7
67 143 -17
50 118 -31
37 94 -43
21 78 -42
8 36 -58
-25 13 -60
-34 -30 -86
-57 -64 -65
-74 -110 -57
-82 -128 -56
-99 -137 -44
-90 -146 -24
-94 -155 -8
-92 -147 7
-70 -145 9
-47 -138 24
-32 -94 32
-12 -74 34
2 -51 42
25 -7 63
42 36 58
62 65 62
71 97 54
84 121 46
93 124 22
97 140 19
81 141 5
68 147 -11
46 126 -31
35 113 -31
23 93 -42
8 61 -50
-12 18 -49
-27 -14 -58
-39 -34 -67
-54 -66 -71
-71 -91 -56
-92 -124 -61
-103 -143 -39
-86 -145 -14
-88 -153 0
-84 -144 5
-56 -135 16
-33 -108 21
-26 -93 33
-1 -66 34
21 -23 40
27 10 49
46 29 56
74 66 52
65 87 41
83 113 30
91 131 27
88 130 2
78 134 -3
65 125 -18
52 121 -34
44 104 -42
25 77 -50
1 37 -60
-4 6 -71
-25 -30 -61
-43 -67 -66
-60 -85 -70
-78 -121 -53
-92 -140 -46
-96 -140 -21
-95 -148 -4
-91 -140 8
-68 -130 17
-47 -136 26
-40 -110 30
-34 -87 41
2 -43 52
22 -10 54
34 28 70
54 47 55
79 77 52
85 97 54
89 128 44
89 142 16
83 131 13
87 125 -5
58 132 -9
36 109 -41
39 100 -37
7 68 -60
-7 34 -50
-26 -17 -56
-45 -32 -61
-58 -69 -63
-75 -103 -52
-79 -119 -48
-105 -130 -40
-99 -140 -11
-95 -146 0
-80 -143 7
-66 -132 14
-48 -118 30
-28 -101 38
-3 -74 36
12 -45 51
17 -7 63
44 18 53
70 68 68
76 78 52
85 114 56
100 121 31
95 129 15
83 142 -2
72 126 -16
53 126 -22
31 106 -36
26 75 -53
-2 45 -41
-17 38 -69
-25 -38 -74
-50 -48 -70
-74 -87 -70
-84 -108 -60
-87 -130 -40
-38 -84 -47
-50 -97 -28
-61 -107 -11
-58 -116 -1
-63 -124 15
-55 -125 28
-40 -107 34
-17 -63 45
-1 -50 57
6 -9 57
12 21 55
25 40 57
24 60 44
32 81 41
46 89 21
58 101 10
52 101 -13
56 104 -6
50 87 -28
22 93 -34
18 61 -41
16 44 -43
-5 8 -48
-12 -23 -65
-24 -41 -59
-40 -64 -51
-51 -78 -45
-77 -86 -26
-65 -109 -26
-67 -129 -25
-65 -120 11
-67 -124 15
-54 -118 21
-41 -109 38
-19 -84 45
-11 -62 54
12 -28 58
13 0 55
24 22 56
41 50 62
61 75 45
59 90 36
65 103 30
65 120 5
67 122 3
53 114 -10
63 105 -24
38 109 -31
33 76 -35
12 53 -49
13 13 -37
-2 -7 -59
-25 -39 -61
-47 -68 -52
-48 -84 -36
-58 -103 -28
-57 -117 -20
-64 -112 -7
-60 -126 4
-47 -122 17
-44 -123 30
-31 -103 37
-9 -66 52
1 -38 50
9 -11 74
25 36 77
34 52 67
65 66 57
63 94 54
67 119 49
87 130 17
75 137 2
74 134 10
54 130 -13
38 118 -30
38 89 -40
18 63 -57
3 41 -51
-11 6 -47
-28 -29 -58
-38 -64 -51
-60 -84 -50
-72 -105 -55
-83 -113 -24
-87 -127 -19
-79 -126 -3
-69 -130 6
-42 -116 9
-38 -116 30
-23 -83 38
-24 -58 34
11 -35 58
26 4 59
34 43 60
46 69 65
66 95 62
86 123 42
80 131 26
82 151 15
67 150 -5
69 151 -9
52 132 -21
36 130 -24
26 84 -42
17 48 -55
1 29 -40
-16 -9 -65
-41 -39 -66
-51 -66 -66
-57 -109 -55
-79 -114 -45
-87 -116 -28
-84 -145 -9
-81 -149 7
-67 -138 9
-42 -119 24
-37 -90 32
-17 -80 35
2 -54 55
30 -12 63
26 7 63
47 52 68
54 73 55
71 105 62
74 131 54
82 153 40
82 144 20
79 143 11
57 128 -15
50 137 -23
37 126 -24
8 72 -40
7 45 -49
-11 21 -43
-31 -12 -52
-47 -48 -42
-65 -68 -43
-66 -100 -44
-88 -108 -24
-94 -149 -26
-94 -138 -2
-72 -138 11
-70 -125 22
-50 -125 32
-26 -94 36
-10 -86 48
16 -46 53
21 0 58
36 42 72
60 68 76
82 90 58
73 122 54
92 145 50
96 155 38
87 159 12
73 149 2
61 134 -8
39 130 -24
34 111 -41
13 68 -48
1 40 -47
-18 -3 -58
-40 -43 -58
-58 -74 -64
-62 -90 -55
-83 -114 -48
-98 -126 -31
-99 -141 -9
-90 -143 0
-78 -136 4
-67 -130 23
-43 -108 10
-30 -79 40
-8 -74 43
14 -33 51
33 14 58
31 39 58
59 73 57
73 93 53
84 128 45
81 144 28
87 141 19
78 156 -7
79 145 -30
50 127 -31
33 109 -31
13 85 -46
-2 61 -58
-20 15 -61
-27 -23 -70
-55 -52 -67
-69 -78 -58
-80 -108 -48
-76 -122 -46
-90 -138 -28
-95 -140 -13
-86 -137 -11
-71 -132 5
-46 -126 7
-36 -91 30
-21 -79 36
9 -50 33
18 -10 56
38 12 53
48 56 55
63 88 53
74 108 49
89 124 39
89 138 18
76 132 -2
74 142 -5
61 126 -15
47 119 -28
37 101 -41
11 69 -55
-7 37 -66
-20 2 -56
-46 -37 -51
-60 -56 -55
-86 -97 -52
-86 -117 -51
-86 -136 -31
-110 -147 -15
-91 -140 6
-77 -146 4
-71 -138 17
-50 -117 27
-33 -94 40
-7 -71 53
2 -49 55
22 -13 60
38 33 60
52 60 57
68 90 51
77 103 56
82 131 44
109 135 18
86 130 -6
76 128 -6
53 130 -30
44 111 -27
20 79 -44
10 60 -48
-10 21 -51
-44 -12 -56
-51 -46 -66
-56 -75 -54
-76 -96 -54
-77 -115 -46
-37 -72 -51
30 78 40
32 86 30
34 105 13
40 114 -5
48 110 -22
44 91 -28
32 89 -26
9 44 -59
6 34 -49
7 2 -60
-20 -11 -58
-25 -38 -41
-46 -57 -33
-42 -83 -29
-50 -88 -18
-55 -105 -1
-43 -108 24
-43 -107 21
-50 -98 24
-26 -89 41
-18 -60 31
-1 -42 58
1 -13 58
13 24 54
24 49 45
44 74 47
48 84 39
50 105 34
59 113 6
62 101 -4
50 118 -21
38 105 -25
47 100 -30
32 80 -46
21 60 -45
5 31 -65
-3 2 -62
-19 -33 -62
-32 -49 -66
-40 -80 -43
-53 -87 -36
-73 -105 -32
-81 -112 -13
-68 -118 -2
-65 -124 7
-55 -115 14
-37 -97 25
-25 -71 22
-16 -55 42
7 -30 46
6 11 59
18 32 61
39 55 63
42 66 43
56 104 40
57 98 30
63 122 9
65 138 5
58 130 -16
45 136 -19
52 115 -28
14 86 -49
18 59 -39
-7 27 -49
-14 -5 -51
-12 -30 -58
-47 -66 -47
-60 -73 -51
-67 -105 -47
-72 -106 -22
-66 -120 -25
-80 -119 12
-55 -115 2
-56 -116 12
-32 -106 31
-24 -70 39
2 -42 45
20 -18 62
15 18 67
39 44 58
54 71 60
60 106 46
76 108 28
84 130 25
74 138 -7
78 122 2
58 136 -13
41 118 -33
37 117 -36
28 80 -44
2 54 -58
-14 19 -65
-18 -1 -72
-36 -44 -76
-55 -75 -50
-49 -94 -51
-75 -112 -38
-78 -113 -24
-69 -133 -7
-66 -130 12
-58 -124 18
-43 -118 25
-27 -90 37
-21 -65 39
4 -44 59
29 1 73
42 31 53
47 57 54
70 89 51
81 121 44
92 135 45
90 135 28
98 148 12
94 147 -1
77 156 -14
54 121 -16
38 109 -28
23 77 -29
-6 63 -34
-16 13 -43
-23 -22 -49
-41 -60 -45
-65 -74 -48
-74 -123 -37
-76 -115 -34
-77 -132 -14
-77 -145 2
-65 -129 10
-47 -114 28
-32 -112 36
-14 -86 40
-6 -37 64
1 -18 57
21 6 69
44 50 65
71 65 70
76 117 45
72 127 57
87 141 35
97 156 24
81 145 7
66 153 -17
59 148 -29
26 106 -34
15 77 -45
-3 56 -49
-16 15 -46
-36 -20 -60
-58 -61 -53
-66 -97 -63
-71 -111 -41
-90 -108 -40
-102 -138 -27
-79 -146 -10
-80 -146 -9
-69 -138 20
-53 -125 25
-41 -112 33
-27 -96 30
-3 -52 48
11 -15 53
21 -1 54
45 37 48
57 79 64
69 114 36
89 118 39
81 130 25
85 138 -4
69 146 -9
63 134 -24
52 128 -23
29 105 -38
5 76 -51
-13 47 -48
-18 5 -54
-38 -29 -73
-54 -61 -60
-61 -105 -67
-77 -113 -59
-95 -126 -42
-86 -145 -31
-84 -152 -16
-81 -142 -9
-68 -138 2
-58 -124 10
-36 -91 22
-3 -79 23
-8 -40 36
23 -16 62
38 31 67
50 55 69
63 90 25
74 105 37
88 129 39
85 138 2
85 136 0
76 141 -27
62 138 -22
42 108 -28
25 93 -40
6 54 -47
-28 22 -55
-37 -17 -55
-56 -58 -62
-73 -83 -63
-78 -126 -56
-87 -123 -44
-100 -150 -28
-97 -159 -16
-105 -151 -17
-84 -144 3
-55 -130 15
-55 -115 27
-26 -86 21
-11 -72 33
1 -40 44
24 2 57
34 28 50
65 67 53
65 79 45
74 111 34
82 113 15
80 116 -5
72 142 -19
56 124 -31
32 119 -32
26 90 -48
13 66 -58
-19 37 -71
-29 5 -75
-50 -55 -73
-58 -74 -83
-80 -100 -89
-101 -127 -70
-110 -131 -58
-119 -158 -51
-108 -142 -36
-94 -147 -24
-79 -125 -11
-59 -133 -1
-52 -116 15
-30 -92 21
-15 -63 22
16 -31 31
23 -4 41
29 34 38
68 63 31
70 77 30
77 102 11
-55 -94 -45
-63 -110 -43
-58 -123 -11
-79 -137 -5
-67 -139 -6
-52 -120 11
-40 -116 20
-5 -78 43
-15 -48 42
1 -12 39
9 22 49
29 37 39
37 68 36
55 71 34
62 84 37
56 109 -5
64 126 -20
50 108 -18
32 95 -23
34 103 -43
21 69 -54
9 46 -49
-14 9 -63
-8 -21 -59
-31 -44 -61
-46 -72 -64
-62 -93 -51
-74 -123 -50
-84 -135 -38
-90 -146 -16
-75 -139 -13
-65 -143 -7
-58 -134 8
-54 -124 26
-37 -101 36
-13 -64 34
-6 -43 39
1 21 57
20 34 69
32 59 44
51 71 40
63 99 37
59 114 24
76 115 3
77 119 -11
48 114 -26
47 121 -34
37 97 -38
14 53 -55
3 44 -52
-15 1 -58
-30 -22 -68
-46 -61 -76
-57 -79 -71
-72 -115 -71
-87 -124 -47
-80 -152 -26
-88 -143 -24
-84 -152 -12
-72 -137 3
-53 -130 17
-37 -98 20
-34 -86 22
-7 -70 38
9 -26 50
16 1 55
34 42 65
56 55 45
64 90 31
66 116 34
66 130 15
82 138 -5
75 126 -9
54 125 -23
34 96 -39
18 88 -45
2 68 -45
-9 34 -58
-11 -1 -55
-39 -30 -65
-57 -78 -75
-72 -98 -61
-76 -111 -66
-92 -137 -42
-79 -165 -38
-82 -160 -10
-85 -143 4
-56 -130 6
-47 -140 26
-23 -103 37
-7 -70 42
10 -51 40
14 -9 54
36 34 72
58 60 58
71 101 51
85 117 58
89 126 36
104 140 26
101 145 8
66 139 -6
59 133 -24
49 114 -18
30 90 -33
18 57 -43
-12 26 -44
-11 -13 -54
-34 -31 -70
-42 -73 -57
-69 -95 -45
-79 -121 -48
-90 -130 -31
-86 -152 -14
-80 -153 -5
-62 -135 17
-50 -132 29
-31 -116 34
-18 -89 37
-3 -53 36
15 -14 54
39 4 57
47 47 68
77 75 58
76 98 47
90 126 52
96 148 31
96 129 12
91 138 -4
73 135 -6
61 124 -37
38 100 -37
33 73 -44
13 52 -40
-27 25 -57
-34 -24 -55
-46 -62 -60
-62 -103 -48
-79 -100 -59
-85 -126 -55
-95 -146 -29
-95 -157 -4
-76 -152 -7
-67 -132 9
-46 -121 27
-19 -97 44
-21 -71 45
7 -34 49
29 -17 54
46 29 59
64 57 67
82 100 54
88 127 54
94 142 41
102 149 31
103 148 7
89 153 6
69 128 -17
41 118 -25
36 87 -30
17 70 -35
-9 39 -53
-28 0 -37
-32 -49 -50
-46 -77 -54
-66 -92 -51
-83 -129 -30
-85 -133 -19
-84 -152 -2
-81 -138 10
-65 -142 5
-58 -130 21
-42 -129 35
-26 -88 43
-4 -74 58
7 -38 60
17 0 77
52 39 74
57 74 62
77 93 56
88 123 48
94 140 41
99 138 23
89 127 6
73 138 0
58 121 -7
42 116 -36
29 77 -39
11 57 -54
-6 9 -63
-26 -18 -66
-43 -43 -58
-56 -86 -53
-76 -102 -46
-82 -121 -35
-94 -129 -32
-89 -151 -12
-78 -150 -7
-66 -136 4
-59 -130 28
-40 -110 44
-26 -78 33
1 -47 60
30 -11 51
21 33 68
51 73 74
62 101 57
72 116 54
85 127 49
90 148 30
93 143 21
83 150 4
66 140 -17
54 131 -29
42 113 -39
13 95 -45
1 47 -48
-33 25 -53
-37 -18 -58
-51 -47 -55
-74 -66 -41
-69 -110 -47
-93 -121 -48
-93 -141 -30
-94 -125 -15
-86 -133 -6
-70 -124 2
-50 -109 21
-45 -93 43
-16 -65 42
-1 -41 62
34 9 57
42 31 70
49 63 63
77 82 62
79 98 57
81 126 48
97 135 21
94 140 9
78 126 0
65 127 -13
46 113 -35
36 79 -47
19 54 -40
-4 24 -58
-23 3 -63
-54 -32 -76
-56 -76 -68
-68 -91 -54
-81 -122 -54
End
