-3 -36 -69
0 -36 -70
-1 -38 -77
-9 -40 -69
-16 -33 -75
-2 -33 -65
-12 -40 -65
-16 -25 -58
-26 -20 -41
-17 -19 -41
-28 -20 -32
-20 -24 -9
-24 -8 -9
-30 -1 3
-27 -5 9
-25 6 25
-16 21 27
-21 20 29
-17 20 39
-18 -5 48
-17 7 52
-15 20 43
-20 11 41
-15 -1 45
-10 -3 38
-4 5 32
-7 5 29
-12 5 12
5 -10 10
13 -15 4
-6 -12 -1
2 -5 -22
-3 -25 -35
-6 -23 -41
-4 -15 -54
-5 -28 -54
-12 -34 -67
3 -46 -60
-7 -30 -69
0 -26 -70
-10 -20 -67
-1 -36 -69
-13 -41 -59
-5 -32 -69
-17 -30 -48
-19 -24 -41
-18 -9 -44
-18 -19 -22
-30 -8 -20
-23 -24 0
-24 -11 13
-14 -1 20
-4 -1 25
-21 3 40
-13 3 28
-7 12 46
-12 11 44
-21 12 60
-14 12 42
-14 6 60
-6 20 40
-11 -6 42
-7 -4 43
-1 -4 27
8 5 38
2 -6 8
0 3 1
-4 -11 2
-4 -7 -14
-13 -27 -27
-5 -16 -41
-12 -22 -42
-18 -31 -57
-23 -35 -62
0 -29 -64
0 -43 -76
-17 -30 -75
0 -24 -69
-14 -21 -84
-7 -25 -77
-2 -24 -65
-13 -26 -57
-4 -30 -53
-20 -9 -47
-11 -22 -22
-12 -9 -20
-9 3 -9
-16 -20 -11
-20 -14 8
-14 -4 22
-7 13 26
-5 15 36
-12 1 36
-6 26 39
-4 20 43
-7 20 45
-20 8 45
3 8 36
-8 2 44
-7 -6 28
-5 -4 32
14 -11 10
7 -12 6
3 -12 -12
6 -18 -10
8 -16 -22
5 -20 -41
-1 -32 -41
-13 -36 -50
-10 -34 -63
-3 -40 -72
5 -43 -70
-12 -59 -79
-8 -33 -83
-5 -42 -76
-10 -40 -65
-2 -56 -68
-18 -29 -61
-19 -14 -57
-13 -31 -52
-23 -7 -42
-30 -16 -21
-24 -20 -21
-20 -14 -10
-26 -4 6
-29 -18 13
-19 3 29
-20 -4 29
-18 -2 33
-24 7 37
-29 0 43
-26 30 46
-26 6 44
-17 -3 42
-26 14 40
-24 8 33
-25 -5 31
-29 -2 23
-16 3 16
1 -12 -1
-8 -25 -6
-7 -20 -11
-17 -27 -20
-7 -26 -43
-11 -32 -54
-13 -39 -53
-17 -35 -73
-17 -45 -68
-13 -42 -65
-11 -54 -71
-9 -36 -81
-26 -48 -73
-12 -40 -68
-6 -43 -67
-24 -43 -57
-19 -26 -56
-24 -11 -47
-31 -34 -40
-21 -38 -19
-37 -20 -15
-22 -17 11
-21 -16 12
-23 -13 12
-19 -9 26
-13 -4 35
-19 11 29
-23 18 44
-14 12 43
-17 13 30
-28 8 47
-20 4 41
-14 -1 35
-13 2 31
-11 -6 29
-18 2 11
-9 -2 15
-4 -7 3
-6 -6 -9
-11 -22 -17
-10 -24 -23
-16 -27 -23
-7 -20 -53
-8 -28 -48
-14 -36 -76
-7 -38 -57
-4 -39 -62
-8 -35 -69
-18 -40 -66
-17 -42 -76
-15 -44 -59
-13 -43 -63
-10 -18 -47
-18 -32 -55
-10 -17 -46
-19 -37 -33
-17 -30 -17
-12 -4 0
-10 -8 0
-10 -4 19
-16 0 31
-5 -7 28
-16 10 42
-19 29 49
-12 21 45
-17 4 56
-25 -1 46
-4 15 52
-15 30 50
-4 3 45
-4 3 47
-8 7 34
-9 2 27
0 4 19
3 -4 -2
-3 1 -7
-3 -4 -12
-2 -12 -30
-9 -25 -36
5 -19 -57
-4 -37 -48
-9 -34 -61
-1 -29 -67
4 -34 -67
-8 -39 -67
-12 -27 -72
-1 -34 -74
-8 -22 -61
-4 -20 -59
-11 -21 -68
-24 -12 -57
-27 -12 -37
-19 -21 -27
-22 -7 -24
-20 -1 -6
-12 -10 0
-8 -1 14
-16 11 23
-15 -4 28
-12 14 40
-6 28 43
-7 16 60
-16 24 55
-4 9 44
-17 26 52
-16 4 58
-9 14 44
-9 12 32
-4 -3 33
-35 -71 -38
-42 -74 -63
-42 -80 -60
-38 -96 -63
-41 -102 -62
-39 -82 -76
-28 -83 -77
-36 -72 -84
-25 -76 -80
-27 -64 -85
-17 -55 -81
-33 -57 -71
-23 -66 -75
-20 -61 -81
-20 -68 -70
-17 -76 -66
-25 -56 -65
-11 -56 -49
-18 -54 -34
-21 -38 -36
-12 -33 -29
-12 -30 -14
-2 -16 -9
-3 -21 -11
-16 2 0
-13 -15 9
-19 -3 12
-25 10 14
4 -6 17
-6 -4 7
0 17 11
-17 2 4
-15 -9 3
-22 -6 13
-17 -24 -8
-25 -33 0
-28 -38 -9
-33 -56 -19
-26 -60 -25
-31 -51 -23
-24 -54 -24
-21 -57 -26
-22 -41 -26
-24 -35 -34
-18 -32 -35
-18 -12 -33
-19 -28 -36
-17 -25 -40
-12 -23 -28
-13 -20 -32
-13 -18 -27
-24 -24 -30
-6 -27 -12
-17 -16 -22
-17 -23 -20
-12 -27 -6
-11 -20 2
-13 -8 8
-17 -3 22
-11 4 32
-11 11 31
-10 21 29
-9 22 29
-22 29 35
-8 20 34
-15 15 34
-23 22 27
-26 20 28
-23 21 22
-20 5 23
-16 -14 0
-23 -19 -3
-28 -31 -9
-20 -44 -11
-38 -52 -12
-31 -53 -15
-24 -51 -26
-21 -35 -25
-27 -40 -24
-20 -38 -24
-8 -26 -19
-11 -20 -30
-16 -23 -22
-7 -17 -28
-8 -18 -29
-2 6 -18
-1 -4 -25
13 -12 -22
4 -7 -18
11 -13 -16
5 -3 -9
21 -1 1
18 8 10
22 19 22
30 32 26
29 39 33
26 44 44
35 51 50
20 56 52
20 55 68
17 61 52
24 61 50
20 63 59
15 50 53
18 60 47
20 60 50
21 52 52
14 44 35
15 27 33
29 15 18
11 3 19
16 5 9
18 -2 7
20 -17 4
14 -22 -1
25 -3 7
13 -4 1
20 8 -4
21 9 -4
29 15 -4
27 13 -3
31 24 -3
17 21 -9
18 23 1
18 14 -15
42 7 3
30 4 8
37 10 16
38 13 22
32 22 25
30 36 33
34 29 31
32 34 35
34 48 40
25 54 58
21 50 49
17 54 43
29 52 41
15 61 60
23 54 56
15 48 42
7 51 30
5 18 28
6 21 17
-5 10 15
1 6 -3
-12 -11 3
-12 -17 -8
-11 -17 -16
-6 -34 -14
-11 -43 -28
-14 -31 -11
-11 -40 -36
-6 -24 -32
0 -17 -34
-5 -16 -33
-7 -12 -38
-2 -16 -35
-12 -8 -46
-4 -13 -39
-20 -24 -45
-8 -6 -36
-20 -17 -40
-23 -14 -34
-26 -22 -25
-11 -17 -11
-8 -9 -10
-16 -3 -6
-23 -8 10
-6 3 12
-16 15 25
-26 29 18
-12 17 30
-20 28 33
-13 15 28
-22 16 29
-29 21 34
-22 26 15
-23 18 20
-21 6 18
-14 -5 -1
-38 -15 -8
-24 -19 -11
-36 -32 -1
-35 -42 -17
-41 -54 -23
-37 -52 -18
-42 -65 -33
-31 -50 -29
-39 -63 -36
-18 -44 -29
-33 -35 -35
-23 -49 -40
-36 -40 -51
-6 -26 -49
-19 -28 -43
-22 -35 -49
-10 -33 -49
-17 -38 -44
-16 -39 -40
-8 -40 -37
-7 -48 -30
0 -19 -23
1 -29 -20
-6 -12 -14
2 -14 -3
-12 -15 9
2 -4 5
3 2 8
-10 7 4
-3 10 12
-12 16 6
-9 6 4
-2 5 -1
-10 -1 -1
-15 -2 -7
-13 -12 -20
-11 -24 -27
-20 -16 -23
-28 -46 -43
-17 -61 -43
-46 -59 -50
-34 -73 -45
-33 -80 -60
-38 -78 -48
-21 -76 -73
-22 -85 -61
-25 -69 -69
-21 -56 -60
-30 -57 -76
-25 -45 -75
-17 -47 -71
-19 -54 -77
-17 -41 -75
-19 -59 -66
-26 -47 -52
-19 -55 -65
-26 -68 -55
-20 -38 -46
-16 -31 -40
-17 -42 -28
-13 -22 -23
-18 -28 -19
-12 -5 -23
-11 8 -10
29 67 65
43 87 57
33 89 67
54 84 76
31 86 79
32 87 65
25 79 74
27 88 64
34 69 65
26 76 55
24 54 55
27 52 49
17 31 30
12 20 34
25 18 23
13 14 16
13 10 5
10 8 11
13 12 3
19 21 11
9 16 13
19 29 18
11 48 20
12 30 5
11 34 -6
18 47 7
5 17 -6
13 31 -7
3 23 2
10 12 -1
22 25 3
16 35 10
23 30 21
18 34 24
26 42 30
20 54 39
25 56 52
26 63 52
33 65 47
12 76 55
4 64 49
14 65 42
10 57 50
7 52 53
-3 53 34
-1 38 23
-2 34 7
-6 20 10
-6 -12 -11
-10 -8 -17
-20 -16 -33
-30 -30 -38
-20 -50 -28
-22 -38 -45
-13 -45 -54
-29 -55 -47
-19 -43 -61
-30 -39 -85
-24 -37 -57
-9 -30 -61
-24 -36 -81
-21 -33 -74
-17 -31 -85
-13 -40 -73
-26 -51 -84
-13 -47 -89
-14 -44 -68
-22 -46 -79
-13 -52 -67
-10 -45 -52
-12 -22 -59
-9 -26 -52
-9 -14 -44
-17 -14 -43
-3 -2 -30
-12 -1 -27
-19 -11 -26
-23 -5 -21
-15 -8 -35
-20 -5 -33
-33 -19 -29
-36 -26 -40
-29 -31 -44
-34 -52 -52
-39 -60 -65
-37 -76 -63
-56 -84 -72
-49 -94 -83
-43 -103 -78
-61 -114 -92
-55 -113 -78
-52 -115 -87
-45 -111 -100
-42 -95 -106
-58 -101 -96
-45 -95 -94
-44 -97 -106
-38 -77 -102
-51 -86 -103
-49 -86 -90
-46 -89 -98
-40 -86 -92
-48 -76 -75
-47 -77 -77
-36 -89 -65
-36 -68 -60
-28 -67 -62
-49 -42 -37
-40 -44 -43
-45 -40 -25
-46 -24 -17
-46 -20 -13
-32 -4 -1
-49 -27 -8
-40 -16 3
-48 -13 -11
-48 -13 10
-47 -13 -3
-49 -15 4
-53 -16 -4
-56 -30 -10
-63 -39 -17
-53 -52 -27
-53 -66 -40
-49 -54 -35
-51 -75 -39
-48 -76 -38
-52 -69 -44
-31 -72 -30
-65 -72 -40
-45 -73 -34
-44 -45 -45
-51 -38 -30
-32 -37 -40
-38 -24 -32
-48 -40 -44
-24 -30 -25
-34 -36 -22
-36 -36 -26
-30 -36 -11
-24 -27 -9
-17 -24 -1
-20 -26 3
-3 -8 15
-8 -10 20
-1 9 38
-14 13 38
-8 18 39
-7 23 48
-12 21 65
-12 31 53
-19 24 53
-14 21 47
-18 22 50
-12 24 44
-20 15 27
-10 10 37
-15 2 28
-16 -6 17
-23 -31 13
-28 -45 10
-36 -50 5
-45 -36 -11
-15 -44 -3
-18 -59 -1
-25 -49 -16
-1 -42 -23
-23 -31 -19
-23 -29 -24
-11 -29 -26
-13 -20 -35
-1 -11 -21
-14 -8 -13
-4 -12 -34
-11 -10 -30
6 -18 -19
-5 -13 -11
3 -8 -5
-1 -24 12
16 10 12
11 15 20
28 18 12
24 29 22
24 27 28
15 50 34
19 55 42
17 51 44
29 36 40
10 48 43
11 52 44
13 67 43
3 40 30
14 46 26
19 28 13
15 18 11
13 7 -7
10 -14 -4
8 -11 -12
1 -25 -10
10 -15 -23
15 -28 -31
16 -32 -30
18 -27 -27
17 -21 -35
27 -8 -27
29 -17 -29
21 -16 -43
22 -9 -45
20 0 -29
35 8 -39
24 7 -31
24 4 -26
27 8 -32
24 -3 -27
25 2 -18
27 -16 -12
35 5 -7
30 18 -7
24 16 -1
31 15 10
20 35 15
18 39 18
29 29 21
12 33 21
19 35 25
14 44 27
15 27 22
11 21 25
16 20 17
11 10 3
2 11 -5
-4 -20 -13
-3 -33 -21
-6 -37 -33
-14 -53 -32
-30 -69 -48
-25 -69 -39
-24 -66 -48
-34 -70 -65
-32 -80 -66
-37 -54 -66
-37 -66 -78
-26 -65 -69
-37 -51 -81
-48 -57 -81
-29 -30 -76
-39 -45 -84
-30 -61 -73
-26 -56 -76
-24 -70 -84
-26 -75 -88
-27 -68 -80
-24 -74 -89
-17 -53 -81
-26 -46 -69
-21 -29 -56
5 -41 -46
-3 -7 -31
-2 -4 -31
-6 -3 -16
5 23 -15
-9 21 4
-2 26 8
-9 17 8
-8 34 10
1 28 23
-10 27 14
-14 31 28
2 21 22
-7 15 9
-4 21 20
-12 12 18
-19 -7 9
-16 -13 12
-26 -11 0
-18 -11 -16
-28 -34 -19
-27 -45 -30
-36 -55 -31
-36 -48 -38
-32 -61 -49
-36 -67 -50
-33 -68 -68
-26 -93 -65
-29 -75 -71
-24 -69 -72
-34 -62 -68
-17 -65 -61
-19 -61 -73
-12 -64 -61
-9 -48 -55
-14 -40 -50
0 -16 -43
-10 -11 -29
1 4 -29
2 21 -10
2 18 0
11 23 3
0 17 22
1 24 28
-4 24 35
8 44 44
5 42 35
6 26 43
-2 27 42
-3 16 40
2 26 40
-12 10 33
0 6 42
-9 7 19
-9 1 24
-19 -10 4
-29 -16 7
-28 -25 -11
-28 -33 -13
-26 -48 -29
-30 -53 -41
-29 -63 -33
-24 -63 -44
-23 -64 -42
-25 -69 -56
-21 -80 -61
-39 -75 -60
-29 -68 -71
-21 -56 -60
-32 -50 -60
-32 -55 -50
-31 -35 -45
-15 -42 -39
-14 -22 -28
-8 -17 -19
6 -5 -19
-1 2 -10
0 19 -4
-7 21 -6
8 30 1
-1 21 11
5 36 17
7 32 25
-4 20 24
-2 31 31
6 31 35
4 14 38
-9 7 39
-8 22 24
-15 23 22
-19 3 28
-11 -8 18
-24 1 0
-19 -7 -9
-20 -20 -21
-18 -29 -22
-20 -45 -36
-29 -50 -41
-16 -41 -43
-25 -40 -49
-25 -73 -59
-28 -65 -55
-22 -63 -43
-14 -56 -72
-21 -55 -61
-19 -56 -51
-15 -42 -56
-24 -40 -51
-7 -53 -28
-10 -27 -24
-4 -14 -23
-9 -11 -17
-7 11 6
4 19 5
10 35 8
13 28 18
15 32 27
15 40 16
4 36 38
26 33 51
5 31 44
20 35 37
16 40 45
8 27 48
11 31 46
-8 20 42
-1 -2 33
-3 -2 37
2 5 32
-16 -14 20
-8 3 12
-20 -14 -8
-22 -28 -15
-11 -40 -17
-22 -34 -27
-11 -45 -34
-19 -49 -41
-10 -47 -49
-28 -61 -51
-8 -63 -57
-13 -61 -58
-29 -46 -54
-8 -62 -48
-13 -44 -56
-10 -43 -48
-19 -36 -33
-1 -30 -29
3 -16 -15
6 -1 -9
-3 6 2
-1 18 10
10 16 12
0 21 19
2 33 35
1 28 32
1 40 24
19 47 33
4 43 35
-7 46 35
-3 35 39
-2 19 27
-11 16 36
-4 12 25
-12 11 23
-7 -8 10
-18 -5 12
-17 -22 2
-19 -11 -4
-25 -23 -6
-16 -24 -12
-22 -40 -27
-27 -37 -40
-18 -43 -43
-12 -36 -66
-16 -52 -53
-18 -57 -58
-24 -58 -70
-29 -54 -60
-26 -44 -58
-17 -47 -65
-30 -36 -51
-15 -43 -42
-8 -15 -36
-14 -24 -15
3 -13 -12
-11 12 -19
9 15 -3
-8 31 14
-4 42 18
9 39 27
10 38 36
4 39 41
6 36 42
6 39 47
5 34 46
5 38 48
2 33 37
0 19 41
-3 30 29
5 26 40
-3 22 30
-7 8 12
-3 0 13
-14 -9 11
-3 -21 2
-6 -24 -17
-20 -38 -15
-16 -39 -20
-11 -37 -42
-19 -44 -35
-29 -60 -45
-22 -54 -52
-18 -55 -64
-14 -44 -61
-14 -46 -59
0 -48 -60
-4 -42 -55
3 -42 -48
-8 -24 -33
-9 -22 -32
-10 -18 -24
-1 13 -13
10 5 -9
-1 18 0
17 20 8
6 26 13
6 48 17
18 44 29
5 29 17
5 28 34
3 34 39
0 38 26
7 34 40
1 36 36
-4 28 20
-2 22 33
-3 4 27
-17 11 20
-14 -1 2
-15 -13 7
-28 -12 8
-28 -67 -66
-45 -56 -70
-41 -72 -65
-30 -69 -72
-40 -40 -72
-31 -50 -71
-35 -49 -66
-27 -53 -66
-25 -64 -59
-47 -53 -56
-26 -50 -56
-33 -42 -47
-24 -49 -47
-8 -24 -32
-18 -29 -14
-20 -17 -16
-22 5 -8
-25 -13 -3
-14 -3 -8
-22 -2 -1
-28 2 6
-31 -2 8
-25 -2 7
-28 -9 -7
-40 -1 -13
-17 -11 -8
-37 -28 -22
-23 -27 -20
-30 -35 -32
-39 -60 -43
-44 -57 -42
-40 -70 -55
-44 -76 -43
-51 -66 -45
-53 -73 -45
-32 -53 -48
-38 -61 -44
-40 -66 -61
-39 -61 -46
-36 -40 -67
-27 -43 -46
-32 -42 -61
-23 -45 -51
-41 -49 -58
-21 -56 -64
-35 -43 -46
-18 -46 -42
-27 -49 -39
-13 -47 -30
-18 -43 -19
0 -36 -10
-8 -18 -3
-21 -9 -3
-23 6 15
-14 -8 8
-20 1 9
-35 -4 16
-17 16 12
-22 4 15
-15 10 12
-11 -1 10
-29 -6 -5
-21 -16 -1
-14 -29 -17
-32 -34 -19
-30 -32 -32
-24 -48 -35
-43 -68 -40
-29 -72 -31
-40 -84 -38
-28 -71 -35
-24 -68 -56
-29 -70 -57
-25 -57 -45
-28 -55 -59
-16 -44 -55
-19 -35 -55
-18 -44 -59
-22 -37 -67
-13 -35 -61
-19 -46 -58
-28 -38 -52
-14 -42 -39
-22 -33 -38
-9 -42 -40
-7 -25 -29
-13 -26 -12
-15 -17 -13
0 -1 -2
-4 -3 9
-5 1 16
-8 20 13
-4 6 12
-12 28 27
-6 11 27
-10 26 30
-8 8 20
-12 11 21
-9 3 15
-18 -3 11
-6 -7 3
-16 -19 1
-19 -28 -10
-13 -46 -20
-15 -50 -16
-28 -51 -24
-25 -57 -32
-13 -43 -33
-20 -50 -37
-22 -40 -32
-17 -40 -48
-13 -39 -36
-8 -32 -48
-3 -37 -45
-4 -29 -42
-1 -19 -45
-12 -29 -49
-17 -29 -33
-11 -39 -42
-22 -30 -41
-9 -22 -21
1 -19 -28
-6 -16 0
-5 -11 -1
4 5 -4
4 21 10
-6 7 14
0 27 22
3 27 27
0 26 17
-10 24 22
-1 27 25
-2 24 24
-10 32 20
-5 20 14
-8 18 4
-16 7 12
-22 -10 7
-12 -14 -5
-33 -32 -9
-33 -38 -19
-34 -44 -24
-30 -43 -33
-30 -46 -34
-29 -43 -28
-21 -61 -38
-15 -52 -25
-27 -45 -38
-10 -32 -34
-10 -23 -52
-9 -32 -30
-12 -32 -39
-8 -20 -44
3 -25 -43
-17 -26 -32
-14 -20 -38
2 -29 -16
-2 -16 -29
3 -17 -20
7 -10 -7
-9 -4 -2
-4 5 20
-9 18 9
-10 25 22
10 25 13
-4 36 27
3 35 26
1 32 39
-12 39 27
-3 31 35
13 29 37
3 32 36
1 13 25
-5 14 15
-9 2 16
-5 -11 8
-6 -19 -3
-12 -38 -2
-12 -32 -9
-19 -34 -14
-21 -45 -16
-12 -48 -23
2 -33 -20
-10 -36 -26
-7 -17 -29
-1 -13 -30
-4 -4 -36
-4 -4 -18
8 -29 -18
-4 -11 -22
8 -20 -22
2 -10 -8
5 -16 -6
-1 -12 -8
-1 -13 -1
2 -1 -4
3 9 6
12 23 13
-6 27 20
7 23 24
-4 40 35
13 35 42
-5 43 43
-4 43 38
-1 43 42
-6 53 35
12 38 44
-3 36 47
-4 34 26
-2 11 19
-2 16 23
-3 8 24
-4 -4 5
-20 -16 -6
2 -26 5
-16 -48 -13
-4 -38 -19
-14 -36 -22
-13 -38 -16
-12 -31 -30
-4 -38 -34
-3 -18 -24
-3 -21 -35
-9 -35 -29
0 -21 -19
-3 -15 -33
-10 -6 -29
-3 -15 -35
1 -14 -25
-4 -17 -19
5 -20 -23
8 -6 -12
13 -15 -7
10 -3 -1
9 10 16
-3 13 12
3 10 23
19 14 18
-1 14 24
-9 44 36
-8 24 38
-9 42 29
-13 32 34
-9 29 35
-2 28 34
-5 12 24
2 6 16
2 4 11
-7 -17 -10
-47 -68 -55
-38 -79 -42
-40 -76 -53
-30 -91 -69
-36 -89 -61
-28 -84 -61
-34 -76 -70
-25 -82 -75
-24 -70 -68
-37 -70 -66
-24 -63 -65
-28 -68 -73
-36 -67 -64
-33 -59 -47
-17 -71 -51
-18 -56 -41
-26 -52 -29
-19 -48 -33
-19 -46 -20
-18 -34 -16
-17 -21 -3
-9 -21 -21
-25 -6 -2
-9 -5 0
-22 -19 -6
-28 -12 7
-13 -8 8
-31 1 9
-18 -17 7
-24 -19 7
-31 -15 -14
-34 -27 -6
-37 -30 -7
-38 -48 -33
-41 -65 -30
-44 -72 -27
-47 -69 -44
-31 -78 -39
-29 -82 -37
-31 -81 -47
-34 -82 -60
-37 -76 -46
-31 -60 -60
-30 -64 -57
-38 -52 -72
-27 -55 -62
-19 -48 -51
-15 -62 -63
-27 -48 -61
-18 -54 -61
-9 -57 -49
-19 -57 -57
-25 -48 -49
-17 -52 -33
-16 -32 -19
3 -32 -18
-5 -38 -9
-5 -10 0
-6 -3 4
-7 -10 7
-14 5 12
-13 13 6
-7 10 12
-9 2 21
-20 4 17
-9 -9 20
-21 -9 12
-11 -17 3
-13 -30 -4
-21 -20 -4
-19 -36 -25
-19 -53 -23
-27 -68 -36
-35 -70 -31
-38 -60 -31
-22 -61 -46
-32 -74 -43
-24 -68 -42
-24 -70 -40
-16 -41 -46
-12 -42 -39
-21 -42 -43
-10 -38 -46
-11 -29 -43
-14 -43 -55
-11 -56 -41
-8 -32 -50
-14 -41 -33
-18 -46 -35
-3 -39 -28
-12 -36 -19
2 -24 -6
-9 -21 4
-8 -20 2
6 -3 17
-8 -1 20
13 24 25
-6 17 23
-4 23 34
-14 25 31
8 26 29
6 28 35
2 26 31
4 15 25
1 7 26
1 5 19
1 -10 6
-4 -24 11
-9 -38 -4
-26 -52 -16
-23 -39 -14
-6 -47 -31
-20 -54 -23
-4 -48 -19
-20 -38 -21
-24 -40 -21
-8 -27 -25
-4 -24 -22
3 -12 -22
-5 -20 -22
10 -13 -35
0 -17 -28
-3 -6 -23
-2 -21 -11
-1 -12 -19
3 -20 -8
2 -9 -3
16 -6 2
14 -9 11
6 20 17
18 16 13
15 32 26
13 25 28
15 35 52
22 31 40
18 45 48
5 39 46
9 39 38
0 35 51
6 39 49
6 35 32
1 19 38
-5 26 40
1 10 20
-9 5 17
-18 -17 3
-3 -27 7
-2 -20 7
-8 -28 -3
-8 -19 -9
-8 -29 -5
8 -20 -7
-5 -22 -4
12 -6 -2
5 -9 -17
3 6 -9
-2 2 -10
-8 12 -19
0 5 -18
12 3 -17
5 -5 -7
1 6 0
15 -1 1
4 10 -6
14 13 12
25 32 20
12 24 27
10 41 26
21 57 34
8 38 40
0 57 46
13 62 48
12 59 46
17 69 53
12 58 64
21 57 68
10 56 52
14 51 49
8 43 46
-1 26 23
15 30 18
-1 18 20
-4 9 14
-4 10 17
-8 4 7
-12 -3 3
-6 -5 -13
-4 -9 -11
-2 -7 -11
3 -5 -17
11 5 -14
11 2 -15
18 24 -12
12 13 -7
18 19 -13
13 7 -5
16 15 -12
8 10 -1
12 -1 -1
7 17 12
18 29 12
20 30 15
28 33 33
12 50 32
26 41 42
24 64 39
23 68 40
26 61 52
31 59 50
14 64 56
13 81 49
10 62 45
15 58 51
8 69 44
19 46 39
6 47 29
2 33 37
1 29 18
-6 18 4
-10 8 4
-3 5 -3
7 -4 7
-9 -5 0
-4 -9 -2
1 3 -9
10 3 -9
9 3 -8
5 3 -8
3 1 -11
12 1 -23
10 15 -12
2 13 -14
5 -5 -10
16 19 -11
2 13 -5
20 3 -5
15 5 1
4 15 1
12 19 5
15 23 20
25 43 11
15 49 26
4 58 37
13 64 36
-1 71 35
7 67 39
10 72 52
7 75 35
12 71 47
-17 -55 -71
-12 -59 -76
-12 -63 -70
-14 -48 -70
-9 -63 -75
-9 -57 -68
-6 -42 -66
2 -33 -71
-7 -35 -47
4 -20 -35
8 -4 -25
13 3 -20
11 10 -11
12 18 5
11 31 20
11 28 24
2 24 33
-6 17 43
-14 35 38
-4 36 46
-9 27 52
4 22 54
-9 3 52
-15 15 47
-18 14 36
-22 6 33
-15 2 24
-26 -5 18
-26 -11 6
-27 -32 -2
-38 -30 -18
-36 -39 -26
-26 -41 -30
-30 -51 -52
-31 -59 -47
-25 -71 -45
-22 -64 -63
-12 -44 -61
-6 -51 -60
-13 -58 -66
-10 -56 -72
-11 -46 -65
-5 -53 -57
8 -40 -56
-1 -34 -49
5 -22 -32
6 -22 -34
4 -16 -26
9 3 -14
8 8 4
8 10 1
11 26 15
-3 27 20
10 24 29
7 24 43
-1 25 35
-9 26 52
-13 31 44
0 16 54
-2 33 49
-8 10 42
-6 14 31
-19 5 31
-19 -4 22
-17 1 16
-16 -13 1
-31 -26 -13
-27 -32 -21
-27 -51 -30
-33 -54 -40
-41 -59 -49
-23 -56 -56
-21 -65 -65
-23 -56 -60
-25 -59 -78
-25 -53 -74
-24 -72 -91
-21 -53 -70
-20 -55 -67
-21 -36 -72
-22 -35 -67
-20 -27 -59
-8 -29 -32
0 -18 -39
-3 3 -30
1 -11 -17
5 15 -4
-1 16 6
9 32 11
10 22 21
-7 28 17
-12 18 23
-18 27 30
-11 20 38
-20 27 34
-17 16 41
-7 23 40
-20 18 39
-18 7 20
-24 4 32
-26 0 13
-34 -4 7
-23 -20 -8
-26 -21 -13
-38 -44 -26
-31 -27 -29
-29 -44 -44
-45 -39 -49
-24 -62 -52
-27 -68 -67
-24 -61 -73
-12 -61 -62
-26 -60 -78
-13 -44 -77
-18 -59 -67
-9 -48 -68
-7 -49 -59
-5 -48 -57
4 -24 -49
4 -28 -36
4 -10 -27
8 -1 -12
-2 13 -5
16 13 8
21 20 18
13 39 18
19 40 33
16 29 32
8 25 37
8 17 34
-3 24 50
0 29 48
-1 30 48
-8 19 47
4 17 37
-12 16 34
-24 19 31
-29 1 21
-30 -5 12
-24 -23 5
-21 -26 -4
-32 -45 -22
-32 -48 -33
-39 -58 -38
-33 -51 -46
-44 -65 -52
-33 -61 -58
-27 -53 -73
-35 -56 -61
-23 -61 -64
-16 -53 -64
-15 -58 -65
-26 -48 -65
-10 -46 -61
-11 -43 -41
-1 -39 -46
-4 -16 -34
1 -6 -17
11 13 -10
1 18 6
8 19 14
12 22 23
11 37 23
2 47 28
-7 46 40
-5 24 44
-9 41 42
-14 41 50
-7 37 44
-16 32 58
-16 30 45
-7 35 49
-20 22 31
-23 1 24
-26 1 25
-21 -6 10
-26 -9 -1
-30 -14 -1
-12 -39 -22
-30 -34 -22
-25 -49 -36
-26 -54 -42
-24 -52 -32
-19 -49 -49
-12 -48 -58
-8 -45 -63
-12 -44 -59
-13 -42 -63
-8 -48 -61
-16 -30 -55
-3 -35 -51
-5 -23 -50
-7 -20 -38
8 -25 -25
9 7 -18
8 12 -3
9 15 3
7 30 6
23 34 25
9 37 20
3 50 37
-2 50 37
3 43 43
-6 50 51
10 32 58
6 47 55
-3 36 55
-12 31 55
-5 19 42
-13 15 39
-25 4 24
-21 1 27
-34 -8 9
-32 -26 1
-27 -35 -9
-35 -30 -14
-24 -34 -36
-23 -41 -35
-26 -52 -42
-22 -51 -53
-24 -51 -61
-20 -59 -65
-16 -56 -59
-8 -52 -69
-15 -54 -69
0 -59 -61
-9 -46 -62
1 -32 -47
-4 -21 -46
10 -25 -40
7 -4 -36
7 1 -16
10 19 -5
2 21 14
13 22 10
12 28 27
6 39 24
-5 37 26
-1 29 33
-9 23 43
3 32 44
-9 39 47
-17 35 48
-1 18 54
-15 31 48
-15 18 40
-12 13 31
-15 -8 24
-23 -3 -2
-26 -66 -50
-12 -47 -65
-1 -38 -69
-10 -57 -84
8 -48 -77
8 -34 -83
1 -44 -75
-1 -43 -75
4 -40 -57
4 -30 -45
1 -5 -35
13 -16 -20
10 6 -10
13 1 0
5 14 24
0 38 26
0 20 36
-3 36 44
-2 26 48
-3 31 61
3 39 59
-11 28 76
-6 33 72
-6 47 75
-12 31 69
-8 25 54
-10 21 47
-21 23 35
-26 10 12
-35 -6 5
-16 -16 -2
-19 -19 -8
-16 -33 -34
-29 -32 -48
-35 -40 -57
-24 -49 -67
-18 -44 -76
-9 -54 -89
-3 -47 -93
-9 -56 -92
2 -53 -99
6 -38 -83
-7 -46 -92
-9 -40 -80
-13 -52 -83
-3 -26 -78
-11 -34 -51
-7 -24 -49
7 0 -21
3 1 -11
-6 6 -2
-4 24 4
3 19 21
3 34 41
6 41 37
11 27 54
-17 32 53
-18 44 75
-15 18 69
-21 40 69
-12 44 61
-8 33 69
-27 28 48
-18 10 36
-22 17 29
-26 3 15
-32 -5 0
-33 -12 -2
-40 -39 -34
-31 -41 -42
-49 -45 -44
-34 -52 -63
-20 -51 -65
-16 -52 -79
-12 -47 -97
-13 -61 -95
-20 -63 -104
-12 -64 -100
-15 -46 -90
-13 -40 -97
-5 -50 -76
-5 -44 -75
-6 -38 -57
-8 -24 -44
-7 -22 -36
0 -5 -19
4 0 -7
-1 24 15
-2 20 21
12 29 38
-8 41 47
6 35 60
-6 31 70
-3 26 66
0 46 72
-6 35 79
-6 40 75
-17 44 64
-16 28 59
-17 31 59
-13 20 54
-28 8 24
-29 18 23
-22 -6 11
-28 -12 -6
-28 -35 -29
-26 -41 -47
-32 -39 -61
-30 -61 -62
-26 -61 -75
-26 -47 -88
-26 -54 -82
-23 -62 -88
-24 -63 -103
-19 -54 -92
-4 -44 -98
-1 -48 -89
2 -47 -83
-14 -38 -66
5 -30 -64
-3 -28 -51
15 -12 -35
9 1 -26
-1 0 -2
6 22 8
9 18 24
10 37 35
-3 41 44
0 38 52
-11 37 71
19 44 78
-8 37 77
-16 40 76
-7 37 78
-16 42 62
-29 23 63
-33 19 55
-25 29 44
-34 11 29
-37 -12 30
-36 -22 -1
-41 -33 -18
-40 -40 -37
-27 -47 -49
-25 -50 -56
-21 -61 -78
-27 -61 -86
-15 -54 -95
-30 -83 -100
-17 -61 -108
-4 -59 -98
-10 -60 -109
-10 -47 -102
-17 -61 -88
-13 -64 -79
0 -42 -81
-1 -44 -58
-6 -34 -44
-15 -20 -29
11 -2 -18
-12 -6 -6
0 19 6
9 10 22
3 29 34
-2 29 36
3 33 59
-1 38 67
-7 26 75
-10 46 73
-18 36 72
-11 31 66
-15 19 68
-29 33 68
-17 26 55
-33 5 46
-29 -10 25
-24 -16 16
-31 -19 -2
-38 -23 -18
-29 -53 -38
-35 -55 -42
-30 -62 -64
-29 -56 -80
-33 -69 -76
-25 -70 -92
-35 -73 -98
-17 -66 -102
-17 -73 -98
-17 -58 -96
-5 -56 -92
-6 -74 -90
-9 -50 -72
0 -40 -70
9 -32 -43
10 -16 -47
-5 -9 -22
18 -1 -15
10 1 8
10 24 20
1 24 28
9 37 44
1 35 53
2 35 67
-7 35 97
-15 39 92
6 30 94
-5 43 93
-14 46 89
-16 19 80
-20 29 73
-22 36 55
-23 7 38
-29 -6 31
-24 -10 8
-45 -11 -6
-22 -35 -27
-32 -47 -29
-22 -53 -46
-30 -60 -63
-13 -60 -75
-29 -58 -84
-14 -66 -97
-18 -57 -100
-17 -64 -111
-17 -72 -104
-13 -65 -115
2 -50 -96
-4 -64 -91
-1 -52 -72
15 -38 -77
8 -33 -65
7 -16 -41
8 -11 -17
15 0 -9
4 18 6
9 8 30
12 27 27
10 24 46
5 44 51
-7 38 64
-2 38 63
-14 36 88
-7 44 79
-15 34 84
-12 40 78
-20 37 78
-20 33 69
-17 13 50
-28 18 41
-31 -4 29
-12 -57 -67
-19 -54 -67
-13 -57 -78
-12 -59 -94
-8 -56 -93
-11 -68 -97
-9 -53 -96
2 -57 -76
-7 -47 -68
-5 -33 -54
-5 -38 -42
4 -32 -29
2 -7 -13
0 6 -2
3 15 4
5 12 20
20 27 38
3 25 38
-5 22 44
-10 27 47
-12 31 62
-1 32 64
-7 31 64
-14 32 69
-4 28 58
-11 28 67
-16 13 48
-18 13 41
-27 1 28
-18 0 13
-22 -6 1
-29 -27 -9
-11 -27 -24
-15 -44 -27
-13 -42 -49
-10 -53 -67
-9 -46 -75
-3 -48 -77
-16 -48 -85
-5 -54 -89
-6 -48 -93
1 -50 -90
2 -56 -92
-2 -37 -88
-4 -45 -70
13 -31 -73
19 -29 -56
2 -15 -47
9 -5 -24
5 -3 -14
8 25 8
10 26 17
5 22 38
10 34 53
2 37 57
-3 52 65
12 38 79
-3 42 67
5 24 80
5 34 78
-5 40 72
-2 28 76
-8 45 60
-9 32 52
-15 20 49
-12 -1 38
-17 -8 18
-18 -12 14
-18 -29 -13
-20 -25 -14
-15 -35 -32
-15 -44 -45
-11 -45 -64
-20 -53 -75
-9 -50 -79
-1 -43 -80
-6 -53 -81
-15 -63 -91
4 -53 -85
-3 -57 -91
-4 -67 -81
4 -59 -66
-3 -50 -66
3 -36 -43
3 -32 -53
12 -1 -29
15 0 -4
15 20 8
6 27 16
9 35 27
3 41 40
14 22 57
3 47 58
2 46 69
4 43 72
7 50 90
-9 39 80
-7 40 79
-9 27 67
-20 29 52
-24 34 46
-24 18 27
-22 5 28
-32 13 12
-25 3 -14
-24 -20 -13
-18 -29 -42
-29 -35 -51
-27 -42 -64
-29 -61 -81
-8 -42 -80
-14 -39 -93
-17 -43 -89
-3 -58 -84
-9 -53 -106
-7 -56 -93
-17 -42 -94
1 -40 -94
3 -35 -78
8 -37 -52
8 -33 -48
15 -16 -39
8 -12 -23
10 7 -7
10 17 12
13 31 29
14 26 52
7 37 61
1 45 68
13 56 83
15 53 87
0 54 73
-11 50 93
-4 40 76
3 51 81
-7 28 70
-4 40 66
-8 23 55
-4 28 39
-20 -4 33
-29 0 17
-18 -11 -7
-17 -40 -19
-14 -19 -39
-16 -47 -46
-25 -49 -60
-28 -46 -76
-11 -57 -88
-17 -67 -96
-23 -60 -94
-18 -66 -108
-20 -65 -94
-19 -60 -114
-3 -50 -92
-3 -77 -91
-1 -55 -81
-10 -33 -71
-9 -35 -50
5 -14 -40
-9 3 -29
2 -12 -12
-2 10 7
3 18 10
12 31 29
5 37 49
-2 42 58
4 41 71
-1 26 61
-7 36 62
-11 34 69
0 38 71
-20 31 67
-16 24 58
-12 22 56
-17 18 45
-20 16 34
-12 -3 20
-23 -7 4
-36 -17 0
-39 -36 -25
-24 -48 -38
-17 -55 -53
-22 -57 -57
-30 -61 -64
-31 -52 -94
-14 -67 -81
-10 -65 -91
-15 -61 -92
-8 -79 -93
-13 -58 -101
-16 -62 -96
-8 -39 -83
0 -49 -81
-4 -40 -64
-5 -15 -43
7 -4 -41
-2 4 -10
11 19 -2
13 18 4
14 25 16
1 29 47
0 40 56
5 45 60
6 48 75
3 37 72
-7 35 76
-8 43 88
-10 41 81
-14 43 70
-20 39 76
0 26 70
-23 25 50
-17 31 44
-26 8 21
-23 -6 14
-27 -13 3
-22 -23 -17
-12 -43 -23
-31 -60 -48
-29 -46 -56
-27 -60 -80
-16 -56 -81
-30 -70 -82
-18 -65 -88
-13 -66 -96
-4 -68 -101
-2 -57 -105
2 -53 -95
-1 -42 -87
-7 -51 -77
-4 -34 -63
16 -23 -53
3 -4 -49
8 -4 -21
7 14 -5
3 11 22
8 35 35
12 26 55
-6 31 48
8 44 70
9 46 64
-4 38 67
-4 43 82
-7 40 74
-16 39 63
-19 40 63
-16 32 68
-24 28 44
-23 14 40
-17 -50 -48
-16 -56 -65
-11 -39 -76
2 -51 -78
-5 -48 -82
-10 -44 -82
-11 -44 -80
-3 -45 -67
-8 -35 -55
0 -27 -50
-8 -19 -34
-2 -18 -27
-5 -10 -11
14 1 2
0 6 22
12 32 12
1 32 37
-5 27 35
4 22 43
-11 37 59
0 34 63
3 24 69
-1 27 61
-10 34 71
-22 32 63
-27 31 57
-11 11 36
-12 15 28
-23 0 28
-9 -2 9
-20 -27 2
-24 -33 -15
-21 -38 -17
-15 -44 -36
-22 -48 -41
-20 -48 -52
-24 -52 -65
-5 -49 -77
-14 -57 -77
2 -49 -87
-16 -59 -90
-1 -57 -95
-11 -50 -96
-8 -44 -78
-12 -42 -67
-2 -43 -56
3 -26 -41
8 -31 -43
2 -3 -32
-4 -13 -9
12 11 15
7 17 9
7 24 31
8 40 34
12 37 46
5 34 60
-3 34 64
16 30 64
-15 27 82
-16 36 63
-25 29 61
-20 12 70
-13 23 52
-19 20 42
-23 9 45
-19 3 16
-38 -22 6
-35 -27 -11
-9 -36 -25
-19 -51 -39
-21 -53 -56
-23 -46 -56
-26 -54 -67
-16 -63 -86
-16 -56 -82
-14 -60 -94
-13 -63 -104
-12 -55 -102
-14 -55 -102
-4 -53 -91
-4 -47 -81
-5 -47 -72
-8 -40 -61
-5 -30 -49
-1 -13 -30
4 -12 -20
2 20 3
15 0 8
3 20 25
1 29 30
-3 32 49
-9 42 58
8 34 51
0 44 63
2 36 71
-11 40 67
-11 40 62
-17 32 64
-14 26 67
-23 36 43
-19 9 40
-34 4 24
-32 -4 10
-39 -18 3
-34 -34 -31
-34 -32 -33
-37 -45 -44
-40 -48 -57
-38 -53 -71
-31 -59 -72
-32 -43 -85
-34 -53 -94
-31 -73 -103
-4 -72 -113
-8 -65 -103
-15 -61 -98
0 -56 -94
-10 -49 -74
2 -30 -74
2 -23 -61
3 -29 -45
-4 -6 -37
11 -16 -21
-3 16 -11
2 28 15
7 22 22
3 20 21
7 28 52
-1 39 57
2 38 73
-2 24 63
2 31 80
0 28 94
-3 39 71
-6 32 61
-18 35 56
-27 25 51
-21 13 33
-29 -3 29
-24 3 4
-27 -23 0
-30 -17 -24
-35 -38 -29
-31 -52 -44
-33 -57 -59
-39 -43 -67
-29 -52 -79
-31 -63 -90
-21 -67 -99
-18 -65 -100
-18 -59 -97
-22 -58 -100
-12 -54 -100
-6 -55 -84
-8 -59 -81
-11 -43 -77
-1 -29 -66
-1 -19 -43
7 -22 -24
-3 -11 -29
-2 4 -2
5 22 18
4 18 30
-1 35 38
-2 35 41
2 30 59
-7 46 58
-7 20 67
-16 34 65
-17 48 72
-22 27 71
-2 37 62
-12 21 52
-26 20 50
-10 18 37
-9 13 31
-17 -17 18
-28 -19 3
-24 -36 -28
-27 -42 -24
-24 -53 -41
-19 -44 -50
-24 -50 -59
-18 -54 -86
-26 -58 -84
-19 -65 -92
-26 -62 -89
-16 -47 -93
-20 -61 -85
-6 -63 -85
-4 -58 -95
0 -42 -74
-6 -40 -68
2 -31 -50
2 -19 -35
11 -6 -24
4 13 4
16 16 15
5 26 36
9 35 37
15 44 39
17 33 61
11 47 77
14 45 87
0 42 74
4 45 98
3 48 90
-6 43 101
0 40 72
-1 34 82
-17 26 62
-5 22 51
-12 14 43
-22 3 24
-38 -11 12
-35 -31 -7
-28 -44 -18
-18 -56 -41
0 -46 -57
-19 -46 -60
-19 -47 -82
-16 -66 -91
-10 -52 -84
-14 -54 -100
-14 -57 -96
-16 -59 -96
-31 -58 -88
-24 -56 -75
7 -38 -85
0 -44 -70
2 -24 -50
0 -19 -37
3 10 -18
5 15 -15
5 21 0
5 17 16
5 35 37
10 31 40
16 46 52
8 47 65
-5 40 64
-1 44 81
6 38 79
-5 34 88
-6 40 88
-13 35 72
-5 44 60
-15 29 47
-16 10 45
-28 4 24
-12 -40 -60
End
