1 0 0 0
39 37 38
38 42 47
37 44 51
36 45 53
29 40 47
24 34 40
22 26 36
10 15 27
-2 5 19
-13 -4 13
-25 -14 1
-36 -28 -6
-43 -35 -15
-54 -43 -29
-66 -51 -32
-76 -57 -41
-83 -66 -48
-96 -73 -55
-112 -83 -66
-124 -93 -75
-114 -109 -82
-72 -116 -94
-20 -95 -103
5 -42 -95
45 4 -51
99 34 -7
115 70 23
108 109 54
118 124 101
109 114 101
95 92 102
92 83 107
78 75 92
50 65 69
48 55 68
41 45 53
37 34 45
20 37 41
-7 29 38
-22 -3 33
-35 -31 20
-70 -41 -14
-83 -58 -28
-79 -74 -44
-73 -80 -76
-45 -75 -75
-18 -52 -60
-8 -21 -60
23 1 -24
50 22 8
53 40 21
53 50 47
46 54 63
35 41 53
44 26 53
34 27 44
25 27 25
30 23 25
34 19 18
31 18 13
26 25 20
8 25 14
-2 7 11
-7 -9 12
-21 -18 -3
-31 -27 -20
-35 -33 -22
-39 -43 -32
-24 -43 -34
-7 -33 -28
9 -15 -20
29 5 -6
55 25 21
70 44 40
74 66 60
71 79 75
69 74 80
57 71 74
52 58 67
47 50 56
37 43 43
30 31 33
30 22 29
17 20 19
9 12 19
0 6 15
-6 -6 9
-11 -14 5
-18 -19 -1
-22 -20 -17
-18 -30 -16
-18 -31 -23
-16 -25 -30
-4 -17 -20
3 -4 -13
13 3 -7
25 10 8
23 20 14
25 21 22
28 19 31
20 15 27
17 8 27
9 12 25
5 10 20
1 3 16
-6 7 14
-16 4 8
-22 -6 9
-26 -13 -3
-33 -23 -12
-42 -35 -20
-51 -41 -28
-65 -50 -38
-77 -59 -44
-89 -66 -51
-102 -76 -60
-119 -82 -67
-134 -95 -75
-132 -113 -87
-98 -124 -99
-39 -117 -111
-10 -74 -113
17 -24 -78
71 6 -32
101 38 -3
89 78 21
103 98 66
96 103 77
89 82 76
95 66 81
72 66 74
48 61 58
48 42 66
28 37 47
21 30 40
25 29 44
-20 31 30
-39 6 18
-30 -30 18
-71 -42 -31
-90 -60 -48
-80 -78 -48
-83 -92 -86
-60 -98 -93
-31 -75 -70
-31 -39 -67
-4 -26 -39
33 -2 -3
30 22 1
34 34 29
35 34 44
18 27 27
30 12 30
36 13 29
23 20 1
25 23 6
36 18 9
37 18 -2
32 27 6
13 31 18
-2 18 9
-13 -6 8
-23 -16 0
-36 -31 -15
-44 -42 -22
-37 -50 -28
-16 -49 -35
5 -34 -32
17 -8 -19
34 16 -2
52 30 22
58 38 42
55 55 52
48 61 60
41 55 62
46 44 55
49 38 46
42 42 39
41 47 31
46 40 30
36 32 27
25 31 28
11 27 29
-12 12 23
-20 -9 10
-20 -27 1
-30 -33 -13
-32 -41 -28
-30 -44 -39
-23 -45 -45
-16 -36 -45
-14 -21 -39
-17 -17 -31
-6 -15 -18
5 -16 -12
5 -6 -2
10 4 8
11 6 11
17 9 11
23 15 15
17 24 18
10 24 17
7 17 16
2 9 13
-12 4 9
-19 -4 4
-30 -15 -6
-33 -28 -13
-33 -34 -21
-44 -34 -27
-56 -39 -31
-62 -46 -34
-71 -55 -42
-84 -62 -50
-98 -69 -52
-115 -83 -63
-133 -99 -78
-142 -119 -95
-108 -135 -111
-48 -128 -132
-21 -84 -142
20 -31 -108
80 4 -58
98 41 -26
94 82 13
103 99 70
72 105 79
73 80 89
103 53 97
63 63 72
49 62 60
81 54 82
44 62 43
33 57 47
50 56 69
-11 55 38
-39 14 30
-27 -28 46
-82 -46 -25
-97 -80 -51
-82 -90 -50
-99 -98 -107
-60 -102 -102
-12 -68 -70
-26 -25 -91
0 -8 -46
38 9 3
26 21 -10
30 23 21
30 31 44
-15 -23 -14
11 -36 -29
-2 -19 -30
-34 2 -10
-26 -17 -8
2 -47 -12
5 -35 -36
-1 -3 -39
9 16 -14
21 4 -7
21 -12 4
28 3 7
24 32 5
12 31 15
14 15 28
41 4 29
45 16 17
34 40 18
15 43 25
13 29 34
24 8 20
31 8 20
18 13 -2
6 15 -3
2 -4 1
7 -23 -1
-2 -21 -19
-13 -3 -29
-14 -1 -25
-14 -15 -14
-6 -29 -11
-1 -24 -21
-6 -17 -26
-14 -14 -23
-12 -14 -16
-1 -22 -9
-4 -15 -21
-8 -2 -11
-8 2 -9
1 -8 -4
-1 -15 -10
2 -7 -11
0 -5 -10
-11 -1 -9
-8 -7 -7
-5 -5 -4
2 -2 -10
1 0 -10
-1 6 -7
1 2 2
13 -1 1
18 0 -1
17 6 -3
14 15 14
20 15 21
30 10 20
35 20 14
25 33 20
29 30 36
36 24 35
35 24 30
31 28 29
40 28 30
45 29 20
26 35 20
26 32 33
30 25 29
20 20 26
8 21 21
29 17 26
28 13 14
3 14 16
5 14 30
33 0 17
10 6 -1
-10 20 -2
-5 6 13
11 -16 -1
26 -20 -20
8 6 -14
-7 18 -4
-15 -6 5
20 -27 2
20 -21 -21
-13 13 -21
-17 17 6
10 -16 3
13 -31 -8
4 -2 -10
-7 22 9
-6 12 1
-23 -14 -3
19 -24 7
23 -2 -12
-11 26 -17
-17 19 6
14 -12 17
-2 -19 -3
-9 -2 -10
3 7 4
-14 2 -15
-2 -13 3
5 -13 17
9 -9 2
-3 6 -11
-26 20 6
-9 -9 8
11 -26 1
14 -12 -28
-13 8 -24
-19 4 7
15 -24 9
21 -24 -17
-8 15 -18
-34 25 0
17 -14 14
16 -27 -10
-10 -8 -13
1 10 11
24 1 9
-19 1 -14
-16 -1 12
17 -11 12
25 -10 -29
-8 10 -24
-14 14 14
15 -11 4
30 -17 -10
3 7 -19
-12 19 -8
12 -1 1
12 -15 -4
11 -11 -11
-3 1 -6
1 9 -14
0 2 -5
4 -7 2
3 -6 -7
10 1 -11
2 7 -4
-8 6 6
2 -4 12
17 2 4
2 10 -4
-1 18 5
2 6 6
12 -3 2
18 2 3
2 11 6
1 10 10
10 6 14
13 0 12
0 2 7
5 12 7
18 9 1
12 8 2
-1 13 12
9 10 13
20 5 14
12 14 -2
9 16 13
22 20 20
23 14 10
14 14 11
13 13 18
19 17 18
13 18 17
25 10 20
18 11 17
18 17 13
17 20 19
23 15 17
30 15 13
20 26 20
20 26 35
28 21 38
38 22 32
13 35 26
8 33 44
30 15 38
39 13 21
15 33 22
8 38 31
21 16 37
23 4 15
13 12 7
-2 25 14
18 13 17
28 0 4
19 3 4
6 24 9
16 20 25
13 6 8
-2 -2 4
12 -1 10
28 8 14
20 15 5
4 20 16
4 13 30
21 -4 23
27 -2 7
-4 18 5
-19 20 9
37 -9 25
24 -6 4
-17 18 1
-6 22 21
13 3 15
12 -15 -8
4 -5 6
2 13 0
-12 7 0
-13 -14 1
-3 -21 -3
11 -16 -27
1 4 -17
-26 1 -6
-21 -20 4
5 -36 2
9 -20 -27
-17 7 -19
-29 9 5
-6 -18 10
8 -34 -6
7 -11 -6
-11 13 -13
-24 14 0
-7 -13 10
17 -30 -1
10 -10 -17
-30 20 -26
-26 -1 1
-6 -37 -7
0 -45 -28
-30 -14 -39
-36 -10 -27
-31 -39 -36
-18 -57 -34
-30 -41 -47
-32 -25 -39
-29 -29 -44
-34 -36 -32
-15 -41 -33
-4 -30 -21
-7 -13 -31
-6 -7 -22
-10 -4 1
-10 -12 0
14 -14 3
10 -4 -11
10 -6 -23
17 1 -17
26 3 -7
19 13 -6
24 18 11
28 18 10
29 24 18
36 28 20
42 28 25
39 28 26
39 30 29
40 28 32
37 33 31
38 35 28
37 31 32
40 32 30
38 32 34
40 34 32
37 29 29
34 30 30
36 27 30
29 22 33
28 27 26
26 22 28
26 20 17
17 16 13
18 9 10
15 6 12
11 4 6
2 4 2
-2 0 1
-4 -1 0
-1 0 -6
-3 0 0
-1 -10 -7
-4 -10 -11
-12 -13 -15
-14 -11 -13
-18 -16 -22
-20 -22 -26
-19 -23 -30
-24 -25 -30
-30 -24 -30
-34 -30 -33
-39 -36 -38
-40 -41 -40
-39 -42 -40
-41 -44 -47
-41 -47 -51
-51 -50 -48
-53 -45 -52
-58 -55 -58
-57 -55 -65
-66 -57 -66
-65 -65 -71
-66 -66 -76
-73 -72 -73
-82 -71 -78
-83 -77 -81
-85 -78 -87
-90 -84 -89
-86 -87 -90
-90 -90 -102
-78 -94 -103
-45 -89 -110
-28 -67 -118
-7 -40 -100
22 -18 -67
39 4 -39
35 30 -19
47 34 17
57 32 21
59 41 22
64 57 43
62 58 53
51 52 52
43 46 57
38 47 56
32 45 37
34 33 34
42 27 34
48 25 27
32 34 22
33 29 20
37 22 15
24 19 5
29 17 4
41 13 13
36 21 8
36 29 12
44 33 35
29 39 34
21 38 39
30 32 40
29 26 31
22 22 22
32 22 27
25 23 18
24 19 19
33 23 17
23 28 10
22 26 11
33 18 18
35 18 8
43 23 7
56 36 15
44 40 13
28 44 26
41 36 45
24 33 37
19 28 27
47 20 41
41 30 25
31 41 24
40 40 62
31 43 49
18 36 41
33 34 56
41 39 38
40 29 31
58 42 42
53 46 47
33 46 47
25 46 52
28 33 41
26 21 27
21 20 27
28 17 28
28 17 32
12 20 30
3 22 30
13 13 26
2 5 9
2 -1 7
10 -2 0
0 1 -3
-3 -5 -7
-9 -6 -7
-21 -14 -19
-31 -24 -18
-32 -30 -29
-36 -43 -36
-34 -46 -43
-40 -35 -42
-46 -40 -36
-55 -41 -34
-65 -46 -38
-67 -55 -42
-70 -58 -48
-74 -65 -73
-87 -70 -72
-92 -72 -69
-106 -81 -75
-124 -89 -83
-119 -99 -92
-89 -113 -108
-71 -100 -120
-46 -71 -114
-7 -48 -91
21 -24 -60
26 6 -47
50 32 -7
74 45 23
73 57 28
84 64 55
78 72 74
61 73 76
60 60 86
53 56 76
33 58 56
33 46 53
39 35 46
27 28 29
23 22 33
25 25 28
23 20 17
30 16 14
37 21 17
44 28 23
52 34 32
47 42 42
53 47 44
51 52 56
49 57 58
50 51 57
46 49 55
38 40 49
26 35 38
17 21 34
6 16 15
-1 4 7
-12 2 2
-19 -13 -11
-20 -23 -22
-21 -27 -34
-26 -26 -40
-21 -27 -44
-15 -28 -43
-8 -26 -48
-2 -18 -37
-4 -6 -29
1 -6 -21
6 -4 -7
6 8 2
5 9 10
12 13 19
13 13 21
15 19 23
32 22 24
48 22 25
40 39 21
41 51 30
59 44 46
45 45 46
35 45 44
50 39 51
59 37 34
51 44 30
59 49 53
63 48 61
38 48 47
41 49 67
45 54 59
37 43 54
55 44 68
63 44 59
57 50 48
48 57 60
49 56 60
46 48 46
40 41 42
49 36 46
55 35 31
40 38 37
43 39 42
40 37 42
27 32 45
20 26 43
26 22 42
19 15 34
18 19 33
22 23 33
13 18 28
-1 20 31
-2 13 30
-8 5 18
-12 -4 2
-15 -7 -3
-19 -18 -2
-30 -16 -10
-20 -22 -21
-17 -20 -14
-14 -18 -18
-11 -19 -11
-15 -14 -11
-8 -9 -9
-6 -7 -8
-5 -5 -6
-8 -1 1
-2 -1 -1
-1 1 10
0 6 11
5 13 15
4 15 14
12 13 16
13 20 15
13 18 12
18 19 12
13 14 10
15 12 7
8 7 3
9 6 8
4 5 0
9 1 0
5 7 -1
4 -2 -1
2 -5 -8
0 -5 -3
-3 -9 -4
-5 -7 -9
-5 -13 -8
-3 -9 -10
-2 -9 -9
-4 -9 -9
-6 -7 -6
-7 -6 -10
-5 -3 -11
-2 -9 -16
-4 -7 -14
-5 -12 -17
-6 -11 -21
-6 -11 -21
-6 -17 -33
-6 -20 -30
-7 -27 -35
-8 -26 -39
-20 -36 -38
-24 -35 -37
-22 -29 -31
-24 -28 -31
-22 -28 -31
-21 -27 -29
-14 -19 -20
-11 -19 -18
-12 -13 -13
-6 -6 1
1 3 1
-2 4 3
4 6 9
9 7 9
9 6 4
17 12 11
18 10 6
16 11 9
18 13 9
17 7 7
16 5 2
15 5 -6
16 0 -1
14 -1 -4
17 -1 -2
11 0 -3
8 3 -2
14 5 1
13 4 3
16 11 5
13 13 7
11 13 12
17 19 18
18 22 16
17 18 24
21 21 27
18 27 26
20 23 28
20 25 23
12 23 24
15 19 22
14 12 11
13 13 10
7 2 6
1 1 2
3 -7 -8
-8 -13 -14
-8 -13 -22
-5 -21 -26
-10 -21 -33
-14 -28 -36
-16 -29 -40
-19 -37 -42
-21 -32 -43
-21 -33 -42
-15 -36 -43
-16 -34 -40
-18 -36 -39
-19 -23 -35
-17 -21 -30
-13 -25 -18
-12 -13 -19
-6 -11 -15
-4 -5 -9
-3 1 -8
-4 2 -7
-2 0 1
2 6 2
-1 2 2
0 10 0
4 9 2
5 6 2
6 4 -2
2 2 2
4 0 -2
2 3 -6
-2 -9 -9
-2 -7 -10
1 -9 -9
-2 -5 -9
3 -3 -2
2 2 -2
8 6 -1
7 6 4
9 6 3
5 4 6
8 8 7
5 18 9
10 14 14
10 13 20
10 14 12
12 17 8
9 15 7
8 7 6
7 11 8
7 11 4
6 4 4
5 0 -2
4 -1 -7
0 -1 -8
-6 -5 -9
-3 -7 -14
-12 -10 -11
-13 -13 -15
-16 -19 -25
-17 -25 -28
-22 -24 -26
-17 -26 -28
-14 -29 -28
-25 -22 -29
-25 -23 -26
-22 -20 -24
-19 -22 -14
-22 -15 -15
-13 -7 -3
-4 2 1
-7 7 4
-2 13 4
-2 12 -1
9 11 2
12 7 9
21 6 9
10 13 2
12 9 6
12 10 0
9 2 -4
12 5 -3
11 -6 -3
11 -6 -6
8 -1 -6
9 -1 5
6 3 4
12 2 6
17 5 9
17 7 14
14 15 21
18 23 23
19 28 28
21 29 32
22 30 32
32 31 33
36 33 32
27 37 34
25 34 29
21 30 28
18 21 23
18 19 17
19 12 19
15 12 11
11 3 7
7 6 6
5 -6 -1
6 -7 -4
0 -12 -11
2 -15 -19
1 -17 -9
0 -16 -14
1 -13 -7
-4 -11 -7
-1 -9 -17
4 -7 -16
10 -2 -17
9 -4 -7
8 1 -10
9 1 -4
9 5 0
9 13 2
10 10 11
15 12 13
13 15 19
16 14 25
18 19 30
17 25 31
15 29 29
19 27 33
22 19 30
26 21 27
21 23 30
24 22 28
25 19 21
19 10 14
16 11 5
16 4 2
13 3 1
14 -2 -7
12 0 -1
4 3 -4
5 2 -5
3 5 -4
2 0 -9
8 7 -4
13 7 -2
15 13 7
8 11 4
4 15 11
4 10 6
5 5 6
9 10 9
4 4 8
6 6 8
11 7 -4
4 0 4
3 2 0
6 0 -3
18 23 34
11 24 23
9 19 26
9 20 25
8 14 11
13 16 9
16 10 6
12 12 13
9 9 20
10 11 17
5 17 18
10 17 19
11 7 12
12 14 16
4 7 6
4 5 8
6 6 10
2 2 19
4 12 15
2 7 13
4 10 6
5 8 2
-6 9 6
1 12 0
-1 7 -5
-3 5 3
-7 2 -9
-12 -6 -11
-9 -4 -16
-13 -12 -10
-12 -13 -17
-7 -12 -19
-6 -14 -23
-12 -13 -12
-17 -12 -17
-11 -5 -17
-7 -10 -16
-8 -7 -15
-2 -4 -20
-7 -11 -19
-4 -14 -19
-3 -13 -10
8 -3 -8
-1 3 0
7 -3 3
4 1 11
1 2 4
13 -3 0
6 2 12
3 1 8
6 1 9
12 6 10
1 3 12
7 12 3
13 10 11
12 10 8
7 12 20
9 14 19
13 22 18
17 13 21
17 20 15
15 11 23
14 14 16
20 25 22
17 19 20
18 26 20
23 22 28
17 22 22
26 24 24
15 17 23
15 17 21
12 17 22
10 13 21
9 11 24
8 9 10
14 14 17
14 12 15
18 10 24
14 17 18
14 10 15
13 14 25
13 6 23
11 7 24
15 12 21
24 18 29
26 25 25
25 27 28
20 27 36
20 21 34
25 19 30
16 21 32
20 17 34
13 20 29
18 18 24
18 10 26
25 16 23
23 17 23
17 18 16
19 5 22
15 10 28
13 5 14
9 6 20
13 2 21
9 2 14
9 2 23
2 4 15
4 14 22
7 9 30
5 13 21
9 16 14
6 9 15
4 11 18
3 12 10
6 5 -1
-3 5 18
0 4 16
0 -1 15
4 8 28
4 9 14
1 5 15
13 7 14
13 8 13
6 6 23
2 -1 24
1 3 17
9 -2 17
5 -5 12
1 -2 11
12 6 12
5 1 16
10 7 3
12 8 17
10 2 10
2 -1 0
0 -6 1
1 -6 -11
-5 -7 -2
5 -7 -5
8 -8 2
6 -1 6
12 -4 14
14 5 12
9 4 13
6 5 20
15 8 23
17 18 23
18 14 29
18 19 16
17 20 32
19 15 27
17 18 7
10 14 10
3 7 2
-8 -9 -2
-8 -10 -10
-3 -11 -10
-15 -17 -6
-7 -8 -12
-8 -14 -10
-14 -15 -4
-14 -17 -15
2 -8 -11
-10 -7 -12
-1 -7 -4
1 -4 -16
0 -10 -10
0 -3 -7
1 -9 2
-1 -2 -6
1 -6 -1
-3 -6 -4
-3 -1 -2
1 -1 -5
9 -3 0
5 -5 -4
8 -3 2
9 3 6
9 -2 15
0 -6 18
9 6 7
2 2 12
2 4 14
13 6 18
9 5 13
16 16 14
20 16 16
18 12 22
19 15 24
21 5 21
20 8 13
14 13 17
19 14 16
28 11 14
21 10 13
9 12 18
16 8 16
16 3 8
15 -4 4
8 1 4
-4 -1 -4
6 -9 -2
1 -3 3
-6 -8 13
-2 -5 13
-1 -2 7
2 2 9
11 4 8
8 1 6
7 1 5
9 -2 5
5 4 18
7 5 11
9 7 3
16 5 11
12 -1 6
10 -1 2
7 -2 2
11 6 0
4 1 13
5 6 15
8 -1 14
11 7 7
3 -8 12
7 5 4
7 -2 4
7 -2 6
-6 3 2
12 -5 8
10 -4 -4
9 -3 0
1 -2 2
-5 -8 -10
-11 -14 -10
-6 -17 -4
-9 -21 -7
-9 -18 -21
-8 -27 -21
-16 -25 -21
-21 -32 -26
-31 -26 -25
-18 -22 -30
-19 -29 -26
-21 -27 -19
-18 -19 -22
-10 -26 -14
-15 -23 -21
-17 -11 -21
-13 -10 -19
-5 -15 -11
-14 -8 -22
-2 -2 13
20 -1 12
-9 -3 15
2 2 16
-15 7 5
-2 -4 2
8 -1 13
-7 -1 6
-4 1 -15
-18 3 18
-6 -6 -6
8 -6 12
0 4 4
5 3 8
-3 1 -1
-2 -3 8
-2 -5 5
-3 3 10
-12 -6 -9
2 0 18
-5 12 17
2 7 15
-4 -3 3
1 2 19
-8 -3 22
-3 9 8
4 4 -9
13 -5 -4
-13 -15 -7
4 -13 -11
-12 -18 -16
-16 -18 -20
-8 -16 -10
-15 -11 -5
-18 -7 -3
-6 -11 -12
-7 -3 -16
-16 -11 -20
-7 -12 -3
-13 -12 -19
-16 -22 -29
2 -27 -30
-15 -36 -15
-5 -21 -16
-2 -15 -18
-22 -13 -22
-17 -18 -28
-18 -23 -20
-13 -24 -26
-10 -20 -18
-9 -17 -8
-6 -24 -9
-7 -30 -23
4 -29 -14
0 -25 -7
8 -8 3
2 -24 -8
-10 -6 0
11 -1 9
8 -2 15
3 -14 28
11 12 17
14 14 6
7 -1 -14
20 -6 1
1 -14 7
-3 -11 6
-8 -19 -8
-17 -19 -23
-18 -33 -19
-23 -12 -8
-12 -33 -15
-14 -14 -8
-2 -22 -2
0 -9 -10
-5 -9 -10
1 -2 -10
-9 -5 4
-5 -5 -13
17 -7 0
-6 0 1
-1 -3 -7
-4 -10 -6
-7 -21 1
-11 -23 -11
-12 -12 -29
-9 -25 -26
-15 -25 -24
-12 -21 -34
-14 -31 -60
-19 -34 -40
-18 -32 -38
-23 -34 -44
-20 -50 -30
-25 -30 -44
-22 -22 -39
-27 -43 -55
-11 -31 -30
-23 -32 -36
-24 -35 -30
2 -26 -39
-27 -27 -38
-2 -25 -32
-22 -29 -29
-18 -19 -16
-12 -29 -20
-24 -25 -17
-20 -13 -20
-1 -22 -20
-13 -25 -32
-9 -9 -24
-27 -20 -9
-16 -15 -14
-26 -20 -11
-6 -15 -6
1 -10 -21
4 -9 -3
-7 -7 1
14 -7 -3
-1 -9 -5
2 -5 -12
3 -9 0
4 -22 -4
-4 5 9
0 3 15
2 5 13
17 6 10
8 3 13
16 6 11
12 4 10
-6 14 6
8 8 4
4 16 1
3 11 -19
8 9 -4
15 2 -2
11 10 17
-2 -4 -3
-10 7 -1
-2 2 -7
12 3 0
-6 -7 4
-2 -7 -13
-11 6 -18
-12 -8 -11
-9 -7 -10
7 -5 -10
4 0 -7
1 0 4
6 3 -1
11 1 2
-17 2 10
-14 -16 1
0 4 9
10 0 0
24 1 0
7 18 23
26 21 34
26 34 28
14 21 37
22 19 33
17 18 32
15 33 18
18 22 19
21 10 34
29 20 20
14 9 15
18 6 28
25 -3 18
3 18 18
27 18 23
22 6 36
14 21 23
25 26 38
31 32 26
34 25 41
28 21 33
33 25 23
28 34 45
34 29 30
32 19 26
19 12 47
21 20 32
29 22 25
28 21 13
20 20 21
7 18 7
12 9 8
14 21 21
-2 2 -2
7 -16 12
11 -9 -7
2 -15 -17
-9 -1 7
-1 2 -5
-10 1 9
7 13 19
1 4 25
5 4 34
15 7 2
25 17 26
24 18 20
19 23 24
12 20 28
15 25 27
9 23 27
12 16 16
17 24 34
13 34 32
31 28 35
27 22 27
18 19 31
31 27 19
24 31 21
35 33 9
34 21 12
27 20 33
31 24 23
23 29 40
23 24 41
19 28 37
28 35 28
32 36 33
25 25 39
39 28 40
25 33 30
18 26 28
21 25 22
25 21 38
22 23 42
25 18 24
22 22 24
26 27 30
28 36 25
30 37 41
33 38 48
36 34 53
30 30 50
40 42 48
45 49 62
28 20 51
32 43 42
39 40 38
41 28 57
34 32 34
37 30 45
45 27 38
33 34 28
35 26 27
22 20 29
30 15 -31
20 5 -25
24 -25 -20
1 -36 -23
-10 -26 -15
-14 -20 -10
-6 -12 7
-11 25 55
-12 34 79
1 43 93
24 43 75
38 55 45
54 51 44
69 33 39
52 15 21
25 -1 13
34 7 -13
12 -3 -21
24 13 -14
34 5 -28
30 -1 -16
16 -6 -11
3 -2 -7
-9 -6 4
0 20 1
1 24 41
-8 29 56
-7 43 66
13 27 70
14 36 50
18 41 33
42 26 8
30 28 3
26 -4 11
-3 -15 1
-7 -12 -20
-27 -24 -45
-43 -24 -43
-25 -34 -44
-23 -38 -40
-10 -26 -50
-13 -19 -38
-16 -7 -6
-23 7 -1
-9 15 7
-9 -4 22
-3 -7 31
-18 -18 35
-10 -15 34
-14 -17 16
-10 -6 -5
7 -13 -6
-7 -5 -8
1 -10 13
-2 3 -7
10 -6 -7
8 -11 -23
17 -18 -25
24 -6 -22
10 15 -9
18 20 -5
18 31 -8
14 28 14
21 24 25
18 6 48
12 4 16
11 12 15
-3 -4 17
5 9 27
-8 7 17
13 28 34
14 15 36
20 9 23
33 25 10
12 13 -13
15 -3 -17
20 -1 0
26 -2 9
23 22 18
8 30 18
4 38 3
7 18 13
7 9 9
11 -11 8
4 -18 -14
4 -13 -2
-16 -1 -2
-28 -4 21
-10 -15 34
-25 -9 39
-3 -17 52
-9 -17 34
7 -6 13
14 -6 -15
7 3 -12
-1 1 -16
-8 3 4
24 2 -9
21 29 -4
21 30 -15
25 24 13
37 9 15
36 14 26
22 5 42
24 3 63
25 7 62
-7 14 63
18 19 62
20 19 53
19 -5 30
24 -2 4
13 -6 -8
11 0 -17
7 -9 -11
7 -17 -17
2 -9 -30
4 2 -25
20 9 -5
24 -1 14
19 -8 22
21 18 21
25 16 41
30 38 68
19 31 93
14 34 71
-4 37 64
5 33 58
12 21 37
12 -2 17
3 -16 -10
9 -30 -26
-6 -29 -43
-14 -34 -51
-10 -22 -19
-19 -22 -39
-11 -30 -30
-13 -31 -14
-27 -32 -27
-24 -26 -12
-19 -12 -8
-4 2 18
15 4 22
16 15 36
5 30 47
-2 20 28
-1 -1 29
-5 4 18
18 -7 7
15 -8 7
22 -3 20
6 11 -2
30 7 -5
2 -6 -17
-1 -12 -36
-3 -34 -23
-9 -36 -17
-23 -32 1
-22 -4 10
0 10 20
14 30 39
19 34 47
31 37 55
9 23 41
-15 20 49
-1 21 42
-1 18 31
13 20 34
26 25 15
28 21 -14
21 13 -19
12 -1 -30
5 -24 -40
-29 -52 -54
-19 -57 -69
-29 -65 -71
-23 -48 -62
-15 -26 -28
-18 -15 -14
-12 0 14
5 3 34
2 1 45
13 27 62
13 18 69
7 14 41
17 29 42
19 34 22
13 14 7
8 6 8
14 -2 2
-11 -10 -29
-10 -20 -21
-9 -31 -46
-4 -27 -39
-5 -35 -47
10 -26 -25
8 -5 2
17 9 24
21 27 30
28 31 55
18 33 66
18 25 55
22 14 53
10 9 37
-3 -1 11
-13 -6 3
-30 -7 -27
-24 -49 -46
-26 -50 -62
-28 -55 -58
-6 -48 -50
1 -39 -37
-8 -31 -35
-4 -19 -6
-3 -24 -2
4 2 24
26 14 33
23 30 32
28 33 38
25 42 48
-1 22 26
-11 2 18
-13 -10 -6
-17 -19 -24
-30 -26 -48
-21 -37 -49
-24 -55 -44
-44 -62 -56
-23 -50 -22
-17 -27 -29
-7 -18 -28
-10 -18 -27
-5 -25 -27
-7 -12 -30
3 -26 -11
-14 -8 -10
1 6 -2
11 13 11
-9 4 19
-11 -12 24
-14 -23 10
-3 -20 -5
-13 -26 -15
-24 -43 -30
-31 -35 -26
-29 -43 -22
-33 -46 -2
-20 -42 -3
-5 -14 -15
1 7 -29
2 13 -29
12 15 14
7 6 17
17 1 25
21 6 22
25 12 18
11 16 18
8 17 29
8 9 28
15 20 37
5 18 32
11 20 21
26 15 48
28 21 45
18 27 44
16 22 31
27 25 20
22 15 31
8 19 15
13 10 16
5 4 3
4 3 0
-5 4 -7
4 3 -11
-6 -9 -6
-2 -3 -8
-6 -6 16
-16 1 6
-8 -8 10
-5 -4 8
-4 4 27
7 5 1
7 7 18
18 14 28
20 0 16
16 22 24
27 23 9
13 23 15
23 19 23
25 23 14
17 0 17
1 7 6
-1 6 5
-3 1 7
-3 -6 -5
12 1 14
18 2 -12
-4 -7 -8
10 -9 6
4 -7 -16
2 1 -4
8 1 7
15 -7 13
21 11 8
18 -5 19
13 12 13
16 1 -2
13 2 18
9 6 -2
17 12 -2
-1 0 3
4 -6 9
10 6 -4
6 -2 -3
2 -2 -5
6 1 23
7 -1 17
-8 1 14
-6 -5 -2
7 -11 7
9 -2 -9
-2 -10 -14
-9 -14 -8
-16 -16 -19
-4 -21 -16
-2 -14 -23
-23 -16 -15
-13 -20 -18
-19 -20 -19
-35 -35 -17
-26 -32 -9
-34 -28 -22
-32 -29 -34
-23 -27 -32
-17 -21 -17
-12 -9 -14
-29 -12 -7
2 -23 -10
-7 -16 -2
-6 -22 -6
2 -14 -7
-9 -11 -5
-6 -13 7
-7 -10 -3
10 -10 -5
-8 -24 -8
0 -17 2
-14 -17 -12
-4 -24 0
-15 -8 -22
-14 -13 -10
-14 -4 -2
-7 -4 -7
5 -1 -7
-6 0 7
-5 -14 5
-2 -14 1
-10 3 -6
-2 -6 4
2 -7 -3
-16 4 -4
-3 2 5
-3 2 0
5 -7 -8
-5 -10 12
7 -8 -6
-9 7 -13
-7 0 -12
-12 -6 -7
-18 -4 0
-16 -11 -7
-10 -2 -11
-11 -5 -22
-2 0 2
-3 -3 4
-3 -4 -4
11 -9 -10
-3 -7 -22
0 -26 -32
-10 -33 -26
-2 -21 -26
-4 -25 -19
-20 -23 -11
-12 -23 -13
-14 -13 -20
-4 -25 -2
-22 -26 -15
-17 -17 -2
-17 -7 -11
-10 7 -1
-17 12 -1
-1 -2 6
7 6 13
13 20 -2
2 7 -4
10 19 2
6 8 1
6 10 26
9 -2 13
2 13 15
17 12 2
10 -8 20
-2 0 26
7 -2 16
8 10 4
-1 12 13
6 20 9
20 18 24
15 22 29
24 19 20
16 17 18
22 16 30
22 26 23
14 22 22
12 32 8
20 27 9
22 22 29
29 26 13
8 28 21
30 28 23
19 26 21
20 20 31
30 33 35
24 35 29
20 29 40
16 34 33
28 26 22
12 20 22
0 26 12
17 21 11
9 20 4
6 7 2
5 10 -12
16 11 -6
-2 11 7
9 -6 -2
-7 -8 -7
-1 -2 -7
2 -5 -1
-4 -7 4
5 -1 0
-2 -2 6
5 6 9
-1 18 10
2 12 1
9 10 17
9 16 12
11 9 19
4 12 22
16 7 21
2 2 9
12 1 4
9 -5 0
8 -4 -1
17 -2 2
13 -7 -8
13 -9 -3
-2 -8 -12
13 2 2
28 11 -11
20 15 1
34 13 7
14 14 26
14 2 16
9 15 20
9 15 14
15 17 13
22 13 22
18 3 20
7 13 19
11 17 13
9 3 0
15 -7 0
-1 -5 5
15 -5 4
-7 3 2
3 -4 5
-13 -20 11
-12 -10 0
-14 -6 -7
-15 -14 7
0 -12 -9
3 -17 2
-4 -4 -3
-5 -17 -11
-11 -15 -34
-12 -17 2
-12 -29 -30
-11 -31 -34
-14 -25 -31
-17 -18 -36
-6 -17 -18
-13 -11 -18
-23 -11 -13
-7 -18 -6
-15 -9 -12
1 -2 -8
2 -6 5
-3 -2 2
9 7 5
-9 2 11
-18 -20 -15
-11 -18 -14
-4 -13 -15
-2 -6 -10
4 4 0
17 12 11
30 23 21
49 26 24
52 33 31
60 44 37
60 52 47
62 60 54
66 65 54
72 65 54
73 66 52
65 62 44
57 55 41
52 51 37
44 41 31
38 37 25
34 27 15
25 18 8
19 13 7
18 8 9
22 9 16
17 13 6
22 7 6
23 8 12
22 9 14
23 13 19
25 18 20
25 24 21
35 27 26
42 30 28
50 39 34
55 45 35
54 44 42
57 53 42
56 56 44
47 54 42
47 48 41
41 47 38
31 45 31
25 31 23
17 24 20
9 12 8
-2 1 2
-12 -8 -5
-11 -12 -9
-15 -17 -14
-20 -24 -20
-21 -24 -22
-19 -30 -24
-22 -31 -26
-24 -28 -24
-26 -29 -26
-26 -27 -25
-24 -27 -25
-25 -24 -29
-31 -27 -32
-38 -33 -40
-50 -36 -45
-58 -44 -52
-65 -50 -63
-76 -61 -81
-87 -77 -93
-98 -89 -108
-116 -106 -123
-136 -124 -138
-143 -142 -143
-132 -151 -129
-111 -143 -112
-69 -119 -70
-6 -78 -18
29 -25 -3
41 9 13
73 37 59
94 70 89
106 102 104
121 116 112
112 117 92
90 114 70
73 101 64
56 82 56
38 62 38
25 43 22
17 25 9
10 13 -2
-3 6 -15
-22 -5 -15
-16 -19 -11
-7 -12 -4
-5 -5 3
16 2 12
30 18 21
33 25 27
38 34 36
48 47 42
61 54 48
76 59 54
86 60 52
76 62 44
62 62 37
42 49 25
28 35 22
18 25 15
9 10 5
5 -2 -4
-7 -10 -4
-23 -12 -5
-34 -16 -4
-39 -19 -7
-31 -20 -12
-20 -19 -8
-7 -17 -7
2 -4 -7
5 -2 0
13 6 10
19 18 14
35 23 22
48 28 30
55 34 34
57 42 37
53 48 46
47 53 47
47 55 53
53 57 53
56 56 47
53 50 39
43 44 33
29 38 32
23 31 28
23 23 30
26 22 26
31 18 20
28 20 16
16 13 9
12 7 9
6 4 6
1 -2 6
9 -2 8
9 -4 3
6 -2 1
12 2 5
12 7 10
18 9 14
27 14 22
35 21 24
39 28 23
41 34 25
32 35 33
31 35 34
28 35 30
22 31 26
18 25 21
7 18 9
-6 8 3
-17 -3 -7
-24 -16 -12
-28 -27 -17
-38 -32 -24
-32 -44 -31
-38 -45 -39
-44 -52 -42
-50 -53 -39
-55 -56 -44
-51 -57 -47
-46 -55 -48
-49 -53 -50
-50 -55 -50
-53 -49 -50
-57 -51 -51
-61 -54 -54
-69 -56 -62
-69 -63 -70
-70 -67 -72
-85 -68 -85
-102 -80 -105
-115 -98 -113
-128 -110 -124
-140 -123 -133
-143 -138 -142
-129 -144 -126
-97 -133 -100
-58 -109 -66
-11 -73 -19
28 -25 2
38 9 4
55 26 42
81 53 78
87 85 89
94 98 88
94 96 71
76 89 50
53 81 43
36 59 33
18 39 15
4 19 -5
-4 1 -16
-7 -12 -19
-10 -15 -29
-30 -23 -33
-31 -30 -29
-22 -32 -22
-12 -16 -9
9 -3 6
27 12 16
37 25 21
41 32 30
50 44 39
58 57 45
66 58 45
82 58 49
86 59 45
69 60 33
49 50 28
30 37 17
14 21 10
11 6 7
4 -2 2
1 -4 -2
-7 -4 -9
-19 -11 -9
-29 -10 -9
-23 -14 -8
-12 -12 -2
4 -6 6
21 4 7
25 17 11
34 25 15
37 33 22
45 37 30
57 36 37
66 46 42
68 54 50
70 61 55
65 58 54
59 62 51
57 60 53
65 58 52
62 53 47
54 48 42
49 44 41
40 41 33
30 38 26
32 29 29
34 23 22
32 19 12
29 11 16
18 10 9
-13 -13 -9
-18 -14 -20
-17 -18 -18
-10 -18 -18
-14 -17 -20
-8 -16 -20
-7 -14 -18
-11 -12 -22
-7 -10 -17
-2 -11 -14
9 -7 -17
13 5 -10
21 13 3
25 16 10
25 19 10
23 20 17
30 20 24
34 20 25
39 25 30
48 26 37
46 33 34
35 36 35
36 36 41
32 30 36
23 21 28
21 16 24
17 13 17
10 8 10
9 6 8
4 6 -3
-7 0 -9
-8 -4 -4
-7 -10 -4
-9 -11 -15
-12 -17 -10
-9 -14 -14
-14 -15 -23
-12 -12 -19
-9 -8 -24
-13 -9 -22
-14 -12 -21
-11 -11 -23
-12 -15 -29
-13 -16 -30
-13 -14 -39
-14 -18 -40
-16 -19 -42
-17 -19 -46
-20 -23 -50
-29 -28 -51
-37 -38 -59
-43 -44 -71
-40 -46 -62
-21 -41 -32
-4 -25 -13
7 -10 0
30 4 25
36 22 39
33 36 49
43 39 66
44 44 63
42 45 53
49 44 55
47 39 52
46 41 41
37 39 26
20 25 6
16 13 -6
8 2 -14
-2 -7 -18
6 -7 -10
3 -7 -9
0 -4 -2
11 2 12
14 10 19
11 18 19
19 13 21
23 8 21
23 15 22
25 17 21
28 19 23
28 17 16
27 15 9
32 9 13
21 11 6
15 9 2
17 1 2
-1 -2 -2
-2 -1 2
-11 1 3
-12 -2 -9
-12 -9 -10
-15 -8 -6
-8 -11 -10
-19 -9 -8
-6 -7 -6
-11 -6 -10
-2 -4 -6
7 -2 -7
6 1 -9
13 -2 -9
15 -4 -10
17 1 -8
13 5 -6
13 11 8
13 16 9
13 18 17
15 17 21
10 13 21
14 9 20
8 6 14
0 5 12
3 5 11
0 5 9
-6 2 8
3 -2 10
1 -1 8
5 -3 10
8 -2 14
9 2 7
6 2 8
4 7 12
8 6 9
9 7 8
8 7 6
9 4 3
10 1 -2
6 -1 0
4 -3 -4
4 -3 -6
-2 -2 -7
8 3 -7
15 5 -3
15 8 3
21 9 15
23 12 17
22 18 17
30 20 22
40 27 29
42 31 28
46 34 40
51 36 50
38 38 47
34 34 44
27 26 37
8 18 18
7 10 7
6 3 7
-1 1 -8
-4 -1 -9
-1 -5 -7
-13 -6 -16
-21 -12 -16
-16 -15 -19
-16 -19 -26
-15 -20 -26
-7 -14 -21
-4 -12 -19
-6 -10 -14
-7 -9 -12
-14 -12 -16
-19 -17 -25
-29 -22 -39
-36 -31 -56
-39 -35 -62
-42 -36 -70
-48 -37 -76
-49 -43 -73
-42 -44 -58
-19 -37 -20
7 -18 5
26 4 16
49 16 36
53 36 49
46 45 63
47 48 81
39 47 68
29 40 53
34 33 47
33 26 36
29 24 22
22 19 5
2 8 -17
1 0 -19
-7 -1 -20
-14 -6 -16
5 -11 -2
10 -7 0
11 2 7
25 10 21
29 22 29
25 27 35
30 26 40
32 25 44
27 28 41
29 28 42
35 22 41
36 20 27
36 22 23
30 20 20
25 19 12
21 13 6
6 7 -1
-4 0 -9
2 -11 -9
-8 -10 -11
-17 -10 -19
-5 -14 -4
-16 -10 -15
-19 -12 -23
-10 -14 -5
-16 -10 -16
-11 -15 -20
-5 -12 1
2 -3 -2
4 -4 2
16 6 14
12 7 6
11 10 10
23 15 18
13 16 14
18 15 22
23 19 24
12 18 13
13 16 16
14 17 22
5 13 10
4 5 8
-1 5 7
-3 1 4
-8 -2 4
-6 -3 6
-1 -4 4
1 -3 8
2 -3 5
5 -2 10
6 0 10
8 0 17
11 6 15
7 10 15
6 9 15
6 7 17
1 6 9
-3 0 3
-2 -3 2
0 -2 -4
2 -1 -3
7 2 0
16 6 4
21 11 10
-22 -12 -7
-28 -20 -13
-40 -23 -23
-26 -24 -20
-39 -29 -26
-32 -32 -28
-23 -36 -31
-39 -37 -35
-42 -37 -32
-34 -38 -42
-30 -38 -45
-29 -35 -45
-23 -29 -37
-19 -25 -37
-3 -25 -30
-3 -12 -29
2 -5 -18
13 0 -8
20 9 -7
27 13 1
27 20 17
24 23 8
29 17 9
33 20 12
30 22 9
22 20 15
18 14 12
17 8 3
7 8 -2
-6 3 -3
0 -3 -8
-6 -9 -14
-15 -13 -17
-18 -16 -14
-19 -19 -17
-24 -22 -24
-23 -21 -19
-18 -18 -6
4 -14 9
28 2 21
45 18 34
63 34 54
69 54 64
64 56 70
74 63 74
63 69 68
52 58 58
56 52 52
53 45 46
49 41 44
41 39 35
35 36 34
31 33 28
24 29 25
15 22 29
18 14 30
20 17 27
13 18 31
22 20 37
20 22 37
23 21 34
23 21 38
17 21 30
16 18 29
10 18 27
8 7 24
9 5 24
2 5 12
-8 1 2
-13 -7 10
-19 -13 -2
-40 -20 -19
-46 -27 -19
-56 -36 -29
-60 -47 -41
-69 -50 -48
-71 -57 -47
-81 -62 -59
-87 -68 -62
-84 -76 -63
-97 -76 -73
-102 -80 -75
-107 -83 -78
-112 -94 -87
-96 -97 -89
-63 -87 -91
-75 -72 -91
-63 -58 -77
-30 -60 -62
-8 -48 -64
-16 -18 -50
9 0 -21
37 3 -8
55 11 -9
64 31 20
78 54 38
82 65 45
105 65 60
116 75 73
109 84 77
94 94 92
84 88 92
78 68 83
60 66 86
44 62 75
30 49 61
19 27 50
9 14 41
-3 7 26
-26 1 21
-36 -12 4
-29 -29 -7
-38 -29 -19
-52 -33 -28
-45 -38 -23
-41 -41 -38
-35 -38 -49
-27 -33 -40
-20 -28 -46
-10 -26 -38
23 -19 -44
17 2 -34
8 10 -33
27 2 -5
50 -1 -12
62 23 -10
54 33 4
48 37 18
52 26 19
44 21 21
31 31 29
20 35 24
18 21 27
11 10 16
10 5 10
-6 8 13
-19 6 5
-24 -10 -3
-26 -19 -13
-33 -19 -17
-43 -20 -20
-39 -24 -28
-33 -30 -36
-30 -31 -38
-39 -27 -36
-42 -25 -39
-37 -32 -44
-30 -37 -49
-37 -34 -55
-43 -25 -50
-38 -34 -44
-39 -41 -52
-45 -42 -54
-49 -43 -54
-43 -43 -56
-44 -48 -47
-30 -47 -38
-22 -39 -22
-20 -26 -11
-12 -19 -1
-12 -13 -6
-19 -13 -4
-31 -9 -4
-42 -20 -18
-53 -33 -24
-54 -39 -35
-68 -44 -41
-87 -52 -48
-93 -60 -58
-103 -72 -68
-121 -86 -79
-125 -94 -91
-95 -103 -102
-66 -94 -104
-14 -72 -95
17 -29 -67
-34 18 -35
-22 12 9
94 -17 17
115 19 -22
95 83 2
145 113 72
140 102 82
124 85 89
145 97 120
150 122 90
121 126 78
121 112 119
113 86 115
64 65 103
13 64 85
-4 38 46
2 -1 10
-31 -12 -5
-66 -20 -12
-74 -44 -8
-99 -73 -44
-96 -88 -79
-61 -83 -82
-79 -62 -90
-97 -59 -81
-62 -78 -58
-38 -76 -64
-48 -50 -78
-11 -18 -52
22 -5 -35
33 -3 -26
50 15 7
54 31 22
46 40 7
60 48 17
92 50 40
89 56 42
67 63 57
62 61 62
62 49 46
49 41 34
28 48 38
21 40 35
23 21 36
10 13 28
11 16 31
18 12 33
25 16 16
28 22 22
37 23 41
30 26 43
38 30 37
57 36 45
63 44 45
68 60 44
72 67 58
73 63 57
75 52 43
80 51 47
65 55 47
49 47 46
42 41 48
38 24 36
23 19 24
13 15 10
3 1 5
-6 -8 -6
-18 -20 -11
-34 -30 -17
-46 -34 -31
-49 -45 -53
-46 -50 -55
-52 -51 -57
-52 -49 -54
-98 -100 -139
-98 -110 -147
-86 -111 -138
-66 -105 -126
-41 -90 -110
-25 -65 -91
-20 -44 -55
-3 -31 -21
23 -24 -1
36 -1 10
50 26 35
79 48 60
94 64 82
92 84 109
104 102 134
104 109 129
90 109 114
86 104 119
93 99 123
89 95 112
67 102 107
49 97 100
39 72 85
22 54 66
12 41 49
10 26 31
3 13 8
-7 3 -1
-18 -8 -2
-26 -13 -14
-28 -22 -38
-29 -33 -42
-30 -45 -43
-20 -50 -58
-13 -48 -50
-15 -35 -46
-14 -29 -35
-13 -28 -27
-2 -30 -22
-1 -20 -12
8 -13 -7
17 -7 -3
20 0 13
22 9 21
31 26 34
33 32 41
38 38 43
40 43 42
40 41 46
46 41 49
42 44 49
35 52 40
36 48 42
32 44 40
36 35 43
36 32 46
30 31 45
25 31 34
26 27 38
25 26 41
25 23 37
19 18 35
16 13 30
6 9 27
8 4 23
6 1 21
1 1 12
-4 -2 8
-4 -12 -1
-3 -13 -7
-12 -14 -10
-12 -13 -11
-13 -20 -19
-12 -19 -11
-10 -17 -9
-8 -14 -18
-11 -17 -25
-13 -16 -29
-11 -15 -23
-7 -16 -19
-2 -13 -11
-1 -5 -14
-6 -7 -12
2 -7 -11
4 0 -7
7 -2 -4
3 -2 -6
2 -2 -6
-2 -5 -4
-5 -1 -1
-8 -6 -1
-10 -9 -14
-15 -13 -15
-23 -18 -21
-30 -26 -28
-38 -37 -37
-51 -45 -53
-59 -55 -62
-68 -70 -79
-77 -78 -91
-78 -85 -113
-77 -95 -121
-83 -100 -127
-97 -103 -139
-101 -106 -145
-95 -110 -148
-87 -109 -157
-80 -102 -154
-70 -101 -154
-63 -93 -152
-62 -84 -150
-62 -83 -138
-57 -77 -142
-63 -72 -146
-61 -76 -142
-52 -76 -126
-25 -73 -99
-15 -50 -73
-13 -29 -50
2 -21 -27
12 -13 -5
18 3 22
26 15 44
39 23 58
44 32 77
46 48 90
59 56 103
56 61 110
53 68 104
48 69 97
47 60 87
45 55 79
38 60 77
30 54 64
25 49 46
16 42 33
8 32 14
-1 17 2
-2 8 -8
-3 1 -21
-8 -5 -37
-8 -11 -44
-8 -10 -46
-14 -12 -46
-15 -19 -56
-11 -26 -53
2 -24 -48
9 -22 -44
14 -13 -34
19 -9 -17
25 -2 -5
24 8 11
29 11 28
43 19 45
46 32 61
53 41 67
58 45 82
64 56 83
55 66 84
54 68 91
51 62 90
42 60 87
41 64 78
39 52 69
34 45 53
24 46 43
21 41 32
17 29 25
17 27 19
15 28 18
22 24 21
24 19 16
25 19 8
22 20 11
29 19 14
29 20 15
30 23 21
37 24 24
41 26 32
40 28 33
40 29 45
37 28 41
32 24 41
30 29 40
31 28 39
28 25 37
28 22 36
22 15 28
18 17 24
13 17 25
10 16 24
8 14 19
6 12 12
6 11 7
6 10 9
0 10 13
-4 8 13
-2 4 9
-3 5 1
-7 4 -5
-9 -2 -7
-11 -9 -10
-12 -16 -16
-15 -19 -22
-16 -17 -24
-21 -16 -23
-21 -20 -22
-16 -24 -26
-13 -27 -34
-9 -24 -35
-6 -23 -35
-7 -19 -30
-10 -21 -33
-9 -24 -33
-14 -25 -39
-15 -20 -43
-18 -26 -43
-14 -29 -50
-19 -31 -55
-22 -31 -57
-21 -27 -55
-26 -27 -55
-31 -28 -54
-33 -35 -61
-33 -38 -74
-40 -40 -77
-42 -43 -74
-43 -43 -72
-50 -47 -83
-60 -52 -95
-57 -59 -88
-48 -61 -72
-40 -53 -62
-32 -49 -58
-24 -47 -58
-21 -41 -45
-17 -26 -25
-7 -17 2
2 -12 9
10 -7 19
23 9 25
28 18 35
31 24 48
40 33 61
42 42 66
42 49 59
38 52 60
42 50 66
42 50 70
38 50 61
-88 -73 -62
-99 -80 -67
-107 -86 -77
-115 -100 -87
-118 -108 -103
-107 -110 -108
-60 -105 -113
8 -81 -114
23 -28 -103
-18 24 -49
-34 17 8
10 -31 14
43 -32 -24
70 15 -30
117 67 8
137 95 42
114 111 88
95 115 131
85 111 124
81 99 89
74 93 84
84 78 101
95 66 109
74 76 98
29 81 84
-16 69 75
-35 33 64
-35 -15 37
-24 -41 5
-30 -34 -13
-36 -21 -14
-41 -24 -15
-55 -31 -20
-55 -41 -27
-31 -43 -31
-17 -40 -40
-15 -27 -43
1 -18 -24
24 -9 -11
36 2 -2
39 30 6
46 45 11
56 41 21
64 36 28
70 39 41
75 55 41
76 67 44
73 65 48
66 56 56
53 50 60
54 45 62
49 46 57
38 44 51
38 41 63
50 36 68
53 39 64
47 49 60
22 52 65
19 44 71
32 31 63
46 36 62
55 50 61
61 64 62
62 63 65
46 54 64
45 53 74
44 50 62
48 53 56
51 40 52
50 43 50
55 33 48
49 31 36
29 33 30
18 21 27
19 9 19
18 -1 10
24 0 4
23 5 1
20 -1 -4
16 -2 -1
7 -3 6
8 -3 6
15 0 8
22 4 12
14 7 14
22 14 26
27 16 31
30 26 33
26 34 39
19 37 43
20 32 44
17 26 39
17 24 39
21 25 36
16 22 33
7 14 27
-4 5 22
-17 -2 22
-19 -3 9
-21 -15 -2
-25 -22 -10
-34 -30 -17
-32 -39 -25
-40 -43 -29
-48 -44 -35
-55 -46 -39
-60 -54 -49
-64 -62 -58
-61 -66 -56
-60 -68 -56
-60 -65 -61
-64 -64 -65
-67 -61 -66
-73 -62 -62
-83 -61 -54
-86 -66 -58
-92 -79 -59
-98 -89 -68
-111 -95 -79
-123 -100 -92
-126 -107 -98
-89 -114 -106
-17 -106 -115
22 -60 -115
-1 4 -79
-34 23 -12
-12 -14 27
24 -44 -5
47 -13 -38
101 43 -16
146 82 26
140 105 70
115 125 128
110 128 156
102 120 121
77 117 96
82 105 114
101 73 129
106 63 118
66 84 105
13 93 97
-20 63 85
-40 14 63
-46 -23 35
-39 -44 6
-34 -42 -17
-41 -35 -26
-59 -35 -24
-71 -44 -25
-54 -53 -30
-36 -51 -42
-40 -46 -57
-37 -39 -48
-3 -38 -29
17 -30 -28
20 -1 -22
32 28 -3
47 37 4
47 31 4
50 26 22
62 27 31
72 39 28
69 56 31
66 62 48
68 59 55
66 54 63
58 49 68
45 50 66
28 46 57
27 32 60
35 22 60
30 26 52
26 38 54
23 37 62
19 26 54
17 22 52
24 28 50
37 39 48
36 41 50
36 41 50
46 33 45
52 35 41
45 41 42
36 43 44
40 36 50
42 30 44
43 27 28
44 25 29
44 24 21
27 20 17
17 8 13
8 -1 12
5 -9 0
2 -7 -9
6 -13 -13
7 -17 -18
8 -19 -18
4 -13 -11
2 -7 -2
0 1 4
-2 -2 9
4 -2 5
12 -2 8
23 5 17
22 16 22
17 21 30
13 21 34
12 18 29
12 13 25
14 13 25
15 13 28
6 8 29
-5 -3 21
-15 -6 13
-24 -9 6
-28 -17 -6
-30 -24 -18
-34 -37 -27
-35 -48 -33
-40 -52 -42
-51 -54 -45
-60 -54 -53
-61 -57 -59
-61 -65 -65
-55 -68 -66
-52 -64 -58
-47 -60 -52
-50 -55 -50
-51 -47 -46
-58 -42 -42
-54 -43 -36
-49 -47 -39
-48 -49 -40
-59 -47 -41
-74 -51 -42
-90 -68 -50
-111 -81 -66
-121 -94 -80
-129 -108 -94
-119 -123 -110
-78 -126 -126
-23 -108 -130
13 -60 -114
-7 -6 -75
-37 12 -25
-19 -18 7
21 -42 -15
51 -14 -33
105 36 -11
150 77 27
81 13 -50
89 61 -7
100 82 47
103 90 75
101 95 78
109 95 82
123 102 85
121 106 86
117 106 102
98 110 112
56 106 108
3 78 98
-26 38 78
-38 -11 46
-40 -44 16
-46 -54 -18
-55 -51 -35
-62 -59 -42
-68 -61 -47
-70 -57 -55
-59 -56 -57
-46 -54 -58
-18 -51 -57
11 -35 -45
44 -10 -32
57 22 -20
57 47 2
59 59 23
55 57 38
44 50 44
41 45 39
33 36 32
24 27 22
10 15 13
-10 4 -2
-30 -7 -21
-58 -30 -39
-86 -58 -52
-98 -86 -67
-98 -106 -93
-100 -115 -108
-96 -111 -119
-89 -108 -117
-81 -101 -104
-50 -84 -78
-3 -60 -65
18 -16 -35
49 20 3
92 42 36
105 71 59
92 108 89
103 108 117
102 106 118
94 102 114
103 106 117
93 103 109
72 92 94
48 77 96
26 58 78
19 33 55
-1 14 45
-4 4 28
4 -7 23
6 -11 13
5 -2 2
-2 2 6
6 3 -1
16 2 -7
21 6 -4
30 14 15
45 27 21
52 39 31
52 50 41
62 47 47
57 51 51
45 54 44
36 48 53
37 41 52
22 33 46
8 28 47
-1 18 39
-10 1 22
-22 -12 9
-34 -20 -5
-37 -37 -13
-49 -45 -20
-55 -49 -30
-48 -51 -26
-47 -52 -28
-47 -49 -36
-47 -48 -36
-41 -44 -30
-43 -41 -34
-45 -38 -33
-43 -35 -22
-34 -32 -15
-29 -26 -18
-29 -25 -20
-22 -19 -15
-14 -19 -17
-15 -15 -18
-17 -16 -15
-19 -19 -7
-16 -19 -4
-18 -15 -9
-18 -20 -18
-3 -23 -24
22 -21 -19
64 -1 -20
83 33 -3
81 64 22
74 79 55
64 73 77
51 62 80
53 50 62
50 45 51
57 37 45
57 39 45
45 42 50
19 41 46
-7 35 40
-28 5 28
-37 -18 8
-26 -38 -7
-8 -41 -21
-1 -27 -27
-3 -14 -28
4 -2 -18
4 3 -11
4 9 -9
7 9 -8
13 6 -4
21 3 -2
27 4 1
29 14 5
18 17 0
6 16 5
-3 4 -2
-19 -13 -13
-26 -32 -22
-35 -43 -35
-39 -51 -44
-47 -58 -57
-47 -61 -66
-54 -63 -70
-59 -66 -78
-66 -67 -79
-68 -71 -82
-66 -74 -83
-62 -74 -82
-53 -66 -83
-53 -63 -82
-49 -56 -83
-49 -52 -80
-50 -52 -76
-57 -50 -76
-59 -56 -65
-48 -57 -47
-30 -48 -35
-23 -34 -26
-9 -26 -13
8 -12 -7
8 4 2
14 12 15
18 11 34
25 20 42
36 28 60
43 38 63
47 49 59
54 51 59
58 57 61
51 58 56
45 52 52
42 51 59
40 48 55
38 49 52
28 42 32
22 34 22
14 24 6
5 9 -10
-2 -4 -25
-14 -11 -35
-26 -26 -36
-36 -34 -42
-45 -49 -47
-52 -58 -60
-60 -68 -69
-63 -71 -73
-66 -71 -72
-67 -75 -64
-63 -70 -50
-59 -61 -42
-57 -50 -38
-58 -44 -36
-59 -43 -37
-61 -52 -37
-62 -51 -41
-62 -51 -43
-66 -51 -38
-65 -51 -42
-62 -52 -46
-48 -49 -57
-34 -45 -70
-23 -34 -70
-7 -23 -62
8 -17 -51
9 -7 -38
17 3 -24
24 11 -14
42 14 -15
58 30 -10
63 46 7
66 55 34
61 60 49
45 62 55
36 59 68
44 48 66
44 47 57
44 43 52
49 41 47
48 39 39
33 38 28
16 32 28
9 23 18
9 4 10
6 -7 2
3 -8 -12
9 -10 -17
12 -11 -19
9 -5 -24
5 -1 -15
9 0 -14
8 4 -11
4 -1 -5
6 3 -2
12 -6 -11
10 -6 -11
10 -1 -11
8 -1 -12
6 -1 -7
2 3 -1
4 4 -2
10 1 -8
5 -1 -14
7 -1 -12
11 -6 -11
16 0 -12
15 4 -10
18 9 -6
20 13 2
-5 -10 -13
-7 -12 -12
-10 -14 -22
-9 -11 -19
-6 -12 -15
-9 -10 -14
-1 -19 -21
-10 -17 -22
-8 -18 -21
-5 -13 -22
-4 -17 -19
-4 -11 -15
-4 -6 -22
-2 -10 -17
-1 -8 -17
-4 -8 -15
-5 -9 -7
-5 0 -10
-4 -5 -8
-4 -6 -3
-1 -8 -5
-2 -6 -9
-3 -4 -10
0 -3 -9
-5 -3 -13
-4 -9 -8
-6 -10 -16
-8 -12 -12
-7 -14 -13
-9 -15 -12
-6 -11 -15
-3 -6 -5
-2 -3 -12
-1 -9 -6
4 -11 -8
2 -9 -5
1 -3 -4
6 -3 -2
5 -7 -2
0 -4 3
2 0 4
9 -3 -1
3 -7 -1
7 -4 2
-2 -1 6
2 -2 7
4 4 -3
4 0 1
8 0 1
4 -2 -5
5 1 -7
1 -1 0
2 -2 -4
-1 -2 -8
-3 -8 0
-2 0 -2
2 -1 1
-2 7 -2
3 2 -3
5 3 -4
2 1 -4
5 -3 -1
5 5 6
4 2 2
5 7 3
3 6 2
3 3 3
2 1 4
1 3 5
4 4 0
7 2 -1
10 3 4
6 1 5
11 0 2
7 7 2
9 6 11
12 4 2
12 4 7
17 6 1
14 3 4
9 7 1
14 6 1
11 7 -1
4 8 0
7 2 -1
4 3 0
9 2 6
2 -1 -3
5 -4 0
6 -6 -2
2 -6 -9
2 0 -8
6 -5 -6
6 -4 -5
2 -10 -7
7 -1 -7
4 -4 -8
1 -5 -8
1 -2 -11
1 -4 -4
3 -2 -5
0 -7 -14
5 -3 -10
2 -2 0
-5 -3 -8
-1 -1 -1
-1 -2 -9
3 -1 -9
-3 0 -3
-4 -1 -7
4 -4 -9
2 -4 -9
-2 -6 -7
-2 -1 -6
-6 -8 -5
-5 -10 -19
-2 -12 -18
0 -11 -22
5 -13 -24
-2 -14 -19
1 -8 -14
-5 -14 -12
1 -13 -17
-2 -10 -17
-2 -12 -13
0 -10 -16
10 -11 -13
8 -2 -18
6 -1 -5
6 -5 -2
2 1 -3
4 0 -5
4 5 -7
4 -1 2
10 -2 -2
12 -1 1
6 -2 3
10 2 -1
5 -1 -1
6 2 4
2 0 2
6 0 -1
5 1 2
8 -1 -5
6 -11 -9
2 -4 -11
4 -8 -9
2 -7 -14
-1 -9 -8
0 -7 -12
-4 -6 -6
2 -14 -5
1 -9 -2
1 -4 -1
3 0 -1
2 -1 -1
3 4 6
6 3 7
8 1 6
1 3 11
10 8 12
8 8 10
4 7 4
2 11 -2
0 3 0
2 2 -2
-1 -2 -7
3 -2 -3
0 -4 -4
2 0 -6
-6 -4 -7
0 -6 -6
-2 -4 -3
4 -5 -1
6 2 2
6 4 9
9 10 10
5 6 4
15 6 12
11 7 11
8 13 7
8 10 13
17 14 15
14 10 13
14 11 18
9 7 12
13 10 5
10 11 11
20 14 15
9 10 19
10 12 18
14 13 15
15 14 17
15 14 20
19 9 21
14 17 16
18 14 14
17 12 22
18 15 16
25 22 24
22 19 29
30 23 29
27 22 24
20 18 26
25 18 30
27 18 29
29 20 28
25 24 26
23 27 26
34 26 27
28 29 28
32 26 36
33 24 30
28 29 34
32 24 34
30 33 32
36 28 36
35 25 36
35 33 35
38 30 38
35 37 38
38 39 48
39 39 44
40 42 46
37 44 45
37 37 38
36 37 42
37 29 38
32 28 35
34 25 37
24 30 36
33 30 40
34 37 39
37 34 39
33 28 48
41 32 40
38 36 36
40 37 45
37 36 43
38 40 45
36 34 42
32 33 43
35 32 39
33 31 30
33 25 38
28 30 35
31 31 34
27 31 32
32 31 39
30 26 33
32 40 58
33 42 35
26 45 28
19 35 35
32 30 22
16 23 15
22 26 6
40 14 8
43 22 18
38 8 34
37 29 45
-4 29 43
-13 15 52
13 27 43
26 36 34
46 49 54
63 43 50
72 46 53
76 56 66
51 64 61
33 68 64
33 42 52
41 38 46
41 24 25
44 26 46
14 36 35
18 39 55
6 30 49
17 24 34
38 23 32
54 20 41
41 21 30
36 30 34
26 40 58
15 43 71
19 45 94
34 59 85
43 54 79
47 39 79
36 42 58
16 30 41
18 28 45
29 20 33
34 22 22
14 15 18
-4 6 30
-14 -3 28
-1 -2 -4
-9 -3 -22
9 -3 -20
26 -7 -4
25 13 23
33 26 59
26 40 80
32 61 85
30 56 93
51 38 94
51 42 50
47 33 55
37 39 50
6 38 49
4 17 26
4 16 4
12 4 -6
12 -19 -12
7 -15 3
17 -21 -17
-33 -10 -6
-49 -19 -25
-39 -39 -7
-30 -25 11
-2 -2 28
14 8 34
31 18 44
1 15 51
-5 16 46
-8 12 34
-8 -9 3
-13 -16 -2
-2 -14 -14
-1 -16 -5
13 -1 -5
32 14 6
18 15 10
41 18 40
19 17 31
20 17 23
0 -7 11
5 -33 2
-2 -41 -6
-21 -30 -10
-6 -17 4
4 -4 14
8 8 14
-13 12 12
-26 9 21
-24 -11 -2
-21 -29 0
-20 -25 7
-4 -20 15
-6 -20 4
8 -8 -5
-9 -10 -3
-14 -12 13
-9 -5 -8
-9 -2 -15
-8 -7 -11
3 -15 -8
-22 -30 -9
-14 -39 -4
-38 -34 -17
-44 -21 -17
-28 -17 4
-26 -3 -4
-5 -2 9
15 6 2
16 15 -2
2 7 15
4 2 33
18 1 21
-3 -16 2
-9 -4 -6
-16 -10 -4
-2 -7 2
-17 -16 1
-15 -10 0
-12 -2 9
-10 -8 8
-7 -3 12
-12 -8 6
-11 -10 -3
1 -12 -7
9 0 -11
-4 2 13
-7 -15 5
-9 2 19
-17 7 0
-20 -10 7
-6 -20 -7
-5 -20 -12
-15 -20 -17
-6 -20 6
-4 -7 13
-11 -7 12
-23 16 15
-11 17 27
10 12 10
20 10 9
8 -8 -12
-4 -19 -24
-10 -28 -33
-18 -28 -26
-24 -27 -9
-10 -28 -8
-12 -26 -17
6 -16 -13
-4 -5 1
17 17 14
22 14 16
25 16 40
18 13 34
24 13 21
13 14 4
5 16 19
8 14 28
23 11 24
35 16 14
33 10 13
27 -8 4
5 -11 -13
-13 -15 -7
-27 -21 -3
-47 -33 -3
-31 -31 -10
-15 -20 -31
3 -13 -37
18 -6 -26
14 4 -11
12 2 -4
-1 -1 -1
-10 2 3
-12 -2 -2
-1 -27 1
-8 -25 -11
-14 -2 -14
-6 4 7
4 25 12
16 18 27
23 20 41
30 8 29
25 7 28
12 15 29
15 19 34
12 5 24
4 4 22
21 4 7
20 15 19
22 13 21
33 10 33
36 26 23
28 20 31
17 15 33
22 5 47
2 10 25
-3 16 10
7 20 13
17 33 20
18 14 3
29 5 7
30 -3 4
30 -7 -5
6 -10 0
-9 -19 14
-26 -17 3
-23 -18 13
-20 -11 36
-12 9 41
-1 21 34
36 32 42
27 41 39
47 37 44
50 32 29
30 17 15
20 4 24
12 6 25
-3 0 11
-11 0 -7
-14 -4 -14
4 -1 -26
21 -10 -4
11 -6 3
-4 -18 6
13 -11 3
-14 -3 3
-14 -2 10
2 8 16
7 13 20
5 7 18
18 5 10
20 8 10
18 7 4
16 13 33
9 4 25
2 16 28
4 5 18
3 -1 12
-3 9 8
-1 19 -10
2 11 1
22 -4 -12
-22 -15 -24
-15 -17 -24
-15 -13 -26
-9 -8 -27
-16 -12 -21
-22 -9 -18
-23 -20 -23
-19 -28 -35
-12 -32 -55
22 -42 -66
39 -26 -72
31 -10 -57
38 6 -30
26 9 -12
2 1 -1
0 -3 15
18 2 7
13 1 13
25 7 13
26 17 19
25 23 32
38 31 39
35 33 34
25 38 46
37 37 59
24 31 48
21 25 51
17 21 44
11 18 14
12 10 9
15 9 -4
16 0 -12
13 5 -18
5 -2 -18
-9 -13 -25
-19 -16 -31
-28 -31 -49
-41 -48 -52
-39 -50 -60
-47 -59 -85
-57 -68 -71
-69 -69 -67
-78 -67 -73
-83 -68 -70
-87 -74 -80
-90 -71 -82
-89 -71 -70
-79 -68 -69
-72 -68 -75
-56 -56 -80
-51 -55 -67
-59 -45 -56
-56 -46 -49
-58 -37 -51
-50 -37 -47
-41 -41 -55
-48 -47 -56
-51 -56 -63
-58 -60 -68
-62 -70 -84
-82 -85 -84
-96 -88 -92
-110 -91 -98
-126 -93 -90
-138 -99 -94
-150 -106 -93
-143 -115 -110
-128 -118 -119
-92 -114 -116
-27 -84 -131
5 -42 -95
-4 7 -40
5 24 13
18 13 24
31 12 22
58 27 6
86 47 20
123 52 27
152 65 33
169 89 36
161 117 56
155 129 77
146 125 98
126 107 98
107 96 114
90 78 105
64 62 83
47 50 60
30 33 46
25 16 35
25 7 29
15 5 21
-2 11 26
-3 9 25
-6 10 19
-1 1 4
-3 4 2
5 8 -2
3 4 8
-10 0 -7
-3 0 -12
-13 -4 -2
-8 5 -14
3 9 -18
22 9 -20
31 11 -21
40 8 -19
36 4 -22
22 3 -30
14 -1 -30
8 -4 -14
-6 -18 -4
-9 -19 -10
-12 -18 -16
-7 -19 -7
0 -7 -2
11 5 3
23 14 17
38 26 41
39 43 67
57 54 82
70 59 82
78 81 85
77 93 98
59 88 103
78 82 107
88 80 99
92 90 89
98 94 82
94 86 78
106 79 71
109 89 80
90 82 72
75 77 67
64 65 60
56 54 48
47 41 49
36 25 35
26 13 21
15 7 28
15 9 32
7 4 27
8 10 23
3 17 26
7 18 33
8 16 33
8 16 27
9 16 25
13 12 21
9 14 16
10 14 18
13 13 5
15 13 13
14 16 8
12 14 5
15 8 -10
21 -4 -4
7 -6 -7
-2 -10 -3
-6 -9 -7
-15 -15 -20
-30 -19 -17
-31 -23 -10
-36 -27 -5
-39 -24 1
-38 -24 8
-40 -18 5
-31 -12 10
-35 -10 10
-31 -1 7
-40 -2 18
-41 -1 12
-43 -10 -2
-62 -21 -16
-66 -36 -35
-75 -55 -50
-83 -67 -76
-113 -86 -97
-140 -106 -117
-154 -130 -151
-156 -155 -150
-150 -160 -157
-111 -159 -156
-35 -140 -157
-19 -85 -152
-56 -37 -108
-66 -34 -52
-43 -68 -45
-33 -75 -61
-26 -39 -62
-10 -9 -43
18 -18 -19
70 -11 -3
94 32 9
94 95 30
106 122 58
126 124 79
113 108 94
115 110 109
93 116 106
70 101 89
60 79 76
52 66 67
43 46 48
54 33 39
55 28 23
34 30 23
25 29 41
35 22 36
38 16 17
35 22 23
30 39 34
15 23 35
8 5 38
4 0 30
-8 7 26
-3 10 30
9 9 25
21 14 18
26 24 19
31 37 28
33 38 22
32 35 23
29 33 18
16 16 17
3 -1 10
-3 -16 -10
-12 -23 -19
-6 -25 -33
8 -24 -38
20 -21 -48
26 -10 -36
34 7 -20
28 13 -8
18 19 5
24 18 6
30 16 17
34 19 22
41 32 36
42 44 45
40 51 53
52 61 56
53 71 64
56 75 69
60 79 82
52 75 84
56 73 82
52 64 80
48 59 62
41 55 57
53 65 60
54 62 64
57 64 63
43 54 50
42 47 50
41 42 46
35 26 27
28 22 20
26 27 17
20 15 12
13 10 11
13 2 3
10 -8 -4
-1 -10 -2
-3 -7 0
-14 -15 1
-29 -20 -1
-25 -22 2
-26 -30 -1
-33 -34 -8
-39 -30 -7
-47 -35 -6
-57 -40 -6
-65 -46 -13
-64 -54 -24
-77 -58 -30
-100 -62 -36
-101 -88 -49
-100 -112 -68
-102 -112 -98
-78 -113 -105
-63 -97 -111
-9 -88 -111
47 -65 -88
7 4 -77
1 31 -29
89 -7 16
63 17 -13
24 61 -6
79 65 72
52 57 49
8 45 33
34 43 90
6 44 61
-2 21 30
31 25 59
-12 32 34
-40 16 30
1 -8 51
-14 -19 -12
0 -20 -25
36 14 2
25 31 -11
35 20 12
42 33 33
32 52 11
48 52 36
77 52 45
73 56 22
73 72 53
63 87 79
45 71 58
47 51 55
39 46 47
22 37 27
10 16 38
-10 -9 28
-27 -20 4
-38 -26 -1
-47 -35 -10
-32 -44 -36
-16 -45 -38
-21 -30 -29
-12 -17 -10
-1 -10 2
2 2 1
26 20 15
38 44 36
33 50 39
48 46 48
50 46 56
37 55 50
37 56 49
43 49 43
33 37 26
39 23 26
46 26 24
23 26 7
19 21 9
31 13 13
12 10 4
2 9 10
17 3 19
10 3 11
4 3 16
16 9 38
13 19 35
21 22 34
43 33 45
41 49 45
41 53 52
58 52 62
54 60 48
49 58 47
61 59 57
56 57 45
49 51 33
50 47 45
43 42 40
34 31 35
25 28 37
23 21 29
18 16 26
13 10 29
17 9 21
14 5 17
10 2 18
12 4 21
4 -3 17
-7 -7 10
-5 -4 7
-6 -6 5
-18 -12 9
-16 -14 12
-18 -12 9
-27 -17 1
-33 -14 -6
-32 -22 -16
-40 -30 -17
-44 -37 -23
-46 -46 -26
-60 -61 -34
-73 -61 -44
-67 -73 -44
-73 -85 -57
-98 -87 -67
-114 -105 -60
-122 -131 -65
-142 -151 -91
-134 -160 -107
-120 -152 -118
-117 -139 -130
-91 -125 -116
-15 -112 -99
21 -70 -90
-2 12 -67
22 47 -2
84 30 39
78 50 25
56 95 43
99 100 94
83 89 85
42 87 68
49 77 106
17 63 74
2 34 35
28 11 39
-1 13 14
-36 0 -2
-12 -23 20
-18 -38 -15
-18 -47 -43
18 -22 -22
21 6 -20
29 9 -12
55 19 28
41 45 27
25 58 43
47 54 60
54 49 42
52 51 41
52 67 74
31 67 68
14 45 58
12 29 57
0 25 27
-8 21 21
-8 4 18
-11 -20 -3
-17 -34 -15
-25 -32 -12
-24 -36 -31
-6 -44 -45
4 -34 -41
8 -14 -25
15 -9 -8
8 -7 1
18 -3 2
19 4 14
9 18 18
12 15 24
18 9 33
6 12 31
-5 20 30
-3 18 34
-10 15 19
-1 7 12
18 14 20
28 19 12
31 22 9
36 35 19
41 36 32
47 34 39
48 43 36
54 52 41
58 45 50
55 46 51
49 45 56
40 41 58
33 37 46
38 30 39
33 29 34
26 21 30
31 17 31
27 18 29
18 19 20
18 19 18
21 15 10
19 14 15
22 12 27
24 15 27
16 23 21
20 30 31
27 29 28
23 27 24
25 29 36
31 30 40
27 23 38
22 29 30
25 22 21
16 14 16
9 4 15
0 -9 9
-14 -18 -6
-26 -25 -17
-26 -36 -25
-33 -45 -35
-47 -55 -43
-55 -62 -38
-61 -64 -38
-66 -66 -40
-67 -62 -40
-63 -64 -43
-67 -63 -36
-70 -60 -26
-74 -55 -26
-67 -58 -25
-70 -52 -31
-76 -49 -35
-91 -58 -33
-10 30 12
-3 17 46
27 -5 -2
31 -10 -14
-50 44 23
52 4 28
53 -25 -1
-61 21 -29
45 -11 34
15 8 34
-34 25 -44
9 -3 34
46 9 29
-16 0 -58
6 10 28
29 18 11
14 -25 -44
-2 -10 11
-68 32 -1
29 -37 12
15 -17 5
-64 33 -24
30 -25 25
8 -20 -7
-20 -11 -62
5 1 33
-19 5 17
20 -31 -56
-2 2 31
-52 18 -23
32 -34 -6
8 -12 -3
-55 5 -35
7 -18 21
24 -22 3
-43 -1 -54
-27 -2 4
40 -26 2
0 -25 -57
-32 24 -2
-6 -12 13
21 -52 -19
-28 10 -52
-48 17 18
59 -30 21
-9 -17 -50
-53 7 -37
72 -14 47
-24 2 -30
-22 -7 -28
38 -10 38
-21 4 -26
-7 -15 -4
11 20 56
43 2 -19
-31 1 -29
12 5 26
40 -26 -17
-39 0 -10
-2 12 21
25 -6 20
7 -10 -21
-34 16 -31
50 2 54
37 9 -24
-53 21 -5
5 9 16
101 -20 20
-71 23 -56
-10 25 28
86 -28 58
-39 -7 -59
-18 25 -14
45 -4 66
-35 -4 -42
13 -41 -35
6 10 34
-3 11 -2
-21 -24 -26
-4 5 27
19 -15 -33
-28 -10 -6
21 17 2
-11 -7 -15
-10 5 5
17 9 -6
14 -12 7
-30 8 -30
-12 -4 12
46 -14 2
-19 9 2
-56 22 -36
69 -33 20
-59 -17 -65
9 -14 -25
18 -2 8
-22 -12 -28
-4 -30 -37
8 3 -3
2 -11 -18
-41 -32 -21
35 6 14
-7 1 -34
19 -8 22
-15 13 -3
-8 -7 -22
54 -32 12
-61 28 -14
-3 18 6
45 -26 10
-32 8 -43
-12 1 -32
15 -17 23
6 -32 -25
-51 -24 -71
-20 -7 35
-1 -30 -41
-18 -32 -44
-41 1 -34
-4 -30 -4
20 -30 -47
-30 -21 -44
-35 -14 -31
-2 -30 -7
-10 -33 -41
-36 -13 -24
-11 -12 2
-2 -26 -25
-5 -18 -44
-22 -5 -8
-1 -2 5
3 -17 -20
-15 -4 -25
-28 2 -10
8 -22 -14
-9 -29 -33
-30 4 -26
0 -17 2
-14 -24 -27
-37 -19 -31
-24 -17 -36
15 -25 -12
-44 -23 -65
-11 -23 -21
9 -25 -15
-24 -19 -46
-47 -11 -5
23 -14 -3
-7 -15 -36
-33 -14 -35
28 -7 -7
6 -18 -23
-34 -10 -34
6 -12 21
-5 -14 -28
-8 -16 -28
-33 -2 -18
8 -14 -14
20 -28 -49
-41 -7 -47
-34 -20 -19
12 -48 -34
-21 -16 -34
-70 -3 -47
38 -19 12
-2 -14 -41
-36 -10 -70
31 -10 4
13 -16 -42
-35 -10 -44
15 -10 9
22 -9 -2
-20 -18 -47
-2 1 -7
13 1 6
22 -19 -34
-11 2 -13
-7 4 -6
11 -19 -14
-7 -8 1
-13 5 -11
32 1 1
-9 0 -11
-3 -3 -27
-26 6 13
46 -7 11
4 11 -25
-74 31 0
60 -6 8
42 -1 -30
-83 27 -39
36 -10 34
54 -17 -19
-57 10 -55
-34 13 30
94 -3 38
-11 -6 -80
-74 27 -11
127 -1 70
37 -7 -74
-91 30 -31
57 11 73
105 -10 10
-87 15 -74
-2 30 67
80 13 48
-4 -20 -68
-49 38 9
85 36 57
-4 -1 -39
-50 4 -22
30 21 41
41 -5 4
-42 4 -57
-9 30 12
59 -4 6
4 -19 -46
-35 11 -41
14 6 26
30 -29 -23
-26 -12 -36
10 29 17
34 12 27
-15 5 -36
15 2 -5
34 19 25
5 11 -23
-24 18 -12
46 3 37
17 0 -5
-28 11 -23
39 4 26
-22 8 8
13 -6 -24
8 -6 24
-7 15 -11
-14 7 -22
21 -19 9
-14 4 -33
4 -6 -23
22 -6 14
-30 10 -41
21 -11 -15
8 -3 12
-20 2 -47
16 -11 10
28 4 3
-1 -1 -31
-11 5 27
67 8 30
-46 -32 -26
-59 -42 -34
-72 -49 -42
-94 -63 -44
-101 -83 -66
-110 -96 -82
-115 -107 -102
-107 -111 -119
-48 -118 -124
9 -90 -125
14 -28 -107
17 22 -43
31 20 5
13 13 8
13 10 15
90 9 27
119 39 -3
132 84 22
160 118 90
153 142 116
89 164 122
69 150 161
64 103 150
56 53 99
74 46 79
100 56 70
78 76 45
43 87 73
12 73 97
-23 32 68
-40 -6 33
-31 -22 4
-4 -46 -23
18 -41 -33
20 -12 -20
4 10 -12
-11 13 7
-24 9 6
-22 -9 -1
0 -31 -2
35 -25 -15
53 2 -14
59 34 12
55 60 30
37 66 37
38 54 43
45 41 46
51 30 35
47 31 33
64 33 36
67 36 38
49 51 35
39 61 45
32 44 46
29 28 39
32 18 36
39 21 43
44 30 36
40 44 43
39 47 50
41 44 55
40 47 50
38 47 55
44 41 62
42 38 54
42 41 56
46 47 57
42 50 48
36 49 41
31 45 44
27 29 44
20 24 42
17 16 30
18 13 27
12 12 17
8 9 12
7 1 4
1 -2 -8
-4 -11 -8
-6 -17 -11
-6 -19 -13
-7 -18 -13
-1 -20 -14
1 -19 -21
-1 -12 -14
0 -12 -8
-2 -12 -6
-7 -10 1
-3 -5 9
-1 -5 8
-2 0 7
5 1 12
6 4 6
0 4 -2
-5 -1 3
-6 -6 3
-22 -6 0
-23 -13 -2
-26 -23 -5
-31 -30 -15
-38 -32 -22
-48 -39 -28
-55 -49 -36
-66 -56 -48
-83 -70 -54
-99 -85 -66
-115 -102 -79
-119 -117 -95
-118 -132 -115
-108 -139 -132
-86 -132 -142
-63 -110 -142
-32 -92 -120
-11 -60 -98
-13 -26 -73
-15 -12 -43
10 -18 -19
24 -22 -22
42 1 -29
92 28 -1
105 64 14
92 95 39
99 106 92
85 103 104
41 94 88
43 71 97
56 44 75
56 30 41
53 38 38
44 42 45
-3 37 33
-36 16 39
-51 -11 27
-60 -46 -10
-46 -63 -34
-29 -61 -48
-27 -53 -59
-29 -38 -45
-37 -31 -34
-51 -27 -41
-46 -38 -33
-34 -40 -38
-18 -43 -47
0 -37 -45
21 -19 -33
19 6 -31
9 24 -11
15 26 4
11 13 -7
13 7 -11
18 4 -5
30 4 -8
27 10 -12
27 13 -7
23 20 0
13 19 7
-1 14 2
2 -6 3
0 -16 -4
-4 -19 -5
2 -13 -1
3 -9 -8
-7 -6 -3
-10 -2 -4
-13 -5 -2
-5 -8 -11
3 -6 -10
9 1 -5
15 4 -8
19 14 4
20 20 7
19 20 8
20 21 6
18 19 12
23 18 14
28 13 13
28 21 8
31 27 10
26 27 15
16 20 14
16 13 6
12 6 2
9 1 -7
8 -4 -6
7 -9 -12
2 -7 -10
-2 -10 -14
-4 -15 -15
-4 -19 -21
-6 -15 -16
-6 -20 -16
-9 -23 -21
-4 -20 -16
-3 -19 -20
-2 -14 -21
-4 -11 -15
-1 -15 -12
0 -9 -15
-1 -8 -12
-1 -4 -6
-4 -4 -8
-6 -3 -4
-9 -2 -4
-10 -3 -3
-14 -5 -1
-18 -12 -4
-25 -14 -9
-29 -19 -17
-39 -32 -23
-48 -41 -37
-48 -48 -45
-49 -55 -54
-57 -58 -62
-65 -68 -66
-69 -74 -70
-78 -80 -79
-84 -88 -82
-84 -93 -89
-89 -98 -98
-92 -108 -102
-98 -110 -107
-110 -117 -112
-104 -124 -122
-85 -128 -131
-63 -112 -143
-54 -81 -130
-46 -59 -102
-9 -58 -74
12 -41 -66
7 -6 -46
18 16 -14
45 22 5
54 28 5
84 42 23
100 76 36
80 107 54
79 107 87
96 92 104
83 89 88
56 93 76
64 82 85
52 64 70
45 44 58
37 46 59
14 43 45
-5 30 30
-10 9 30
-21 -4 13
-19 -21 -3
-15 -24 -16
-20 -20 -33
-13 -22 -36
-12 -19 -32
-18 -14 -33
-20 -16 -26
-16 -15 -28
-11 -15 -28
-10 -17 -22
-12 -15 -19
-6 -9 -14
1 -8 -5
-4 -1 -6
0 4 6
10 3 9
15 4 13
20 12 18
18 18 25
12 23 31
20 16 32
24 15 33
25 16 33
34 16 36
22 15 41
29 18 39
35 20 37
28 16 40
28 16 37
36 16 44
34 13 44
35 13 42
29 13 46
34 13 50
32 14 53
37 16 52
35 17 56
33 13 56
34 15 62
39 18 61
38 22 66
33 22 69
40 21 68
42 22 67
37 23 60
35 18 57
32 13 54
23 12 46
22 7 41
22 5 34
14 2 29
16 8 22
16 -3 21
17 -7 15
12 -5 8
13 -10 4
10 -11 0
9 -11 -3
9 -12 -7
6 -17 -15
5 -16 -20
2 -16 -22
0 -21 -26
0 -21 -34
-5 -26 -38
-9 -30 -41
-13 -25 -44
-9 -31 -50
-16 -26 -50
-14 -27 -47
-10 -30 -55
-18 -29 -56
-20 -33 -59
-19 -32 -66
-10 -34 -66
-20 -35 -73
-20 -38 -79
-19 -40 -82
-16 -39 -89
-23 -47 -93
-21 -50 -90
-25 -53 -93
-25 -55 -94
-30 -59 -103
-35 -60 -102
-26 -57 -100
-24 -57 -103
-26 -52 -91
-35 -48 -93
-23 -46 -92
-26 -43 -97
-27 -38 -98
-26 -35 -93
-32 -36 -91
-30 -35 -96
-34 -34 -98
-34 -34 -100
-36 -37 -100
-38 -44 -100
-43 -49 -102
-46 -50 -98
-34 -53 -99
-47 -47 -99
-43 -49 -99
-42 -44 -92
-50 -43 -93
-37 -35 -92
-48 -45 -94
-48 -37 -90
-40 -41 -90
-43 -41 -89
-48 -41 -89
-44 -39 -85
-39 -36 -83
-42 -35 -82
-43 -39 -82
-41 -39 -75
-33 -34 -71
-41 -38 -67
-35 -36 -62
-27 -25 -51
-27 -26 -43
-25 -23 -37
-16 -24 -33
-17 -23 -28
-4 -16 -26
-5 -14 -12
-6 -20 -8
-2 -14 -9
9 -8 -6
14 -6 -5
3 4 8
9 10 13
7 10 15
16 6 13
16 2 11
10 2 18
15 7 20
25 6 23
17 7 19
9 18 20
19 15 28
26 11 32
17 13 26
13 18 41
24 12 42
26 17 36
28 16 40
29 18 42
28 16 44
34 18 49
20 18 50
28 17 47
31 21 47
28 20 43
19 19 47
22 14 45
20 15 36
23 14 32
21 15 34
13 15 37
13 15 33
25 7 33
21 8 25
19 9 18
18 9 21
20 2 19
13 6 14
17 3 20
22 2 13
25 11 15
21 7 16
12 8 15
12 7 17
24 1 12
21 10 13
20 7 12
14 13 14
15 7 11
14 10 4
22 5 -1
15 7 1
12 7 3
13 3 -3
21 4 -1
13 7 -6
15 6 -4
13 2 -2
13 9 -3
12 3 0
14 4 -1
17 9 -4
15 2 0
10 2 -6
13 5 -5
14 -2 -6
15 -2 -9
16 -3 -14
9 -3 -10
7 -10 -15
14 -14 -17
8 -4 -20
8 -11 -20
13 -10 -17
7 -13 -24
6 -13 -18
6 -12 -18
7 -8 -18
2 -5 -18
5 -4 -17
11 -2 -11
9 0 -12
10 -2 -11
9 1 -11
6 -2 -9
6 4 -8
9 4 -10
6 8 -8
6 9 -10
3 7 -7
2 7 -8
2 -1 -12
1 5 -15
3 2 -14
1 2 -17
2 0 -18
0 0 -15
2 -2 -10
-2 5 -14
5 6 -10
9 13 -10
11 10 -4
13 17 -2
12 18 3
14 21 10
18 27 8
21 32 8
25 28 12
31 34 14
28 35 15
32 40 18
28 39 20
25 42 21
31 39 25
27 41 26
30 37 25
29 42 25
22 46 28
26 45 29
29 41 29
25 45 25
20 45 33
End
