ALARM 0
0 0 1 0
779 91 11
239 51 11
252 60 11
239 11 11
260 51 11
236 11 11
252 43 11
236 11 11
252 60 11
236 11 11
239 60 11
236 43 11
252 60 11
252 60 11
237 11 11
260 51 11
252 11 11
252 51 11
237 11 11
252 51 11
236 11 11
252 60 11
236 11 11
252 51 11
236 11 11
252 51 11
236 11 11
252 19 11
236 11 11
252 51 43
252 11 11
260 51 11
239 11 11
252 60 11
236 43 11
252 60 11
236 43 11
243 60 11
236 43 11
252 60 11
236 11 11
252 60 11
237 11 11
252 51 11
236 11 11
260 51 11
236 11 11
252 60 11
236 11 11
252 60 11
236 43 11
243 68 11
236 43 11
252 60 11
236 11 11
252 60 11
236 11 11
252 43 11
236 11 11
252 43 11
236 11 11
239 51 11
211 11 11
239 51 11
236 43 11
239 60 11
236 43 11
252 60 11
236 43 11
252 60 11
236 11 11
243 43 11
236 11 10
236 43 11
207 11 4
236 51 8
207 11 10
236 60 11
236 51 11
243 68 11
236 60 11
239 60 11
236 11 11
236 43 11
219 11 11
237 43 10
204 11 4
236 43 -4
204 11 4
236 60 4
204 51 8
236 60 10
219 43 10
236 60 11
236 11 11
252 51 11
236 11 11
239 51 11
211 11 8
236 51 4
!!!!!!!!
88
!!!!!!!!
-213 -20 11
-188 4 11
-213 -20 11
-196 4 11
-213 -20 11
-213 -20 11
-188 4 11
-213 -20 11
-188 4 11
-213 -20 11
-188 4 11
-196 4 11
-213 -20 11
-188 8 11
-213 -20 11
-188 4 11
-184 4 11
-213 -20 11
-184 4 11
-209 -20 11
-188 4 11
-213 -20 11
-209 -20 11
-184 4 11
-209 -20 11
-188 -4 11
-241 -20 43
-181 4 11
-196 -20 -213
-181 4 43
-196 -20 43
-181 4 43
-165 8 11
-196 -20 43
-181 4 11
-213 -20 11
-181 4 11
-241 -20 11
-188 4 11
-213 -20 11
-181 4 11
-213 -20 11
-184 4 11
-181 4 11
-209 -20 11
-181 4 11
-213 -20 11
-181 4 11
-209 -20 11
-181 8 43
-213 -20 11
-181 4 11
-209 -20 11
-181 8 11
-181 4 11
-196 -20 11
-166 8 11
-196 -20 11
-181 4 43
-196 -20 11
-173 8 11
-209 -20 43
-181 4 11
-209 -20 11
-182 4 11
-181 4 43
-184 -20 43
-181 4 11
-188 -20 11
-237 4 43
-188 -20 51
-188 -20 60
-181 4 60
-188 -20 51
-165 8 43
-188 -20 60
-184 -20 60
-165 8 43
-188 -20 43
-181 8 11
-188 -20 43
-181 4 11
-196 -20 11
-181 8 43
-188 -20 43
-181 8 11
-196 -20 43
-196 -20 43
-181 8 11
-188 -20 43
-166 8 43
-196 -20 43
-181 8 43
-188 -20 51
-181 8 60
-188 -20 43
-174 8 -213
-188 -20 43
-196 -20 11
-181 8 11
!!!!!!!!
101
!!!!!!!!
205 11 -4
236 68 -4
205 11 4
236 68 -4
204 11 -4
204 11 -4
236 68 -4
204 11 8
236 68 -4
204 11 8
236 68 4
204 11 4
236 68 -4
204 11 -4
236 68 -4
204 11 -4
204 11 -4
236 68 -4
204 11 -19
236 68 -4
205 11 -17
275 11 -4
236 68 -4
204 11 4
236 68 4
211 11 4
236 68 4
236 68 4
211 11 -4
237 68 8
211 11 10
236 68 8
239 68 11
236 11 11
237 68 8
207 11 11
239 68 10
219 11 8
237 68 11
236 43 11
260 68 11
218 51 11
252 72 11
252 72 11
219 60 11
260 68 11
236 68 11
252 72 11
236 68 11
260 74 11
236 72 11
260 74 11
236 68 11
260 74 11
260 75 11
236 68 11
264 74 11
237 68 43
260 74 11
252 72 11
236 72 11
264 72 11
239 72 11
264 75 11
239 68 43
239 74 11
260 75 11
239 72 11
264 75 11
252 75 11
264 75 11
252 75 43
264 75 11
260 75 43
266 83 11
252 75 43
260 75 60
264 91 60
252 90 51
267 91 72
260 90 68
267 91 68
266 108 74
267 140 72
264 91 68
268 140 75
264 140 75
268 140 75
266 140 83
269 140 91
267 140 140
271 140 91
271 140 140
269 140 100
271 140 140
268 12 140
271 140 140
269 140 140
271 140 140
268 140 140
!!!!!!!!
94
!!!!!!!!
236 140 72
-181 -4 72
-148 11 68
260 75 72
-148 11 74
260 140 72
-181 -4 60
-117 140 68
-184 4 68
-148 11 74
266 108 72
-181 4 74
204 43 72
-181 4 75
264 140 75
-173 4 75
236 43 75
-148 11 75
266 140 90
-132 11 68
147 140 72
-132 11 83
264 140 83
-148 4 75
264 140 75
-173 4 91
204 140 72
-124 43 74
140 4 72
-148 11 72
170 11 75
-148 11 75
204 11 72
11 140 72
-181 4 68
60 140 68
-181 4 75
140 140 72
-148 140 72
11 4 72
-148 140 72
-85 4 91
-147 140 75
-165 4 75
264 140 90
-181 -4 75
264 83 83
-173 11 82
140 11 75
264 140 91
-148 -4 91
264 83 83
-148 74 140
140 11 91
-148 91 91
-148 -4 12
266 12 83
-145 11 91
204 11 140
-148 91 140
-148 -4 12
260 -20 83
264 91 140
-148 -17 140
264 75 108
264 83 108
-148 -17 140
264 75 12
-147 43 90
204 11 91
-148 75 108
-124 10 83
267 74 91
-132 60 19
11 -20 83
11 75 91
-120 74 19
-4 -20 108
60 72 90
-148 -20 108
264 74 83
-148 -20 90
-132 10 75
266 75 75
-132 8 75
266 60 68
-132 68 75
-132 8 75
266 68 75
-148 43 75
168 4 72
-52 68 72
-181 -20 72
260 43 75
-181 60 75
-20 8 68
168 68 74
-148 8 60
4 8 72
168 68 43
!!!!!!!!
98
!!!!!!!!
-220 11 -20
-229 -4 -20
-216 11 -20
-229 4 -20
-220 11 -20
-216 11 -20
-229 -4 -20
-220 11 -20
-229 -4 -20
-216 11 -20
-229 -4 -20
-220 -4 -20
-216 11 -4
-220 -4 4
-213 11 4
-216 -4 8
-216 -4 11
-209 11 11
-216 -4 11
-196 11 11
-213 -4 11
-188 11 11
-188 11 11
-213 4 11
-181 11 11
-213 -4 11
-188 11 11
-181 11 11
-196 -4 11
-181 11 11
-196 -4 43
-173 11 60
-184 -4 68
-148 11 60
-182 -4 68
-148 11 74
-181 -4 72
-148 11 75
-145 11 75
-181 -4 90
-147 11 75
-148 -4 75
-124 11 75
-148 -4 75
-124 11 91
-148 -4 91
-124 11 91
-148 -4 91
-124 11 140
-148 -4 140
-118 11 140
-148 -4 140
-120 11 140
-145 -4 140
-145 -4 140
-120 11 140
-124 -17 140
-117 11 140
-132 -19 140
-117 11 140
-132 -4 140
-117 11 140
-124 -4 140
-117 11 140
-124 -17 140
-124 -4 140
-117 11 140
-124 -17 140
-117 11 140
-124 -4 140
-117 10 140
-117 10 140
-132 -19 140
-117 10 140
-132 -19 140
-117 10 140
-117 8 140
-132 -20 140
-117 10 140
-124 -17 140
-117 10 140
-148 -20 140
-117 8 140
-148 -20 140
-124 8 91
-148 -20 140
-120 8 140
-132 8 140
-148 -20 91
-132 8 75
-148 -20 75
-132 8 75
-173 -20 75
-145 8 72
-173 -20 75
-148 8 75
-181 -20 75
-148 8 72
-148 8 68
-181 -20 68
!!!!!!!!
107
!!!!!!!!
-181 -4 43
-188 -20 11
-173 -4 43
-196 -20 19
-181 -17 11
-181 -19 11
-196 -20 11
-184 -20 11
-209 -20 11
-184 -20 11
-213 -20 11
-184 -20 11
-213 -20 11
-188 -20 11
-213 -20 11
-188 -20 11
-196 -20 11
-214 -37 11
-196 -20 10
-216 -20 11
-241 -20 11
-214 -20 10
-196 -20 11
-216 -20 8
-213 -20 8
-216 -20 4
-209 -20 8
-213 -19 10
-216 -20 -4
-213 -20 -4
-220 -20 4
-214 -20 4
-216 -20 4
-216 -20 -4
-220 -20 -4
-214 -20 -19
-220 -20 -4
-214 -20 -20
-216 -20 -20
-236 -20 -20
-216 -19 -20
-220 -20 -20
-216 -19 -20
-229 -20 -20
-216 -19 -20
-229 -20 -20
-216 -4 -20
-229 -20 -20
-220 -4 -20
-229 -20 -20
-220 -4 -45
-229 -20 -45
-220 -4 -38
-229 -20 -45
-229 -20 -49
-236 4 -52
-229 -20 -49
-220 4 -45
-229 -20 -45
-220 4 -51
-220 4 -49
-229 -20 -45
-220 -4 -38
-229 -20 -20
-220 4 -45
-220 4 -49
-229 -20 -52
-236 -4 -49
-229 -20 -52
-236 -4 -52
-229 -20 -51
-236 -4 -45
-229 -20 -45
-236 -4 -37
-229 -20 -49
-236 -4 -52
-236 -4 -52
-229 -20 -52
-236 4 -49
-229 -20 -49
-229 -4 -52
-229 -20 -52
-220 4 -38
-229 -20 -52
-229 4 -52
-229 -20 -52
-220 4 -49
-236 4 -45
-229 -20 -20
-236 4 -49
-229 -20 -45
-220 4 -20
-229 -20 -20
-229 -20 -20
-216 8 -45
-236 -20 -20
-216 8 -20
-229 -20 -20
-229 -20 -20
-216 8 -20
!!!!!!!!
111
!!!!!!!!
91 -20 -45
91 -19 -20
83 -4 -20
91 -17 -20
91 -17 -45
83 -4 -20
91 -19 -20
83 -4 -20
91 -4 -20
91 -4 -20
83 -4 -20
83 -20 -20
83 -20 -20
83 -20 -4
91 -45 -4
83 -45 -20
91 -20 -4
19 -20 -17
19 -20 -17
83 -20 -20
75 -20 -4
83 -17 -20
19 4 -17
83 -4 -20
75 -17 -4
75 4 -20
75 -4 -20
75 -20 -20
75 -20 -20
75 -20 -20
19 -20 -20
75 -20 -20
75 -20 -20
75 -20 -19
75 -20 -20
75 -20 -4
75 -20 -4
75 -20 -4
75 -20 -4
75 -20 8
75 -20 8
75 -20 4
75 -20 4
75 -19 4
75 -4 -4
75 -4 -4
74 -4 -4
75 -4 4
75 -4 8
75 8 4
75 8 4
74 8 -4
74 -4 4
74 8 -17
75 -4 -20
75 -4 -4
74 -4 -4
74 -20 4
75 -4 4
75 -20 4
72 -17 11
74 -19 11
75 -17 8
72 -4 11
72 -4 11
75 -4 8
74 -17 4
72 4 -4
72 8 4
72 10 8
72 8 4
74 11 -4
72 11 -4
72 11 4
72 11 8
72 11 8
74 11 -4
72 11 4
72 11 -20
75 11 -17
72 4 -4
72 10 10
72 4 10
72 8 11
72 10 10
72 8 11
72 10 11
68 11 11
68 10 10
68 11 4
68 11 8
72 11 8
68 11 8
72 11 11
68 11 4
72 11 8
68 11 4
68 11 8
68 11 -4
72 11 -4
!!!!!!!!
87
!!!!!!!!
204 11 -20
219 51 -19
204 11 -4
204 43 -20
204 11 -4
204 11 -17
236 43 -4
204 11 8
236 51 4
219 11 4
236 43 -20
204 11 -4
211 51 -4
204 11 -20
218 43 -19
204 11 -20
204 11 -17
204 11 -20
236 43 -4
204 11 4
211 43 4
211 19 -4
211 11 -20
236 51 4
204 11 -4
236 51 -4
204 11 -19
237 43 4
204 11 -4
236 43 8
204 11 10
236 51 4
236 43 4
204 11 8
236 51 8
207 11 4
236 51 11
211 11 11
207 11 11
243 43 8
236 11 11
252 51 11
236 11 11
236 11 11
239 51 11
236 11 11
252 60 11
236 11 11
252 60 11
236 11 11
260 60 11
236 11 11
260 60 11
239 11 11
236 11 11
252 51 11
236 11 11
260 51 11
252 11 11
252 60 11
239 11 11
260 60 11
236 11 11
260 60 11
236 11 11
236 11 11
252 60 11
236 11 11
252 60 11
236 11 8
236 60 11
252 60 11
236 -213 11
252 60 11
236 11 11
252 60 11
252 60 11
236 11 11
260 60 11
236 11 11
260 60 11
252 11 11
260 60 11
260 60 11
252 11 43
260 60 60
260 11 60
252 11 11
260 60 43
252 11 60
264 60 51
252 -213 68
252 11 43
260 60 43
252 11 11
264 60 11
252 11 51
260 60 11
252 11 11
260 60 11
!!!!!!!!
93
!!!!!!!!
-229 4 -20
-229 -20 -20
-216 8 -4
-220 -20 8
-213 4 10
-205 -4 8
-216 -20 4
-214 -20 -20
-220 -20 -20
-216 -20 -20
-220 -49 -20
-220 -45 -20
-216 -52 -20
-220 -20 -20
-216 -4 -20
-220 -20 -20
-220 -20 -20
-216 -4 -19
-229 -20 -20
-216 -4 -20
-220 -20 -4
-213 -20 11
-213 -20 4
-216 -45 4
-214 -20 -17
-229 -52 -20
-216 -49 -20
-220 -51 -45
-229 -51 -52
-236 -20 -45
-229 -20 -49
-229 8 -38
-229 -20 -20
-220 10 -20
-229 -4 -45
-229 11 -52
-229 -4 -20
-216 11 -20
-196 10 11
-209 -20 43
-181 8 60
-182 -20 72
-148 -4 75
-148 -20 91
-124 -20 83
-165 -45 75
-132 -38 74
-148 -20 11
-184 -20 10
-148 4 -4
-229 8 -49
-229 4 -45
-229 -20 -49
-88 8 -20
-86 43 10
-88 -20 11
-49 43 43
-147 68 11
-4 -20 60
11 10 43
-181 -17 -213
-196 -20 11
-165 -20 11
-51 -45 11
74 -45 43
-181 -20 43
-188 -20 11
-181 -20 11
-213 -20 11
-147 4 11
-45 -20 11
-196 43 11
-214 10 11
-196 8 11
-214 -20 11
-165 8 43
-132 11 11
-181 4 68
-148 -4 83
-165 -4 75
-124 -20 91
-165 -17 75
8 8 51
-52 11 11
-132 11 11
-196 11 11
-196 11 11
204 11 11
236 11 11
205 11 51
155 11 72
75 11 108
4 43 140
140 -4 140
204 -4 84
252 10 75
252 10 43
207 4 11
-184 -20 11
-188 -45 11
!!!!!!!!
104
!!!!!!!!
211 11 4
236 68 4
204 11 -4
236 68 -4
204 11 -4
204 11 -4
236 68 -4
204 11 4
236 68 8
211 11 8
236 68 11
204 11 8
236 68 4
204 11 -4
236 68 -17
204 11 -20
204 11 -17
219 60 -20
204 11 -20
211 60 -4
204 11 -4
236 68 -4
204 11 -4
219 60 -17
204 11 -4
219 68 -4
204 11 -4
205 11 -4
236 60 -4
207 11 -4
236 60 -4
204 11 -4
236 60 -4
236 60 -4
204 11 -4
236 60 -4
204 11 -4
219 60 -17
218 60 -20
204 11 -20
207 60 -20
204 11 -20
207 60 -20
204 11 -20
207 60 -20
204 11 -20
207 60 -20
204 11 -45
204 60 -51
204 60 -49
171 11 -49
204 60 -51
204 11 -20
204 60 -20
204 11 -45
204 11 -45
204 68 -51
170 11 -52
204 68 -52
168 11 -52
155 11 -52
204 68 -52
168 11 -52
171 11 -52
204 72 -52
204 72 -49
168 11 -52
204 72 -52
168 -213 -52
204 72 -52
155 43 -85
147 51 -81
204 74 -81
147 60 -81
204 74 -52
147 60 -52
155 68 -52
204 74 -52
155 60 -52
204 74 -52
155 68 -52
204 74 -52
204 75 -85
147 72 -113
171 75 -85
147 74 -85
171 75 -85
170 75 -85
140 75 -86
168 75 -86
140 75 -85
168 82 -88
143 83 -88
168 12 -88
140 91 -88
170 140 -88
140 108 -88
168 140 -85
168 140 -88
140 140 -88
!!!!!!!!
99
!!!!!!!!
236 43 8
252 75 10
219 43 11
243 75 10
219 43 8
219 43 11
252 75 10
219 43 11
252 75 11
236 43 11
239 75 10
211 43 4
252 75 8
211 43 11
237 75 4
204 43 -4
207 43 -4
236 75 -4
207 43 -4
236 75 -20
204 43 -4
236 75 4
211 43 4
236 75 8
211 43 8
236 75 10
211 43 8
211 43 8
236 75 4
207 43 -4
236 75 -4
204 43 -4
236 75 -17
236 75 -20
204 43 -4
236 75 -4
204 43 -4
236 75 -4
236 75 4
211 43 10
237 75 8
211 43 8
239 75 11
218 43 10
237 75 10
211 43 8
237 75 4
207 43 4
236 75 -4
236 75 -17
204 60 -20
236 75 -20
204 60 -4
236 75 -4
204 60 -4
204 60 -4
207 60 -4
236 75 4
204 60 -17
236 75 -17
236 75 -17
204 68 -20
219 75 -20
204 68 -20
211 75 -20
211 83 -45
204 68 -45
207 75 -20
204 68 -20
205 75 -20
204 72 -20
204 68 -20
218 83 -20
204 68 -20
211 83 -20
204 68 -20
204 68 -20
211 75 -20
204 68 -20
207 75 -37
204 60 -45
211 75 -20
207 75 -49
204 68 -52
204 75 -52
170 68 -52
204 75 -52
204 75 -52
171 68 -52
204 75 -52
204 72 -52
204 83 -52
171 72 -52
204 90 -52
171 75 -52
204 91 -52
170 75 -52
204 91 -52
204 91 -52
204 75 -49
!!!!!!!!
95
!!!!!!!!
204 91 -20
219 140 -20
204 83 -20
219 140 -20
204 83 -20
204 83 -20
219 140 -20
204 91 -20
219 140 -20
204 84 -20
316 140 -20
236 140 -20
204 140 -20
236 140 -20
204 140 -4
236 140 -4
236 140 4
211 12 8
239 140 10
236 91 11
252 140 11
260 140 11
239 91 11
267 140 11
252 91 43
275 140 51
266 91 68
271 140 60
267 75 68
296 140 72
275 75 72
296 140 74
296 140 74
283 75 74
298 140 74
275 75 75
298 140 75
275 75 75
298 140 75
275 75 74
298 140 72
271 75 74
296 12 72
296 108 72
271 74 72
296 12 72
271 74 72
298 108 74
275 74 75
282 72 75
299 91 75
283 72 75
299 91 75
292 72 75
296 72 83
299 91 90
296 72 91
299 91 91
296 72 91
299 91 12
296 72 91
299 91 140
296 72 91
299 91 12
298 72 91
298 72 91
299 91 91
296 72 91
299 91 91
292 72 75
299 91 75
292 72 74
299 91 75
283 72 74
299 91 72
298 91 68
296 91 68
267 72 60
283 91 51
264 72 43
275 91 43
271 91 11
252 72 11
267 91 11
236 72 11
260 91 11
236 72 11
252 91 11
236 72 8
239 91 8
218 72 4
236 91 4
236 91 -4
211 72 -4
236 91 -17
205 72 -17
236 91 -19
204 72 -20
204 72 -20
236 91 -20
!!!!!!!!
96
!!!!!!!!
219 140 -4
239 140 -4
218 140 -17
239 140 -17
211 140 -17
218 140 -20
239 140 -17
211 140 -17
239 140 -17
211 140 -17
239 140 -4
219 140 -4
252 140 -4
236 140 -4
252 140 4
236 140 4
236 140 4
252 140 8
236 140 8
260 140 10
236 140 11
260 140 11
264 140 11
236 140 11
264 140 11
236 140 11
264 140 11
264 140 11
237 140 11
239 140 11
264 140 11
239 140 11
266 140 11
237 140 11
266 140 11
237 140 11
266 140 11
237 140 11
237 140 11
264 140 11
236 140 11
264 140 11
236 140 11
266 140 11
266 140 11
237 140 11
266 140 11
237 140 11
266 140 11
264 140 11
237 140 11
266 140 11
236 140 11
264 140 11
236 140 11
264 140 11
236 140 11
264 140 11
236 140 11
264 140 11
266 140 11
236 140 11
264 140 11
236 140 11
264 140 11
236 140 11
260 140 10
236 140 10
260 140 11
236 140 8
260 140 8
260 140 8
236 140 8
260 140 8
236 12 4
252 140 4
236 140 4
236 12 4
260 140 4
236 12 4
252 140 4
236 12 4
236 108 -4
252 140 -4
204 12 -4
252 140 -4
219 12 -4
243 140 -4
219 91 -17
239 140 -20
211 108 -20
237 140 -20
211 84 -20
211 91 -20
347 76 -20
236 140 -20
204 76 -20
236 140 -20
236 140 -45
204 91 -45
!!!!!!!!
101
!!!!!!!!
68 11 11
68 11 11
60 11 11
60 11 11
68 11 11
60 11 11
60 11 11
60 11 11
68 11 11
68 11 11
68 11 11
60 11 11
68 11 11
68 11 11
68 11 11
68 11 11
68 11 11
68 11 11
68 11 11
68 11 11
68 11 11
68 11 11
68 11 11
68 11 11
68 11 11
68 11 11
68 11 11
68 11 11
68 11 10
68 11 8
68 11 11
68 11 11
68 11 11
68 11 11
68 11 11
68 11 11
68 11 10
68 11 11
68 11 11
68 11 11
68 11 11
68 11 11
68 11 11
68 11 11
68 11 11
68 11 11
68 11 11
68 11 11
68 11 11
68 11 11
68 11 11
68 11 11
68 11 11
68 11 11
68 11 11
68 11 11
68 10 11
68 11 11
68 10 11
68 10 11
68 10 11
68 10 11
68 11 11
68 10 11
68 8 11
68 8 11
68 8 11
68 4 11
68 4 11
68 4 11
68 4 11
68 4 11
68 4 11
68 4 11
68 4 11
68 4 11
68 4 11
68 4 11
68 4 11
68 4 11
68 4 11
68 4 11
68 4 11
68 -4 11
68 -4 11
68 4 11
68 -4 11
68 -4 11
68 -4 11
68 -4 11
68 -4 11
68 -4 11
68 -4 11
68 -4 11
68 -4 11
68 -4 11
60 -4 11
60 -4 11
60 -4 8
60 -4 8
!!!!!!!!
82
!!!!!!!!
11 -20 -52
11 -20 -52
11 -20 -52
11 -20 -52
11 -20 -52
11 -20 -52
11 -20 -52
11 -20 -52
11 -20 -52
11 -20 -52
11 -20 -52
11 -20 -52
11 -20 -52
11 -20 -45
11 -20 -49
11 -20 -49
11 -20 -37
11 -20 -45
11 -20 -38
11 -20 -20
11 -20 -20
11 -20 -20
11 -20 -20
11 -20 -20
11 -20 -20
11 -20 -20
11 -20 -20
11 -20 -20
11 -20 -20
11 -20 -20
11 -20 -20
11 -20 -20
11 -20 -20
11 -20 -20
11 -20 -20
11 -20 -20
11 -20 -20
11 -20 -20
11 -20 -20
11 -20 -20
11 -20 -20
11 -20 -20
11 -20 -20
11 -20 -20
11 -20 -20
-213 -20 -19
43 -20 -20
43 -20 -4
43 -20 -17
43 -20 -20
43 -20 -17
43 -20 -17
51 -20 -17
60 -38 -19
60 -45 -20
68 -20 -20
68 -20 -20
68 -20 -20
68 -20 -19
68 -20 -17
72 -45 -20
74 -45 -20
74 -49 -20
75 -49 -20
75 -52 -20
75 -51 -20
75 -52 -19
75 -52 -20
75 -51 -20
75 -51 -4
75 -52 -20
75 -51 -19
83 -52 -20
83 -49 -20
83 -52 -19
91 -52 -20
91 -49 -20
91 -49 -20
91 -49 -20
91 -45 -20
84 -20 -20
108 -37 -20
140 -20 -20
12 -20 -20
12 -20 -20
140 -20 -20
140 -20 -20
140 -20 -20
140 -20 -20
140 -20 -20
140 -20 -37
140 -20 -20
140 -20 -45
12 -4 -20
140 -4 -45
12 -4 -46
140 4 -45
108 4 -37
140 8 -20
140 11 -45
!!!!!!!!
101
!!!!!!!!
75 11 11
75 11 11
75 11 11
75 11 11
83 11 11
91 11 11
91 11 11
91 11 43
91 11 51
83 11 43
83 11 43
83 11 60
90 11 43
91 11 43
91 11 43
91 11 51
91 11 43
91 11 43
91 11 43
83 11 60
83 11 43
83 11 51
83 11 60
90 11 51
83 11 60
91 11 51
91 11 60
91 11 60
83 11 68
83 11 68
75 11 60
83 11 68
83 11 51
83 -213 60
83 43 43
83 11 43
83 11 43
75 11 43
83 11 43
75 11 43
83 11 51
83 11 43
83 11 43
75 11 11
75 11 11
83 11 11
83 11 11
83 11 11
83 43 11
83 11 11
83 43 11
83 43 11
83 11 11
83 43 11
83 43 11
83 11 11
83 43 11
83 11 11
91 -213 11
91 43 11
90 43 11
83 43 11
83 43 11
83 11 11
83 43 11
90 43 11
90 43 11
91 11 11
91 11 11
91 11 11
91 11 11
91 43 11
91 43 11
91 43 11
91 43 11
91 43 11
91 43 11
91 43 11
91 43 11
91 -213 11
91 11 11
91 11 11
91 11 11
91 11 11
91 43 11
91 11 11
91 11 11
91 43 11
91 11 11
91 11 11
91 11 11
91 11 11
91 11 11
91 11 11
91 11 11
91 43 11
91 11 11
91 11 11
91 11 11
91 11 11
!!!!!!!!
84
!!!!!!!!
-181 -4 11
-181 -4 11
-181 -4 11
-181 -4 11
-181 -19 43
-181 -19 11
-181 -4 11
-181 -17 11
-181 -4 11
-182 -4 11
-181 -4 11
-181 -4 11
-184 -20 11
-181 -4 11
-184 -17 11
-182 -17 11
-181 -4 11
-188 -20 11
-182 -17 11
-188 -20 11
-181 -4 11
-188 -20 11
-182 -20 11
-188 -20 11
-184 -4 11
-196 -20 11
-184 -4 11
-188 -4 11
-196 -20 11
-188 -20 10
-196 -20 4
-196 -17 8
-196 -20 8
-196 -4 8
-196 -20 8
-196 -19 4
-209 -20 4
-196 -4 8
-196 -4 4
-213 -19 4
-196 -4 4
-209 -20 -4
-196 -4 -4
-213 -19 4
-213 -17 4
-196 -4 8
-213 -19 4
-196 -4 8
-213 -20 4
-213 -17 4
-205 4 4
-213 -17 4
-209 4 4
-213 -17 4
-209 -4 4
-213 -17 4
-209 -4 4
-213 -17 4
-209 4 4
-196 4 8
-209 -4 4
-213 -19 10
-209 4 11
-213 -19 8
-209 4 4
-209 -4 8
-214 -19 4
-213 -4 8
-213 -19 8
-213 4 10
-213 -20 8
-209 -4 10
-213 -20 11
-196 -4 11
-213 -20 11
-196 -4 11
-196 -4 11
-213 -20 11
-196 -4 11
-213 -20 11
-196 -4 11
-214 -20 11
-196 -4 11
-213 -20 11
-188 -4 11
-213 -20 11
-188 -4 11
-196 -4 11
-214 -20 11
-188 -4 11
-214 -20 11
-196 -19 11
-214 -20 11
-213 -20 11
-188 -4 11
-213 -20 11
-184 -4 11
-196 -20 11
-196 -20 11
-182 -4 11
!!!!!!!!
102
!!!!!!!!
147 8 -4
147 8 -4
147 10 4
147 10 4
147 11 -4
155 8 4
155 8 4
155 8 11
155 8 11
155 8 8
155 8 8
155 4 10
164 8 11
155 -4 10
168 4 11
164 4 11
168 -4 8
168 4 4
164 4 4
168 4 4
164 4 -4
168 -4 -4
168 4 8
164 4 4
170 4 -4
164 -4 -4
170 -4 -17
170 8 -4
164 4 -4
170 8 -19
168 10 -17
171 8 -20
171 10 -19
168 10 -4
171 10 -20
170 8 -4
140 11 -17
171 10 -19
170 4 -4
140 10 -4
171 8 -17
204 10 -20
171 8 -4
204 4 -4
204 10 4
204 4 4
204 11 8
204 8 8
204 8 8
204 8 8
204 10 4
204 10 11
204 8 4
204 8 -4
204 4 4
204 8 10
204 10 4
204 11 -4
204 8 -4
204 11 -4
204 10 -4
204 11 -17
204 11 -4
204 11 -20
204 11 -4
204 11 -4
204 11 -4
204 11 -4
204 11 -4
204 11 -4
204 11 -4
204 11 -17
204 11 -4
204 11 -4
204 11 -4
204 11 8
204 11 4
204 11 -17
204 11 -4
204 11 4
204 11 -4
204 11 -4
204 11 -4
204 11 -4
204 11 -4
204 11 -4
204 11 -4
204 11 -4
204 11 -4
204 11 -4
204 11 -17
204 11 -20
204 11 -4
204 11 -17
204 11 -4
204 11 -4
204 11 -19
204 11 -4
204 11 -4
204 11 -4
!!!!!!!!
89
!!!!!!!!
-20 10 10
-20 8 4
-20 10 8
-20 4 4
-20 10 -4
-20 8 -20
-20 10 -20
-20 10 -20
-19 11 -20
-20 10 -20
-4 11 -45
4 11 -37
4 11 -20
4 11 -37
4 11 -37
8 11 -45
11 11 -45
10 11 -52
11 11 -45
11 11 -20
11 11 -20
11 11 -20
11 11 -20
11 11 -20
11 11 -20
11 11 -20
11 11 -20
11 60 -20
11 60 -20
11 11 -20
11 60 -20
43 43 -4
43 60 -4
51 43 -4
60 11 4
68 43 4
68 11 -4
72 11 4
72 11 8
75 11 11
75 43 10
75 51 11
75 43 11
75 60 11
75 51 11
83 60 11
83 60 11
83 68 11
91 51 11
91 60 11
91 60 11
91 60 11
91 43 11
12 51 11
140 68 43
140 68 43
140 60 -213
140 43 43
140 43 11
140 43 11
140 11 11
140 11 11
140 11 11
140 10 11
140 8 11
140 -4 11
140 -4 11
140 -4 11
140 -4 51
140 4 11
140 8 68
140 11 43
140 11 68
141 11 68
140 11 75
140 43 75
140 11 74
140 60 75
143 43 72
155 51 75
154 43 75
147 60 75
155 60 75
155 11 75
147 11 72
147 11 60
147 11 43
147 11 11
164 11 11
155 11 11
147 11 8
147 11 10
164 11 8
154 11 8
147 11 11
155 11 11
168 8 11
155 11 11
155 11 11
147 11 11
!!!!!!!!
90
!!!!!!!!
267 72 11
252 -213 11
266 72 11
239 43 11
260 74 11
266 72 11
236 11 11
260 72 11
236 11 11
252 72 10
211 11 10
211 11 8
236 72 8
205 11 -4
236 72 -4
204 11 -4
205 11 -4
236 72 4
211 11 10
239 72 11
218 11 11
252 72 11
252 72 11
236 11 11
252 72 11
236 11 11
260 72 11
260 72 11
236 11 11
237 72 8
207 11 4
236 72 -4
204 11 -4
236 72 -4
204 11 -4
236 72 -4
204 11 -4
236 72 4
236 72 4
204 11 -4
236 72 4
207 11 -4
236 72 -4
204 11 8
236 72 8
207 11 4
236 72 8
211 11 8
236 72 4
236 72 4
207 11 -4
236 72 -4
204 11 -4
236 72 -17
236 72 -19
204 11 -4
236 72 -17
204 11 -17
236 72 -4
204 11 -4
204 11 -20
236 72 -4
205 11 4
236 72 4
211 11 8
211 11 8
237 72 10
219 11 11
239 72 11
236 11 11
252 72 11
260 68 11
236 11 11
252 72 11
236 11 11
260 72 11
252 72 11
236 11 11
252 72 11
236 11 11
239 72 11
211 11 10
236 72 10
207 11 8
239 72 10
211 11 10
237 72 11
239 72 8
211 11 11
239 68 11
236 11 10
252 72 11
236 11 11
236 11 11
260 72 11
236 11 11
264 72 11
239 11 11
236 11 11
260 72 11
!!!!!!!!
92
!!!!!!!!
83 -45 -4
83 -37 -4
83 -20 -20
91 -20 -19
83 -20 -20
83 -20 -20
90 -20 -20
83 -20 -49
83 -20 -49
83 -20 -52
83 -19 -52
83 -4 -52
75 -17 -52
75 -4 -52
75 -4 -52
75 -4 -52
75 -4 -85
75 4 -81
75 4 -85
75 4 -85
75 4 -86
74 4 -85
74 8 -85
75 8 -85
74 10 -85
75 11 -85
74 11 -85
74 11 -85
74 11 -85
72 11 -86
74 11 -86
72 11 -86
72 11 -85
72 11 -86
72 11 -85
74 11 -85
72 43 -85
74 51 -88
72 44 -88
72 60 -88
72 68 -117
72 68 -92
74 68 -117
72 68 -117
72 68 -117
74 72 -117
68 72 -117
74 74 -117
72 68 -117
72 72 -117
72 72 -92
74 72 -117
72 68 -117
74 68 -117
74 68 -86
72 68 -85
74 72 -81
74 72 -52
75 72 -52
74 72 -52
75 72 -51
75 68 -45
75 74 -38
75 74 -20
75 72 -20
75 74 -20
75 72 -4
75 72 -4
75 68 4
75 60 10
75 60 11
75 60 11
75 51 11
75 43 11
75 43 11
75 43 43
75 11 43
75 11 51
75 11 60
75 11 68
75 11 68
75 11 74
75 11 74
75 11 75
75 11 75
75 11 75
75 11 75
75 11 75
75 8 75
75 8 75
75 8 75
75 4 75
75 8 75
75 4 75
75 4 75
75 4 75
75 4 91
75 4 75
75 -4 83
75 -4 75
!!!!!!!!
90
!!!!!!!!
End
