1 0 0 0
-24 -31 -37
-41 -40 -22
-51 -52 -10
-58 -55 -4
-58 -54 4
-59 -53 13
-62 -53 18
-62 -47 14
-67 -40 7
-62 -38 1
-60 -33 -15
-51 -31 -21
-39 -34 -43
-17 -23 -58
-1 -13 -71
11 -11 -69
22 -6 -70
35 2 -62
45 10 -52
52 17 -47
59 23 -28
72 25 -7
78 34 15
84 50 33
82 52 50
76 52 66
63 54 74
46 51 84
27 41 84
12 31 68
-6 23 50
-23 13 27
-36 -4 -3
-55 -24 -15
-71 -36 -46
-86 -52 -69
-98 -65 -86
-100 -82 -102
-100 -95 -112
-95 -96 -113
-74 -91 -102
-50 -78 -88
-28 -52 -70
-1 -33 -45
27 -12 -6
48 14 24
74 40 45
98 62 71
118 82 85
127 95 97
134 113 106
130 122 105
126 121 108
109 117 97
79 106 75
54 84 47
22 55 16
-5 21 -14
-30 -6 -40
-58 -31 -62
-79 -54 -74
-96 -68 -79
-108 -84 -80
-111 -95 -70
-107 -105 -57
-94 -103 -38
-80 -89 -21
-57 -74 -1
-26 -44 18
10 -14 32
43 16 51
65 46 67
84 69 77
107 89 70
119 106 62
130 115 51
130 122 44
124 117 31
117 110 20
102 92 8
81 74 -2
59 58 -8
30 39 -8
6 17 -3
-16 -10 2
-34 -29 0
-45 -35 4
-49 -40 17
-56 -35 24
-58 -33 35
-58 -30 40
-55 -23 46
-51 -28 41
-47 -20 35
-38 -18 21
-23 -12 7
-7 -6 -11
7 4 -22
23 14 -33
34 14 -40
40 21 -46
52 30 -50
62 29 -43
69 29 -31
74 34 -24
78 37 -10
77 44 2
80 50 21
77 49 37
65 51 60
52 46 74
32 37 81
16 32 81
5 27 77
-4 18 76
-15 17 63
-25 14 50
-38 11 30
-53 -1 2
-66 -20 -19
-71 -39 -41
-73 -54 -59
-71 -65 -76
-58 -68 -78
-40 -60 -75
-20 -49 -74
3 -36 -55
25 -20 -36
48 0 -10
68 20 22
87 41 52
102 64 69
115 85 80
122 97 97
126 108 105
123 114 106
112 109 100
89 106 88
61 90 71
31 66 53
1 39 26
-26 10 -5
-51 -17 -39
-73 -44 -72
-93 -71 -90
-105 -94 -99
-114 -105 -103
-121 -111 -106
-122 -119 -100
-112 -124 -91
-97 -117 -74
-75 -105 -58
-47 -87 -37
-20 -57 -18
9 -27 3
38 1 16
65 29 26
84 47 34
99 66 45
104 77 40
107 81 34
102 76 15
93 77 -8
75 66 -18
52 49 -33
24 28 -48
-1 4 -63
-31 -22 -67
-50 -49 -74
-70 -69 -71
-86 -80 -62
-94 -92 -51
-94 -90 -36
-90 -91 -13
-83 -82 4
-71 -68 17
-60 -56 26
-43 -41 34
-28 -23 33
-2 -4 26
17 16 14
37 28 0
53 36 -14
64 40 -31
72 47 -36
76 53 -37
79 52 -29
82 50 -32
82 45 -27
84 46 -13
77 46 -4
66 50 18
57 48 36
42 41 61
29 38 79
17 30 91
14 33 95
5 33 99
-4 28 88
-15 19 76
-30 9 62
-34 1 39
-47 -8 22
-55 -15 -1
-59 -22 -28
-56 -30 -49
-46 -42 -58
-33 -44 -71
-19 -34 -69
-1 -18 -64
19 -10 -50
42 2 -32
63 14 -15
82 26 9
97 45 39
109 64 69
120 85 94
130 99 109
130 114 121
126 119 129
110 118 130
88 110 126
64 99 107
42 81 89
14 61 66
-7 38 35
-29 22 3
-47 -2 -22
-64 -28 -43
-77 -54 -58
-92 -67 -69
-96 -81 -74
-94 -90 -67
-82 -83 -58
-57 -75 -42
-28 -55 -19
2 -28 5
30 -1 35
60 28 58
82 56 82
106 83 100
124 105 118
139 127 125
147 142 124
153 145 114
151 146 100
138 139 85
114 123 62
82 102 45
48 75 30
34 2 -58
25 -7 -58
13 -12 -49
-7 -28 -43
-22 -33 -36
-37 -43 -21
-37 -55 -7
-28 -55 -2
-19 -38 17
-20 -17 43
-24 -9 57
-29 -4 57
-34 -9 45
-33 -9 28
-28 -6 11
-29 -9 0
-25 -10 -13
-12 -2 -31
-1 1 -42
25 6 -49
43 19 -42
61 31 -32
74 44 -12
79 56 13
85 64 36
93 64 54
109 78 77
115 92 116
113 105 142
113 111 152
99 111 155
87 103 146
70 93 132
52 82 119
36 65 90
12 43 51
-12 22 16
-35 -8 -21
-57 -27 -46
-79 -51 -71
-104 -82 -92
-114 -105 -117
-119 -125 -130
-115 -137 -128
-95 -133 -115
-71 -115 -96
-44 -89 -63
-6 -61 -35
30 -26 1
62 8 38
89 45 72
109 74 94
123 94 107
130 110 121
132 120 119
130 128 107
117 126 95
99 116 84
71 99 57
43 76 34
16 45 12
-4 15 -7
-20 -8 -22
-34 -21 -27
-47 -33 -28
-58 -44 -24
-62 -55 -10
-65 -52 2
-58 -48 14
-52 -45 32
-42 -36 48
-15 -17 54
10 0 55
30 18 69
53 37 77
69 55 74
83 72 66
90 81 51
96 84 47
98 88 27
90 85 18
81 70 6
73 56 -8
64 44 -14
47 37 -14
31 26 -9
9 4 -4
-9 -12 -1
-26 -26 2
-33 -38 9
-42 -50 10
-46 -55 18
-57 -55 20
-68 -56 20
-73 -61 13
-78 -64 2
-84 -69 -8
-85 -76 -25
-83 -78 -47
-74 -81 -70
-63 -78 -94
-48 -71 -109
-29 -71 -119
-3 -65 -118
25 -40 -104
43 -12 -79
52 5 -46
55 17 -27
69 26 -10
81 31 12
98 45 37
102 66 71
94 82 101
81 91 122
74 93 129
64 88 126
56 82 133
48 82 131
33 77 110
13 63 86
-5 43 55
-23 21 22
-38 1 -14
-59 -23 -32
-82 -49 -54
-88 -72 -82
-86 -87 -103
-74 -98 -111
-55 -92 -107
-33 -76 -89
-10 -63 -66
14 -44 -41
38 -20 -7
57 3 24
78 25 53
90 49 77
99 69 92
103 81 98
99 89 97
87 90 85
74 84 66
46 69 38
21 46 14
-8 16 -18
-26 -12 -44
-51 -37 -73
-66 -57 -90
-79 -81 -97
-94 -94 -99
-105 -107 -102
-105 -110 -83
-103 -111 -70
-92 -107 -49
-79 -96 -25
-53 -81 -9
-22 -57 5
10 -28 22
37 9 46
65 37 61
84 64 74
99 78 72
108 91 69
107 99 62
106 99 46
102 94 26
90 88 8
78 74 -3
60 59 -12
38 42 -17
13 19 -16
-7 -3 -16
-23 -21 -10
-34 -29 -5
-42 -36 4
-42 -42 13
-53 -46 26
-56 -47 28
-57 -50 25
-58 -49 24
-53 -46 21
-55 -46 12
-49 -46 -2
-41 -41 -22
-28 -40 -42
-19 -34 -60
-2 -27 -77
1 -27 -88
7 -28 -90
11 -27 -94
17 -25 -95
21 -23 -83
22 -23 -74
26 -25 -62
20 -23 -49
18 -20 -33
13 -19 -15
0 -23 -1
-15 -30 7
-30 -36 16
-38 -41 10
-42 -47 -2
-40 -46 -5
-33 -42 -12
-34 -29 -9
-41 -23 -15
-50 -26 -30
-62 -38 -57
-63 -50 -81
-63 -62 -91
-56 -60 -93
-43 -57 -89
-34 -44 -76
-14 -35 -76
12 -22 -62
40 1 -30
60 22 10
81 46 49
94 65 76
105 84 99
119 99 113
126 115 121
122 122 128
111 121 136
90 109 123
65 93 97
41 69 65
14 47 37
-10 20 0
-30 -8 -34
-49 -33 -58
-70 -57 -78
-84 -78 -99
-91 -91 -114
-101 -100 -110
-105 -110 -102
-102 -115 -100
-91 -118 -94
-76 -112 -77
-51 -95 -51
-25 -70 -24
5 -45 0
29 -10 23
57 16 49
77 46 67
94 67 73
100 84 77
106 91 67
110 94 44
104 91 18
88 88 2
-69 -119 -83
-36 -90 -51
1 -57 -13
38 -19 20
69 21 50
92 55 73
110 87 95
128 109 105
135 130 104
137 141 95
131 145 82
116 138 58
94 128 36
65 107 15
30 73 -8
-2 36 -27
-28 2 -45
-49 -32 -57
-68 -52 -64
-78 -73 -60
-88 -85 -47
-90 -91 -32
-88 -92 -14
-83 -85 6
-67 -71 23
-48 -54 34
-31 -35 42
-5 -15 44
22 10 42
47 34 37
65 52 29
76 70 22
84 75 6
86 78 -14
88 78 -24
84 70 -34
79 63 -35
73 56 -35
67 50 -31
54 41 -25
38 32 -4
15 17 16
0 1 33
-11 -9 52
-22 -13 60
-23 -13 66
-28 -12 69
-31 -14 72
-40 -13 62
-45 -15 53
-49 -16 33
-51 -21 6
-51 -29 -20
-47 -35 -51
-33 -40 -80
-22 -41 -98
-9 -38 -105
7 -30 -101
21 -20 -95
35 -11 -85
49 0 -62
58 13 -35
71 25 -7
89 36 28
98 51 65
103 71 93
103 85 116
96 98 140
81 101 149
66 94 148
47 82 134
29 69 101
9 55 67
-16 30 30
-43 5 -12
-64 -23 -46
-84 -52 -78
-103 -81 -100
-111 -97 -118
-111 -108 -125
-99 -115 -121
-80 -113 -112
-54 -98 -88
-26 -77 -62
10 -50 -27
42 -17 17
74 21 57
101 56 82
123 90 108
137 118 133
148 136 140
152 150 137
147 158 125
136 153 102
113 139 77
82 119 49
46 85 18
9 45 -10
-25 6 -36
-49 -31 -58
-70 -57 -76
-86 -81 -86
-98 -99 -89
-104 -111 -77
-109 -115 -65
-103 -113 -39
-90 -106 -12
-70 -92 9
-45 -66 26
-12 -38 40
19 -9 56
47 24 64
70 51 67
90 77 64
101 92 50
108 99 36
108 102 15
105 96 1
95 86 -19
87 72 -28
75 61 -32
57 47 -34
35 30 -33
16 15 -24
-4 -3 -13
-21 -14 2
-30 -30 21
-35 -38 39
-39 -40 51
-43 -37 58
-44 -29 64
-43 -27 68
-43 -21 61
-45 -19 52
-41 -15 37
-34 -15 17
-25 -12 -9
-11 -10 -31
3 -7 -58
15 -2 -68
28 0 -77
36 8 -76
46 17 -69
53 20 -59
63 26 -43
71 30 -16
83 40 4
88 50 32
92 62 64
83 69 89
77 73 110
62 74 124
46 71 128
30 59 122
14 50 107
-2 39 82
-18 19 52
-39 2 23
-57 -18 -9
-77 -41 -51
-89 -64 -80
-100 -84 -103
-100 -102 -117
-95 -109 -129
-78 -106 -131
-58 -94 -120
-33 -83 -99
-3 -62 -68
27 -34 -33
56 -3 1
79 27 36
99 53 71
117 81 100
129 102 118
136 117 131
137 130 138
130 138 126
110 134 111
82 120 84
48 90 50
10 61 9
-19 23 -27
-51 -17 -62
-76 -54 -86
-95 -85 -108
-110 -109 -120
-120 -125 -118
-128 -136 -104
-122 -138 -85
-111 -134 -57
-89 -120 -28
-57 -89 -2
-15 -59 22
20 -22 45
52 14 69
79 48 84
102 78 92
117 103 90
128 118 75
129 127 64
128 126 41
118 118 18
105 109 -2
88 89 -17
60 66 -30
32 43 -32
5 13 -35
-19 -10 -34
-39 -30 -32
-52 -52 -19
-62 -57 -2
-64 -63 18
-69 -62 30
-64 -58 45
-59 -46 54
-54 -38 63
-47 -26 61
-37 -20 56
-24 -13 40
-8 -5 16
10 4 -9
23 14 -34
36 21 -59
46 27 -64
50 25 -67
56 25 -65
60 28 -62
65 32 -54
68 31 -42
72 32 -19
72 35 7
69 39 32
61 45 64
50 45 87
37 40 106
23 38 115
12 33 115
0 27 105
-10 23 97
-23 15 74
-35 7 49
-49 -7 23
-65 -22 -9
-74 -41 -44
-81 -58 -74
-80 -74 -92
-72 -84 -106
-55 -79 -109
-34 -66 -106
-8 -52 -97
-45 -16 -42
-68 -39 -56
-90 -67 -77
-102 -85 -92
-110 -95 -100
-108 -106 -97
-93 -112 -82
-75 -104 -67
-47 -83 -39
-13 -51 -6
19 -20 21
53 7 50
84 40 69
107 72 88
125 99 103
137 116 110
143 126 106
143 134 89
133 130 72
117 126 51
92 115 24
62 94 9
26 57 -6
-5 25 -23
-28 -7 -35
-50 -31 -49
-67 -55 -51
-78 -70 -41
-85 -80 -25
-81 -80 -11
-74 -74 9
-64 -65 24
-54 -51 34
-36 -41 43
-17 -29 48
6 -14 47
28 9 40
49 27 29
60 40 12
71 47 -2
71 53 -21
71 52 -35
68 50 -50
68 37 -55
62 29 -54
57 25 -52
50 20 -46
37 13 -36
21 6 -21
4 -7 -7
-6 -22 18
-16 -25 38
-26 -26 50
-28 -21 53
-32 -18 57
-36 -21 53
-42 -25 51
-49 -29 32
-50 -30 14
-54 -36 -7
-55 -36 -28
-55 -47 -51
-43 -54 -78
-34 -45 -93
-22 -48 -101
-10 -42 -100
5 -33 -90
17 -29 -81
28 -20 -65
37 -11 -42
48 -1 -20
62 13 9
73 28 34
76 39 54
73 48 68
61 53 83
47 50 80
27 38 73
11 28 56
-7 12 33
-26 -8 4
-44 -28 -22
-67 -49 -54
-84 -68 -82
-102 -85 -104
-114 -106 -117
-121 -122 -126
-114 -131 -130
-106 -131 -125
-85 -120 -112
-61 -100 -88
-33 -79 -68
-2 -51 -36
23 -26 1
50 5 42
79 40 71
100 69 96
119 102 105
134 121 112
139 137 109
132 137 93
114 127 73
88 115 49
60 89 14
24 59 -14
-8 26 -39
-40 -20 -61
-61 -46 -79
-77 -72 -94
-94 -94 -92
-103 -108 -84
-107 -116 -66
-97 -112 -49
-88 -103 -24
-71 -89 4
-48 -68 19
-23 -36 33
7 -12 51
34 14 63
60 37 66
80 65 63
93 84 52
102 95 38
104 103 27
101 98 7
94 85 -14
83 76 -30
69 62 -43
57 45 -49
37 33 -45
19 13 -36
-2 -3 -25
-20 -18 -14
-32 -29 -4
-39 -39 10
-43 -44 29
-45 -44 41
-46 -37 47
-42 -31 50
-44 -27 50
-46 -29 42
-46 -28 26
-43 -30 2
-35 -37 -22
-25 -39 -42
-16 -33 -71
-6 -27 -88
0 -19 -94
10 -20 -92
23 -15 -86
30 -9 -78
37 -3 -64
50 7 -45
57 13 -20
63 24 3
67 37 27
67 45 50
61 51 70
51 55 86
36 52 94
21 38 90
9 27 76
-7 20 57
-20 11 35
-38 -2 6
-52 -23 -23
-70 -41 -56
-84 -65 -84
-97 -85 -107
-102 -103 -120
-95 -111 -122
-80 -110 -119
-56 -95 -112
-31 -73 -90
-3 -53 -60
24 -25 -28
50 5 6
73 38 41
97 64 64
116 93 94
132 116 116
141 136 125
139 147 124
129 151 117
109 143 100
85 125 72
51 93 41
18 60 10
-7 27 -23
-36 -12 -47
-62 -46 -70
-83 -71 -87
-97 -90 -92
-108 -108 -94
-111 -113 -82
-105 -117 -61
-91 -109 -44
-71 -91 -23
-44 -71 4
-10 -44 28
26 -10 50
53 27 68
78 58 85
101 85 92
116 107 92
124 122 81
122 129 58
116 126 38
106 117 7
94 101 -18
71 77 -36
45 49 -51
14 22 -55
-13 -4 -61
-36 -27 -62
-53 -53 -53
-64 -72 -43
-69 -80 -27
-71 -83 -7
-68 -79 9
-66 -72 25
-60 -59 31
-57 -53 38
-49 -52 36
-41 -44 24
-27 -33 8
-12 -25 -16
2 -14 -33
12 -9 -56
20 -9 -77
27 -3 -87
30 -2 -95
32 -8 -98
36 -8 -95
38 -3 -89
41 0 -74
41 3 -51
39 4 -27
34 6 -4
25 7 19
14 7 42
4 5 57
-5 4 67
-14 1 64
-25 -4 52
-35 -13 37
-46 -23 16
-55 -36 -9
-65 -51 -33
-80 -64 -59
-29 -78 -44
9 -39 1
42 -1 42
77 45 75
107 85 100
126 113 126
142 136 138
155 154 139
157 165 131
150 162 105
133 153 75
107 131 35
71 104 -7
34 71 -37
-3 25 -62
-38 -19 -85
-65 -55 -98
-84 -81 -104
-96 -95 -102
-104 -105 -71
-102 -105 -56
-96 -93 -16
-83 -82 6
-72 -74 31
-50 -54 58
-19 -25 72
9 -2 79
40 30 86
66 62 80
82 81 63
93 96 40
98 95 14
99 90 -15
94 83 -38
86 67 -55
76 52 -67
67 44 -69
56 37 -68
41 25 -61
21 15 -40
6 8 -14
-7 -3 16
-14 -8 45
-14 -7 75
-14 2 88
-16 12 102
-19 18 109
-20 17 109
-20 16 93
-22 13 70
-26 6 36
-30 -2 4
-28 -9 -29
-19 -10 -59
-12 -13 -81
-5 -18 -99
4 -15 -108
18 -9 -106
32 -6 -93
47 0 -71
59 14 -39
71 33 -3
89 49 37
100 69 73
106 87 109
110 102 128
101 115 143
83 113 153
65 97 148
44 84 132
27 67 102
4 52 57
-20 29 18
-49 -2 -28
-70 -36 -70
-93 -65 -101
-109 -91 -122
-119 -111 -140
-115 -121 -144
-103 -121 -137
-81 -109 -118
-50 -93 -85
-15 -63 -56
18 -28 -13
51 7 33
84 43 74
114 81 107
136 111 135
152 137 153
159 147 159
158 158 149
149 161 132
132 157 103
99 136 70
60 107 32
25 64 -7
-10 21 -38
-44 -19 -72
-67 -51 -92
-88 -72 -108
-106 -95 -109
-114 -108 -101
-114 -119 -86
-112 -118 -57
-102 -110 -28
-84 -98 4
-55 -71 25
-19 -40 53
15 -7 67
43 21 77
71 48 82
94 71 76
108 87 66
112 100 48
113 101 28
103 92 0
95 82 -28
81 68 -49
69 52 -62
49 37 -78
24 17 -82
-3 0 -74
-28 -24 -62
-43 -46 -43
-53 -57 -20
-56 -57 8
-55 -52 39
-53 -44 60
-47 -30 78
-43 -21 85
-41 -16 87
-34 -11 86
-33 -8 66
-23 -4 30
-14 -1 4
-3 0 -31
7 -5 -67
17 -5 -95
19 -11 -107
22 -13 -113
34 -9 -113
40 -3 -103
45 -1 -87
55 7 -62
63 16 -29
74 31 7
82 42 48
73 54 89
66 62 114
57 67 131
43 64 137
32 56 134
14 51 120
2 39 95
-17 25 55
-38 5 17
-61 -20 -27
-83 -45 -70
-100 -69 -107
-114 -102 -131
-118 -123 -152
-106 -123 -156
-86 -117 -151
-58 -103 -132
-31 -83 -99
-3 -58 -61
30 -25 -21
62 12 27
88 42 68
113 71 95
136 97 117
148 121 133
150 132 141
145 137 137
125 135 119
98 121 87
62 97 56
23 66 17
-12 24 -34
-44 -17 -64
-73 -54 -95
-98 -84 -118
-118 -107 -130
-132 -127 -133
-140 -137 -122
-138 -142 -103
-123 -137 -78
-103 -118 -46
-72 -94 -10
-31 -63 23
10 -21 52
50 23 81
79 57 99
107 90 111
128 112 111
139 127 100
142 132 80
136 132 52
127 121 20
111 105 -8
85 86 -30
53 53 -47
23 24 -61
-7 -1 -73
-33 -25 -74
-52 -46 -72
-65 -65 -51
-74 -73 -29
-73 -77 -9
-72 -67 20
-67 -61 43
-59 -49 61
-48 -32 74
-41 -20 81
-26 -9 82
-9 5 77
13 17 52
30 31 30
43 41 4
51 41 -26
58 42 -52
57 40 -63
56 30 -73
57 27 -77
59 25 -75
61 26 -64
67 28 -44
63 30 -20
61 29 11
54 36 46
42 35 76
31 40 100
28 42 117
21 44 130
10 41 126
2 38 116
-6 29 95
-19 18 61
-37 2 22
-55 -20 -14
-74 -43 -58
-84 -62 -88
-89 -79 -110
-81 -92 -129
-66 -96 -144
-50 -89 -143
-24 -75 -129
1 -58 -98
22 -36 -60
46 -12 -22
-9 -34 -77
21 -12 -68
49 18 -53
71 40 -37
90 58 -12
104 76 9
113 85 24
127 97 44
129 109 63
128 118 77
122 114 84
101 109 92
73 92 104
41 70 106
11 44 89
-15 20 72
-39 1 39
-58 -23 4
-78 -52 -29
-95 -74 -53
-110 -91 -75
-120 -114 -97
-130 -124 -112
-124 -124 -113
-103 -116 -117
-70 -107 -106
-30 -83 -81
2 -61 -57
30 -25 -30
58 18 3
86 58 37
113 84 73
132 109 95
149 123 109
153 144 110
153 159 106
147 157 111
130 141 113
94 119 86
59 95 59
17 62 24
-20 23 -6
-43 -17 -33
-70 -59 -49
-89 -86 -63
-110 -100 -75
-116 -108 -79
-120 -115 -71
-120 -115 -59
-110 -116 -41
-96 -111 -22
-67 -91 -10
-32 -54 -4
10 -18 15
47 14 36
81 44 53
98 74 62
117 101 57
130 116 46
137 121 52
141 118 40
134 116 28
123 115 29
104 108 29
88 97 24
62 74 19
30 48 19
-2 16 19
-29 -8 14
-40 -28 22
-56 -31 29
-67 -38 31
-76 -44 30
-84 -57 24
-81 -69 13
-80 -71 12
-82 -75 5
-80 -62 -11
-66 -61 -26
-43 -57 -49
-10 -43 -59
18 -23 -65
46 -2 -63
64 26 -50
78 43 -36
89 47 -16
103 69 -7
110 84 7
119 90 22
130 99 52
124 100 80
109 109 97
90 109 106
63 98 107
40 77 112
10 50 104
-11 27 93
-37 10 69
-50 -7 34
-70 -35 9
-88 -56 -22
-103 -78 -42
-117 -89 -64
-124 -97 -85
-115 -105 -90
-88 -110 -99
-62 -96 -97
-35 -86 -87
4 -53 -69
41 -20 -46
72 15 -17
96 53 20
121 78 56
139 95 82
151 116 102
155 130 119
161 147 117
157 150 122
134 143 109
102 121 84
64 76 58
30 36 42
-9 15 14
-47 -11 -15
-73 -42 -35
-95 -73 -46
-113 -82 -51
-127 -92 -54
-132 -98 -53
-120 -97 -55
-115 -97 -53
-102 -102 -45
-82 -97 -30
-47 -73 -17
-10 -46 0
25 -8 24
65 27 41
89 58 56
114 79 56
130 101 65
143 125 64
150 132 64
146 135 67
138 130 60
122 109 44
107 99 27
77 75 14
48 50 8
17 24 11
-14 2 11
-41 -18 0
-55 -38 -2
-70 -53 -2
-74 -63 10
-80 -68 21
-89 -70 23
-90 -62 32
-85 -55 38
-77 -52 22
-61 -51 13
-33 -35 7
-8 -15 -3
22 11 -12
50 26 -11
76 40 -11
90 63 -12
102 74 -9
106 80 -2
114 85 -4
122 84 -12
122 75 1
109 73 12
87 78 30
57 64 45
30 41 53
13 23 60
-9 11 70
-26 -7 77
-43 -19 65
-57 -26 49
-68 -34 30
-78 -47 16
-83 -57 -1
-94 -68 -12
-99 -72 -32
-96 -80 -52
-82 -79 -67
-56 -67 -78
-23 -51 -77
8 -39 -66
38 -7 -33
69 30 -3
96 66 31
114 94 65
132 117 92
146 131 124
158 147 144
163 165 155
163 165 164
158 163 166
138 157 159
106 143 153
66 115 138
27 80 101
0 47 70
-26 22 34
-49 -5 0
-80 -40 -17
-104 -68 -33
-118 -87 -57
-123 -101 -62
-116 -105 -60
-112 -100 -56
-96 -95 -50
-60 -89 -36
-16 -63 -15
26 -23 15
65 21 39
100 55 71
126 92 89
149 112 98
166 129 112
169 143 119
168 148 109
167 141 93
151 132 76
122 122 65
95 102 51
55 75 41
13 47 22
-17 10 14
-42 -24 4
-60 -44 -10
-76 -54 -8
-92 -64 -8
-95 -65 5
-98 -62 21
-96 -60 32
-84 -62 44
-62 -55 39
-46 -33 48
-22 -14 40
15 3 41
44 23 38
70 50 37
89 64 31
108 73 25
122 85 28
128 98 35
132 106 40
-34 -21 19
-50 -37 22
-64 -49 21
-75 -56 23
-82 -59 31
-85 -61 36
-83 -60 32
-82 -60 28
-71 -60 10
-60 -52 1
-35 -47 -17
-9 -33 -30
17 -18 -32
40 5 -40
61 24 -38
79 49 -20
96 66 -4
107 85 18
117 95 40
126 94 60
130 103 69
125 109 85
109 102 104
87 92 116
57 71 118
29 49 116
2 27 97
-20 3 75
-43 -14 48
-65 -36 16
-83 -58 -13
-96 -76 -43
-110 -99 -68
-121 -114 -83
-124 -119 -102
-116 -122 -112
-92 -109 -113
-59 -93 -106
-24 -68 -90
10 -42 -63
46 -1 -24
77 33 14
104 64 51
126 90 92
140 114 125
153 129 142
157 143 157
154 150 153
142 143 146
111 128 128
76 105 102
37 70 74
-5 33 41
-38 -9 2
-65 -37 -37
-87 -68 -64
-107 -96 -90
-121 -112 -103
-130 -126 -113
-133 -138 -111
-123 -139 -91
-113 -130 -77
-87 -115 -56
-57 -87 -32
-19 -55 -10
19 -15 29
54 16 47
87 50 66
113 84 83
131 111 95
140 124 111
142 131 102
141 135 83
136 130 65
124 118 48
99 99 30
66 75 17
30 45 0
-4 7 -14
-35 -21 -17
-54 -45 -24
-70 -64 -29
-83 -81 -32
-92 -91 -25
-100 -97 -15
-99 -95 -9
-98 -88 5
-92 -80 12
-79 -70 24
-59 -55 24
-30 -38 12
-1 -18 3
27 5 -10
54 25 -10
76 45 -7
93 61 -3
104 76 1
111 83 11
117 84 23
118 90 36
117 92 41
112 89 52
98 84 66
77 74 84
51 62 98
28 48 100
4 30 95
-12 12 83
-31 -3 77
-50 -19 56
-66 -35 34
-79 -51 13
-91 -68 -10
-97 -79 -30
-99 -87 -53
-100 -90 -74
-88 -92 -92
-65 -86 -93
-34 -69 -94
-5 -47 -85
26 -19 -66
54 13 -38
85 38 -2
105 65 35
122 84 66
136 104 98
146 121 126
150 127 139
143 134 141
127 131 140
99 117 136
63 94 118
26 61 90
-10 25 48
-36 -14 7
-65 -48 -34
-87 -72 -70
-109 -96 -94
-124 -113 -111
-129 -130 -119
-131 -136 -115
-130 -138 -115
-118 -132 -100
-94 -116 -81
-63 -95 -60
-25 -66 -41
13 -34 -14
49 7 17
82 44 58
110 77 82
130 104 107
142 120 109
146 127 103
144 128 94
135 127 73
120 115 53
95 93 36
61 65 18
22 35 -1
-16 3 -19
-48 -30 -39
-72 -59 -53
-89 -80 -68
-103 -102 -75
-109 -113 -71
-114 -117 -58
-117 -117 -54
-114 -115 -43
-108 -113 -35
-92 -103 -28
-71 -90 -19
-41 -66 -22
-10 -39 -19
19 -13 -24
45 7 -23
62 28 -20
78 44 -26
87 56 -23
94 63 -23
94 63 -22
94 62 -25
92 60 -23
82 57 -16
66 49 0
42 38 12
13 20 20
-11 -2 27
-34 -25 26
-49 -40 23
-64 -51 17
-79 -64 15
-92 -76 4
-103 -87 -13
-107 -95 -37
-111 -102 -59
-115 -104 -76
-106 -107 -94
-90 -105 -111
-67 -94 -124
-39 -73 -129
-12 -52 -121
17 -30 -105
42 -7 -75
67 16 -54
87 34 -16
103 61 13
117 77 44
125 94 68
128 107 91
123 107 101
109 107 114
84 100 114
54 84 110
23 55 91
-6 23 65
-36 -7 28
-60 -36 -9
-86 -66 -50
-108 -89 -79
-125 -112 -107
-138 -124 -121
-143 -135 -137
-143 -142 -138
-130 -145 -137
-104 -132 -126
-67 -106 -112
-30 -76 -82
8 -40 -44
49 2 -4
80 41 34
106 71 66
125 95 95
137 114 108
143 128 109
145 132 103
138 131 94
122 125 78
98 109 62
63 86 30
23 50 4
-11 6 -21
-42 -27 -47
-68 -59 -73
-93 -83 -91
-111 -102 -104
-124 -119 -95
-129 -126 -89
-129 -126 -83
-125 -121 -71
-109 -114 -48
124 106 21
118 95 14
101 89 21
76 72 25
44 53 30
15 28 35
-10 2 33
-33 -22 35
-52 -42 32
-70 -54 15
-83 -66 6
-91 -76 -3
-98 -82 -14
-105 -88 -30
-108 -92 -46
-103 -94 -69
-91 -94 -88
-67 -83 -108
-39 -70 -114
-10 -46 -100
20 -21 -82
47 3 -60
76 31 -35
100 62 2
114 84 36
129 100 72
137 115 94
140 125 117
134 128 139
122 125 146
97 119 147
65 98 137
31 71 118
-1 39 91
-30 9 45
-57 -19 2
-82 -51 -41
-107 -81 -71
-124 -105 -103
-135 -122 -121
-142 -133 -130
-137 -138 -130
-125 -137 -126
-94 -121 -115
-54 -96 -90
-13 -52 -54
31 -9 -11
70 29 32
106 69 69
138 113 111
162 138 140
172 159 162
169 166 162
163 162 154
153 159 138
129 143 113
98 118 86
53 83 55
11 43 20
-24 3 -10
-52 -31 -49
-81 -60 -73
-100 -87 -90
-112 -105 -91
-122 -118 -92
-124 -122 -85
-125 -117 -72
-114 -112 -50
-93 -102 -26
-69 -79 -6
-33 -55 11
4 -20 29
41 14 43
72 48 59
99 79 71
122 104 77
137 120 82
142 131 80
142 134 70
137 127 63
129 116 47
114 104 34
93 90 36
62 70 35
35 45 34
5 21 29
-19 -1 28
-39 -21 28
-52 -39 23
-63 -53 21
-74 -62 21
-79 -63 21
-82 -67 22
-86 -70 13
-84 -66 -1
-75 -63 -10
-58 -58 -23
-32 -43 -38
-4 -27 -48
23 -4 -49
48 16 -38
72 40 -24
92 59 -8
107 75 17
118 87 35
126 98 57
135 108 76
136 117 93
132 121 115
114 112 130
93 105 138
66 87 135
35 64 123
9 38 104
-17 8 73
-42 -12 37
-65 -37 0
-88 -66 -33
-104 -87 -67
-119 -107 -100
-129 -117 -126
-130 -128 -132
-120 -132 -141
-99 -128 -140
-68 -109 -135
-34 -80 -105
3 -46 -71
41 -7 -20
77 34 23
107 68 67
131 101 105
148 121 137
159 142 155
164 152 161
162 156 160
143 151 147
119 139 125
82 114 101
45 77 65
3 39 24
-31 -9 -21
-66 -50 -59
-93 -79 -94
-116 -105 -115
-132 -124 -125
-140 -140 -128
-143 -146 -113
-136 -147 -106
-124 -137 -85
-100 -119 -59
-66 -95 -39
-23 -59 -11
18 -18 18
52 23 48
87 55 76
114 85 90
128 111 95
140 130 93
145 139 92
144 137 83
137 129 64
123 118 45
100 100 26
66 75 12
32 45 0
-3 11 -8
-35 -22 -26
-54 -51 -35
-75 -71 -41
-91 -86 -43
-100 -96 -40
-104 -101 -32
-104 -103 -28
-105 -99 -22
-101 -94 -21
-89 -87 -22
-72 -75 -31
-47 -62 -39
-20 -41 -47
10 -22 -54
36 4 -54
57 29 -41
76 44 -33
92 62 -30
99 67 -20
104 70 -7
106 72 4
106 73 17
101 74 33
87 74 52
66 63 64
41 51 73
19 30 77
-8 10 69
-29 -8 56
-50 -26 36
-68 -46 5
-88 -64 -16
-103 -83 -47
-114 -97 -72
-122 -107 -92
-121 -114 -112
-117 -118 -125
-106 -118 -132
-76 -107 -137
-46 -87 -126
-11 -55 -103
26 -27 -71
58 15 -28
88 44 12
112 76 52
129 104 93
145 126 118
155 137 138
157 146 151
149 147 154
129 140 142
97 119 130
61 92 105
20 55 65
-12 22 23
-45 -12 -18
-73 -46 -57
-98 -78 -92
-118 -103 -116
-131 -122 -131
-141 -134 -140
-140 -137 -136
-134 -142 -117
-116 -131 -107
-85 -108 -81
-43 -80 -55
-3 -41 -18
39 -5 18
75 38 55
105 77 87
131 103 110
144 126 117
157 138 121
158 147 115
153 146 101
138 139 84
118 122 63
90 102 41
50 67 18
15 31 -2
-21 -2 -27
-50 -36 -40
-73 -66 -56
-91 -84 -62
-120 -99 -94
-125 -105 -103
-126 -114 -100
-126 -114 -95
-114 -112 -84
-89 -99 -69
-57 -81 -41
-18 -49 -11
18 -5 9
57 31 27
90 58 52
127 89 65
148 106 73
153 121 86
149 124 88
145 127 78
128 126 58
106 117 41
85 89 35
53 62 18
13 31 4
-19 1 -16
-41 -28 -31
-65 -42 -46
-77 -49 -47
-88 -68 -43
-94 -78 -30
-99 -79 -27
-102 -82 -19
-94 -83 -14
-86 -77 -12
-66 -67 -15
-37 -54 -17
-6 -36 -19
21 -16 -27
41 9 -26
66 30 -22
84 42 -14
94 53 -8
99 69 -6
102 71 -7
103 69 -1
102 70 20
98 77 32
86 82 31
66 75 43
41 62 56
18 49 55
-5 32 59
-21 10 49
-39 -6 40
-48 -27 30
-60 -45 18
-73 -58 -8
-85 -63 -35
-91 -72 -51
-94 -81 -66
-89 -89 -70
-78 -87 -78
-52 -71 -80
-23 -46 -73
6 -19 -53
38 6 -34
76 37 -5
102 65 20
118 92 49
136 111 79
150 124 102
150 141 115
147 154 124
137 158 128
119 150 138
93 136 130
74 114 123
41 92 108
19 69 81
-6 44 49
-30 10 20
-58 -26 -17
-82 -56 -41
-108 -84 -63
-125 -106 -83
-129 -118 -97
-114 -130 -110
-93 -136 -127
-60 -126 -114
-38 -83 -77
-10 -47 -47
34 -8 -7
70 42 45
104 75 81
134 97 101
154 119 121
158 136 130
159 146 132
150 148 116
139 145 102
118 133 73
86 110 52
49 78 32
12 49 8
-22 7 -24
-47 -32 -41
-73 -53 -51
-93 -72 -63
-107 -90 -68
-119 -107 -64
-124 -113 -69
-124 -117 -55
-116 -106 -34
-97 -100 -13
-65 -91 2
-30 -57 5
6 -20 18
43 2 24
70 31 33
85 55 22
110 69 17
132 86 30
139 116 53
138 129 49
141 119 53
133 107 53
117 113 50
98 111 35
73 78 39
47 50 54
14 33 54
-11 14 44
-31 -9 30
-50 -20 33
-65 -22 38
-76 -29 33
-84 -44 19
-86 -51 23
-82 -53 14
-83 -63 -11
-78 -72 -40
-57 -78 -68
-40 -76 -75
-24 -60 -69
-3 -41 -74
18 -18 -69
41 5 -57
66 18 -43
83 34 -10
93 52 17
106 71 47
120 92 67
130 108 95
134 121 100
121 125 110
92 107 104
62 77 90
23 42 60
-9 9 37
-40 -19 15
-61 -45 -12
-81 -60 -34
-98 -73 -50
-112 -89 -65
-120 -104 -84
-123 -114 -103
-117 -121 -119
-101 -120 -114
-77 -113 -104
-50 -90 -88
-20 -60 -83
18 -34 -55
60 -2 -7
88 39 32
111 79 66
134 105 115
152 130 134
156 155 139
164 166 145
168 162 147
146 158 122
104 146 103
62 110 82
28 67 60
-9 24 23
-38 -10 -9
-68 -36 -46
-87 -67 -77
-95 -96 -93
-103 -112 -102
-116 -126 -104
-120 -129 -82
-111 -128 -70
-92 -116 -48
-72 -98 -32
-40 -71 -21
-6 -35 -9
31 -3 17
63 23 44
89 57 67
107 90 60
129 102 64
137 106 57
134 109 60
135 104 54
125 106 49
103 111 31
77 93 28
42 51 30
2 11 15
-35 -4 -21
-54 -28 -20
-61 -55 -8
-70 -67 -23
-80 -67 -31
-86 -71 -7
-94 -80 -3
-97 -78 -11
-90 -78 -15
-84 -78 -23
-68 -62 -31
-45 -52 -36
-21 -45 -30
8 -18 -31
40 7 -32
63 18 -22
76 36 -18
86 55 -22
95 51 -9
104 50 0
108 63 5
108 71 24
102 76 39
92 72 48
70 63 57
52 59 65
30 45 60
-4 24 55
-30 6 44
-50 -13 25
-73 -44 1
-95 -75 -35
-113 -100 -78
-125 -114 -101
-136 -128 -122
-136 -136 -126
-134 -137 -126
-111 -136 -130
-85 -122 -125
-52 -92 -111
-12 -61 -86
21 -31 -54
51 -6 -18
149 132 105
148 137 110
140 136 106
117 126 94
79 107 76
45 75 53
5 38 27
-27 -1 -16
-62 -33 -52
-89 -66 -81
-111 -100 -99
-129 -127 -116
-138 -140 -132
-143 -146 -126
-138 -145 -115
-125 -142 -98
-102 -126 -79
-68 -105 -62
-27 -62 -34
18 -21 -9
54 16 15
88 50 37
109 84 55
129 106 75
137 121 73
137 130 72
138 131 65
126 124 51
109 112 37
85 86 23
44 64 11
13 26 -6
-24 -6 -13
-48 -35 -33
-69 -58 -41
-86 -76 -45
-96 -89 -48
-106 -98 -42
-107 -95 -38
-106 -93 -34
-102 -90 -26
-90 -84 -25
-67 -71 -31
-41 -57 -36
-9 -38 -40
19 -12 -44
46 15 -35
70 36 -30
87 50 -24
102 64 -13
110 77 -1
115 79 8
117 87 26
117 95 41
110 97 56
94 94 75
70 87 85
41 67 89
19 48 86
-2 30 79
-23 10 54
-44 -10 35
-64 -27 12
-81 -55 -21
-96 -73 -50
-112 -91 -75
-122 -107 -97
-122 -115 -120
-110 -124 -128
-86 -115 -138
-57 -97 -133
-27 -73 -118
7 -50 -92
41 -20 -53
70 15 -17
92 52 20
118 84 62
139 108 93
158 135 119
163 153 135
162 161 141
147 162 150
121 150 140
83 131 119
51 100 93
18 64 57
-15 21 20
-51 -12 -18
-75 -45 -51
-99 -74 -77
-115 -101 -100
-126 -124 -109
-135 -133 -112
-131 -135 -117
-118 -134 -102
-94 -122 -88
-57 -97 -63
-22 -59 -43
18 -24 -15
56 13 15
89 53 41
116 85 58
139 112 76
148 129 90
150 140 89
149 140 83
138 133 76
122 126 65
98 113 49
63 86 35
28 52 20
-4 20 3
-34 -8 -11
-55 -29 -26
-74 -48 -35
-88 -67 -40
-98 -79 -41
-105 -89 -40
-105 -95 -38
-98 -97 -34
-90 -90 -29
-74 -79 -28
-48 -66 -25
-17 -42 -19
14 -16 -21
44 12 -9
68 38 -5
89 59 6
105 75 11
115 89 18
119 92 20
121 93 22
117 96 30
110 92 34
97 87 41
73 79 51
48 65 60
23 44 71
1 24 66
-18 7 57
-36 -3 48
-52 -23 30
-68 -39 14
-84 -54 -5
-96 -69 -28
-102 -80 -49
-106 -90 -68
-103 -94 -89
-85 -91 -101
-63 -88 -107
-35 -75 -111
-5 -53 -107
22 -28 -85
50 -7 -64
75 23 -32
93 49 4
110 71 40
127 90 69
138 108 97
141 121 112
138 131 125
120 132 132
92 118 132
64 102 116
30 77 92
-2 41 55
-30 13 11
-59 -19 -34
-86 -53 -70
-109 -84 -99
-130 -111 -124
-142 -133 -136
-146 -145 -142
-142 -148 -138
-126 -148 -130
-97 -131 -116
-59 -103 -93
-14 -65 -65
26 -30 -28
62 17 13
93 56 49
117 90 80
137 118 103
153 137 115
158 146 117
157 153 107
146 149 96
122 137 83
89 115 63
53 82 38
14 48 20
-20 12 -2
-48 -24 -27
-76 -49 -47
-87 -74 -62
-103 -94 -65
-114 -106 -71
-115 -110 -68
-115 -113 -58
-109 -105 -50
-92 -98 -34
-66 -78 -28
-34 -52 -19
2 -23 -10
35 6 -3
65 30 9
86 56 20
103 78 23
114 95 30
122 104 28
127 106 33
122 105 31
119 102 30
105 90 34
83 82 32
56 64 35
29 45 43
3 22 44
-17 2 49
-33 -8 39
-51 -20 34
-63 -30 22
-74 -44 14
-84 -54 3
-90 -62 -13
-94 -75 -36
-90 -77 -46
-78 -74 -65
-59 -68 -73
-30 -59 -81
-3 -42 -80
22 -22 -72
46 3 -54
70 26 -31
88 47 -4
107 67 24
119 88 52
132 105 71
137 118 95
136 122 113
125 123 127
105 117 131
75 103 127
45 84 116
17 59 98
-11 29 60
-37 4 24
-60 -24 -10
-83 -52 -46
-100 -77 -70
122 83 15
130 88 16
131 90 19
130 89 11
120 84 9
103 78 8
76 60 13
43 39 17
9 16 20
-19 -7 23
-41 -23 18
-62 -35 13
-77 -47 7
-91 -56 8
-103 -63 1
-109 -74 -10
-111 -78 -20
-105 -82 -38
-97 -82 -51
-78 -77 -72
-47 -69 -83
-19 -50 -83
12 -30 -81
40 -12 -69
70 15 -51
92 34 -27
107 56 -3
119 70 25
133 81 48
139 94 70
140 105 85
127 109 103
105 106 114
75 92 117
42 74 109
10 50 91
-16 25 63
-45 3 30
-70 -23 2
-93 -46 -23
-111 -69 -53
-129 -91 -81
-138 -108 -100
-143 -124 -115
-135 -135 -131
-113 -131 -142
-79 -118 -138
-44 -99 -121
-5 -73 -98
34 -39 -58
72 0 -19
102 34 18
128 71 51
147 102 85
161 124 108
165 140 118
159 148 126
142 148 130
115 139 117
76 117 102
39 84 79
4 47 48
-30 13 18
-62 -19 -16
-90 -46 -48
-110 -76 -71
-127 -99 -87
-138 -119 -94
-143 -132 -91
-138 -132 -87
-122 -128 -74
-93 -109 -59
-54 -85 -39
-13 -52 -15
29 -18 9
63 19 33
98 52 46
120 76 55
137 94 63
146 107 62
149 118 60
149 124 54
138 119 44
121 107 39
93 93 32
57 70 26
21 44 23
-9 16 20
-33 -14 12
-57 -36 0
-74 -55 -6
-92 -68 -6
-101 -78 -6
-106 -79 -10
-107 -80 -21
-105 -77 -32
-98 -81 -41
-82 -75 -56
-57 -68 -68
-29 -55 -75
-1 -38 -80
25 -19 -79
54 -1 -62
75 21 -57
93 39 -40
106 54 -19
115 65 4
122 75 26
120 79 42
114 81 56
103 79 72
77 71 84
47 60 86
21 40 77
-5 21 66
-29 2 50
-51 -15 25
-74 -35 1
-92 -52 -28
-107 -72 -55
-122 -88 -83
-130 -105 -109
-134 -118 -126
-129 -129 -140
-112 -128 -139
-82 -114 -138
-49 -89 -122
-11 -60 -97
30 -28 -65
66 2 -26
100 35 9
121 64 43
141 90 77
155 111 110
162 136 128
162 144 139
149 148 139
122 141 133
87 122 119
48 95 96
9 59 64
-28 21 18
-59 -18 -19
-88 -49 -57
-115 -80 -87
-133 -105 -106
-145 -126 -124
-152 -143 -129
-151 -151 -127
-139 -152 -123
-116 -140 -110
-80 -118 -91
-42 -84 -67
2 -50 -40
41 -12 -9
75 27 20
104 58 41
123 84 58
136 108 67
145 121 71
146 127 66
139 126 58
126 114 46
100 102 38
63 78 30
26 49 19
-10 17 4
-39 -11 -12
-64 -41 -26
-86 -63 -40
-101 -85 -45
-115 -102 -44
-121 -107 -42
-124 -106 -41
-121 -101 -36
-111 -94 -39
-90 -85 -42
-62 -72 -47
-28 -51 -49
3 -23 -52
36 -1 -55
62 18 -49
83 32 -46
97 47 -44
107 60 -35
113 66 -28
119 73 -8
119 77 9
113 81 27
97 82 47
73 76 65
48 65 82
23 50 93
-3 32 91
-25 16 78
-45 -4 60
-65 -23 36
-82 -40 15
-98 -57 -13
-110 -71 -41
-122 -85 -66
-122 -101 -93
-117 -110 -118
-102 -115 -136
-74 -107 -144
-43 -92 -139
-10 -68 -122
22 -40 -99
55 -11 -66
86 19 -30
108 46 10
128 71 50
143 94 82
153 114 108
156 132 128
145 141 138
124 140 140
92 127 138
57 106 120
21 74 96
-10 42 57
-43 15 14
-71 -19 -25
-98 -51 -60
-118 -87 -89
-134 -114 -115
-144 -127 -130
-145 -140 -137
-136 -144 -135
-114 -140 -124
-80 -124 -113
-46 -97 -90
-2 -60 -58
36 -21 -22
73 17 11
104 52 41
127 81 63
145 108 78
156 124 90
158 131 92
154 135 85
137 129 74
110 116 62
73 94 44
34 66 26
-4 31 2
-35 -2 -23
-63 -32 -42
-85 -57 -63
-105 -81 -74
-92 -74 -77
-115 -99 -89
-130 -119 -95
-139 -132 -93
-141 -133 -84
-137 -134 -73
-128 -129 -62
-105 -112 -48
-71 -92 -43
-34 -62 -33
5 -27 -21
42 5 -10
77 37 7
102 64 17
120 80 21
131 96 23
135 102 26
135 100 29
131 102 25
118 92 30
94 86 33
62 65 37
30 41 35
-3 9 32
-27 -15 28
-50 -32 13
-72 -51 2
-92 -66 -4
-104 -80 -19
-114 -89 -33
-121 -95 -46
-122 -101 -63
-117 -101 -77
-102 -98 -91
-74 -88 -108
-44 -71 -113
-5 -50 -106
27 -25 -93
56 4 -68
83 25 -47
106 52 -11
120 69 21
134 86 47
145 100 73
144 108 90
136 112 112
116 115 123
84 102 126
52 80 122
17 55 104
-13 27 72
-39 3 34
-66 -21 -2
-87 -48 -38
-111 -74 -69
-130 -94 -98
-138 -113 -122
-145 -130 -138
-138 -136 -144
-114 -133 -145
-81 -117 -137
-44 -92 -109
-2 -59 -76
36 -22 -35
74 16 16
108 53 58
134 88 97
153 118 123
168 139 144
177 158 154
176 164 152
159 161 146
132 150 130
94 130 105
52 95 76
12 54 36
-24 16 -4
-58 -21 -44
-88 -58 -75
-113 -87 -96
-131 -113 -107
-142 -133 -113
-147 -145 -105
-144 -142 -89
-125 -134 -68
-97 -115 -49
-62 -90 -31
-17 -55 -7
22 -13 10
62 24 31
95 58 51
120 86 63
141 112 71
151 128 73
158 138 71
155 138 65
146 132 52
130 124 50
106 106 44
70 82 39
34 53 37
2 22 33
-26 -10 22
-49 -28 14
-67 -49 6
-86 -63 2
-96 -76 -4
-103 -83 -8
-112 -85 -14
-110 -84 -26
-103 -83 -36
-88 -79 -49
-64 -67 -62
-35 -55 -72
-3 -30 -67
30 -6 -65
58 16 -44
84 38 -31
105 63 -11
120 78 12
131 90 36
141 98 60
143 108 78
140 111 99
124 113 110
98 105 117
66 86 120
34 65 114
5 38 94
-20 15 67
-49 -10 32
-74 -32 0
-95 -57 -32
-115 -82 -66
-130 -100 -94
-139 -116 -110
-140 -127 -128
-127 -129 -138
-104 -124 -143
-69 -108 -137
-32 -81 -116
5 -51 -85
41 -19 -46
78 18 -8
108 52 39
131 82 79
151 110 107
163 130 133
167 151 147
165 153 148
145 154 142
116 140 128
77 114 105
37 79 72
-2 41 37
-37 4 -10
-71 -32 -49
-98 -64 -83
-121 -97 -107
-139 -120 -126
-149 -141 -134
-154 -150 -131
-149 -154 -123
-134 -148 -107
-103 -130 -90
-62 -102 -69
-22 -68 -45
21 -29 -10
61 15 25
95 54 51
125 89 73
145 118 86
156 136 97
161 145 97
158 150 84
147 143 67
128 129 55
96 109 41
54 76 25
16 38 4
-20 4 -6
-46 -29 -24
-73 -54 -43
-96 -77 -51
-112 -98 -47
-122 -112 -48
-127 -120 -43
-127 -117 -42
-122 -112 -34
-106 -101 -31
-84 -88 -40
-50 -68 -44
-18 -41 -49
16 -15 -51
46 11 -55
71 30 -43
93 50 -34
109 70 -18
117 81 -3
124 88 16
130 94 34
129 95 45
117 93 65
98 89 76
71 76 82
41 56 91
12 33 90
-14 13 74
-38 -5 51
-61 -26 26
-83 -46 0
-100 -67 -28
-116 -84 -60
-130 -99 -89
-136 -114 -114
-133 -124 -128
-121 -126 -137
-93 -116 -145
-60 -100 -140
-23 -73 -121
16 -46 -92
49 -12 -53
83 23 -14
108 54 30
132 86 62
151 105 99
159 127 121
164 139 136
154 145 147
132 142 140
99 126 128
62 103 108
22 68 72
-10 31 34
-44 -6 -8
-78 -38 -50
-105 -73 -83
-127 -106 -110
-143 -128 -135
-153 -148 -140
-155 -157 -140
-147 -157 -136
-132 -147 -125
-95 -128 -107
-53 -98 -84
-10 -60 -48
31 -22 -14
71 19 26
104 55 60
130 89 83
-79 -107 -102
-33 -81 -75
13 -43 -35
63 4 6
98 43 46
128 77 87
154 101 120
175 129 131
182 144 148
180 157 157
169 158 141
145 141 130
109 117 98
68 89 67
17 53 34
-32 12 -1
-63 -29 -33
-94 -60 -53
-115 -87 -85
-138 -106 -105
-152 -120 -100
-150 -136 -100
-143 -135 -85
-132 -128 -64
-110 -111 -50
-71 -81 -38
-33 -55 -24
16 -23 2
54 1 18
83 36 31
110 73 24
134 94 37
144 102 41
150 107 44
150 111 60
143 111 60
125 107 52
103 91 42
65 60 40
30 30 42
-7 11 46
-34 -2 45
-62 -16 34
-77 -36 14
-89 -57 2
-106 -77 -15
-119 -91 -29
-128 -97 -57
-126 -99 -66
-117 -97 -79
-99 -91 -87
-73 -75 -89
-42 -57 -102
1 -40 -87
34 -25 -73
65 5 -56
89 29 -34
108 53 -5
123 70 37
137 86 63
144 103 82
144 106 94
137 108 111
115 97 118
84 76 119
45 57 103
9 36 82
-19 18 48
-54 -3 35
-83 -29 3
-103 -58 -36
-125 -84 -79
-141 -102 -116
-151 -117 -136
-152 -128 -152
-145 -134 -156
-123 -136 -154
-93 -125 -138
-59 -98 -127
-15 -72 -98
28 -36 -61
67 2 -20
104 41 32
134 72 81
154 101 117
164 123 123
173 141 129
169 146 134
158 142 141
127 121 118
81 98 94
36 69 57
-6 39 22
-35 4 -11
-69 -31 -42
-100 -66 -71
-124 -97 -92
-142 -119 -112
-158 -136 -119
-158 -139 -115
-155 -135 -110
-140 -131 -99
-114 -119 -87
-70 -100 -67
-29 -70 -45
12 -33 -20
54 6 -2
92 35 30
120 66 58
140 92 73
149 108 75
153 118 73
155 126 72
149 120 58
132 107 48
102 89 42
59 69 41
18 39 21
-19 11 6
-43 -18 -7
-65 -43 -23
-87 -65 -28
-107 -78 -27
-118 -89 -32
-125 -92 -40
-128 -98 -40
-125 -105 -41
-119 -102 -52
-99 -91 -52
-69 -87 -68
-34 -65 -74
3 -32 -73
41 -1 -64
66 22 -64
89 36 -36
104 51 -26
122 64 -8
131 73 29
134 84 44
134 94 67
128 96 89
110 94 101
80 82 112
49 62 120
14 42 109
-10 27 90
-34 10 52
-62 -10 19
-86 -35 -10
-105 -62 -40
-116 -85 -76
-130 -99 -104
-139 -111 -122
-142 -117 -139
-132 -122 -137
-100 -119 -136
-61 -101 -140
-23 -75 -118
16 -44 -83
56 -16 -34
91 21 11
118 59 53
142 92 91
161 118 113
170 132 127
176 138 143
165 140 155
137 139 145
103 126 125
63 94 100
19 61 59
-21 24 24
-61 -13 -21
-93 -47 -56
-119 -79 -90
-139 -108 -112
-151 -130 -132
-156 -142 -145
-159 -146 -138
-154 -149 -136
-130 -137 -114
-87 -113 -87
-41 -80 -58
5 -44 -32
44 -9 -3
80 26 26
117 56 52
142 79 71
154 105 83
159 121 94
161 130 89
151 127 79
141 124 79
115 109 66
77 88 53
34 55 34
-8 24 18
-36 0 -1
-61 -24 -13
-82 -44 -18
-97 -66 -28
-112 -83 -37
-119 -94 -42
-126 -106 -43
-123 -102 -51
-112 -95 -51
-92 -85 -50
-63 -68 -49
-28 -49 -43
9 -24 -29
41 5 -23
71 30 -15
103 50 -5
121 69 9
134 84 28
141 98 43
142 107 52
142 108 55
132 103 73
112 95 86
85 81 87
51 60 80
19 42 73
-13 24 67
-40 3 56
-63 -22 32
-78 -45 18
-97 -60 -10
-114 -70 -40
-126 -81 -58
-132 -95 -74
-126 -99 -88
-110 -98 -114
-89 -99 -128
-56 -89 -127
-18 -64 -120
18 -38 -96
50 -12 -52
84 18 -22
105 45 2
123 73 36
143 93 85
158 106 118
163 121 137
160 134 153
146 134 165
115 128 159
77 113 143
40 85 115
11 58 76
-119 -83 -36
-116 -83 -62
-99 -82 -79
-68 -79 -97
-40 -64 -95
-7 -43 -97
23 -25 -80
54 -2 -58
86 22 -33
112 45 -4
133 66 32
151 93 65
161 112 98
163 124 120
156 130 139
134 133 144
100 123 141
65 103 129
29 76 107
-1 45 78
-35 17 45
-70 -14 -1
-99 -46 -31
-124 -71 -66
-141 -100 -95
-153 -119 -113
-154 -130 -126
-145 -131 -127
-118 -126 -123
-74 -108 -103
-28 -78 -75
18 -40 -44
61 2 -4
102 40 32
132 73 67
156 101 90
174 126 110
184 151 121
186 161 125
174 160 125
147 147 115
108 122 92
62 89 65
16 54 39
-22 18 7
-54 -15 -19
-86 -49 -45
-114 -76 -62
-133 -95 -68
-145 -112 -75
-151 -121 -76
-146 -126 -69
-129 -125 -62
-106 -106 -54
-70 -82 -42
-22 -49 -20
22 -16 1
65 20 18
98 54 36
129 84 46
150 110 58
160 121 63
168 129 67
166 136 63
156 130 62
137 117 59
108 104 50
74 84 50
36 57 44
1 26 39
-27 0 35
-51 -19 30
-71 -32 21
-88 -49 14
-100 -59 5
-107 -74 0
-116 -79 -12
-119 -84 -21
-115 -87 -37
-100 -82 -58
-71 -76 -75
-40 -64 -85
-6 -48 -84
25 -27 -75
57 -3 -55
86 20 -36
107 45 -15
127 66 11
137 84 40
148 102 65
152 119 87
153 124 103
136 120 121
108 114 129
73 94 129
41 80 118
11 52 102
-19 30 79
-47 7 46
-77 -20 13
-100 -48 -20
-120 -76 -53
-136 -97 -84
-146 -116 -108
-144 -130 -126
-135 -134 -136
-110 -125 -140
-71 -108 -130
-29 -84 -111
14 -53 -74
52 -17 -30
88 20 11
122 57 49
147 87 87
169 116 116
183 140 136
187 153 150
176 158 152
152 155 141
113 138 127
77 110 100
32 74 68
-9 40 41
-48 5 2
-84 -31 -26
-111 -62 -56
-131 -90 -77
-148 -115 -88
-158 -130 -89
-159 -137 -86
-147 -136 -79
-119 -123 -69
-77 -101 -56
-31 -70 -37
14 -34 -12
56 5 10
97 45 39
127 72 60
149 101 74
162 120 76
171 129 76
170 131 68
161 126 59
142 120 52
111 104 49
67 83 48
28 54 38
-7 23 30
-33 -5 15
-60 -33 1
-82 -54 -5
-99 -70 -10
-116 -81 -15
-125 -89 -21
-130 -94 -22
-128 -97 -31
-119 -97 -41
-99 -91 -51
-66 -79 -55
-33 -57 -59
6 -30 -61
37 -8 -51
67 19 -36
93 35 -20
115 54 -6
127 73 10
141 80 30
150 96 48
151 108 64
141 112 88
117 105 98
82 93 107
51 71 111
21 49 99
-4 26 76
-32 9 54
-55 -14 33
-78 -35 11
-102 -54 -14
-119 -73 -36
-133 -92 -61
-141 -104 -86
-132 -112 -100
-116 -112 -111
-85 -103 -116
-48 -81 -108
-10 -58 -87
23 -29 -61
61 1 -26
95 31 7
123 63 45
147 90 75
163 111 104
171 129 127
177 141 142
165 147 148
141 143 140
104 125 132
65 101 110
25 65 85
-9 31 51
-46 -2 12
-81 -30 -23
-110 -61 -54
-135 -86 -78
-149 -114 -97
-161 -132 -109
-157 -141 -121
-147 -142 -112
-126 -134 -106
-84 -116 -89
-43 -83 -60
7 -48 -39
52 -10 -5
92 28 30
124 65 61
149 97 89
166 122 105
180 138 113
185 151 109
177 154 98
151 149 88
117 128 72
72 98 57
26 58 33
-18 18 13
-48 -15 -8
-77 -40 -25
-100 -67 -37
-122 -89 -33
-130 -105 -34
-138 -113 -31
-135 -107 -28
-127 -100 -23
-109 -91 -23
-80 -80 -24
-42 -64 -27
-7 -39 -30
28 -9 -30
60 14 -16
89 38 -7
111 60 -2
127 79 4
137 84 14
142 92 23
146 97 39
142 105 50
129 102 67
103 94 78
71 81 89
133 83 24
146 99 31
152 111 39
156 118 46
152 120 51
138 115 57
112 108 71
76 92 82
42 70 87
12 47 87
-13 25 78
-38 8 71
-58 -11 57
-75 -26 48
-90 -43 30
-103 -55 12
-111 -65 -6
-112 -77 -27
-107 -80 -52
-89 -79 -75
-58 -71 -90
-27 -55 -95
7 -39 -91
40 -12 -69
71 12 -50
96 34 -20
118 61 17
139 85 45
154 105 78
165 122 108
165 135 135
152 141 157
124 137 166
90 121 162
59 102 156
26 75 130
-7 50 98
-38 25 63
-63 -3 29
-90 -32 -6
-113 -62 -43
-132 -85 -72
-141 -105 -93
-142 -119 -108
-129 -123 -117
-94 -119 -119
-57 -97 -105
-14 -70 -85
32 -34 -46
71 1 -5
108 39 32
137 73 74
163 106 103
180 131 128
190 147 143
188 159 148
172 159 150
140 151 137
98 130 124
56 99 96
15 62 66
-20 29 30
-55 -3 0
-87 -37 -30
-112 -65 -51
-129 -92 -63
-141 -111 -71
-146 -121 -73
-142 -127 -68
-125 -122 -60
-98 -108 -48
-55 -85 -35
-11 -54 -17
34 -18 5
71 18 24
108 52 46
137 83 60
153 108 70
166 122 72
171 132 77
169 135 66
158 134 66
137 125 62
104 108 57
64 81 60
25 54 51
-10 25 47
-35 -3 38
-60 -22 30
-80 -39 29
-94 -56 26
-104 -67 20
-109 -74 10
-113 -79 3
-111 -84 -14
-101 -82 -33
-77 -80 -49
-48 -67 -66
-14 -50 -77
18 -30 -82
46 -9 -68
73 12 -57
95 31 -40
114 50 -16
128 66 12
137 80 38
145 94 62
146 104 87
133 109 113
110 106 127
80 96 135
49 80 139
21 62 122
-4 37 103
-32 18 77
-58 -3 46
-83 -31 13
-104 -56 -25
-123 -80 -59
-139 -102 -90
-145 -118 -113
-137 -129 -130
-113 -129 -137
-81 -119 -135
-43 -98 -120
-1 -68 -96
39 -33 -56
75 2 -15
110 38 29
137 68 65
159 97 95
175 121 124
182 140 140
179 147 150
158 151 153
124 140 139
82 117 121
41 83 90
3 50 55
-38 14 16
-73 -19 -17
-103 -51 -47
-128 -83 -74
-145 -110 -90
-156 -129 -100
-159 -137 -101
-152 -142 -100
-132 -139 -93
-94 -123 -84
-49 -94 -65
-3 -57 -38
42 -22 -10
80 16 18
115 51 38
140 84 60
156 108 73
167 122 81
169 137 81
165 137 76
147 132 70
118 117 62
77 92 52
35 62 40
-3 32 28
-33 -2 10
-62 -26 -7
-87 -49 -13
-107 -67 -18
-121 -84 -25
-130 -97 -29
-135 -105 -30
-132 -109 -36
-122 -109 -41
-100 -98 -49
-67 -85 -62
-31 -65 -65
4 -41 -65
37 -18 -59
65 9 -52
90 30 -42
109 50 -23
122 65 -10
132 77 4
138 88 23
139 95 42
126 98 64
102 91 84
73 82 100
42 67 108
13 46 108
-9 30 96
-34 13 80
-56 -4 59
-76 -26 37
-93 -45 13
-108 -66 -19
-124 -82 -49
-131 -98 -78
-130 -108 -108
-112 -114 -125
-86 -109 -138
-54 -94 -139
-16 -72 -121
20 -43 -96
57 -17 -56
89 13 -18
118 46 31
141 77 65
160 105 103
173 128 129
178 142 151
164 152 162
137 147 162
102 133 152
64 108 130
26 75 95
-9 42 54
-45 10 17
-80 -25 -21
-110 -57 -53
-135 -88 -82
-152 -113 -103
-159 -131 -114
-158 -144 -116
-147 -146 -114
-119 -133 -107
-74 -116 -87
-27 -82 -61
18 -43 -29
62 -2 9
104 36 40
137 74 71
157 103 93
174 128 106
183 146 115
185 156 112
174 154 107
147 148 98
108 127 82
62 97 68
21 61 51
-17 25 28
-50 -4 5
-77 -31 -10
-99 -55 -19
-118 -72 -24
-127 -90 -27
-132 -101 -28
-130 -104 -28
-119 -100 -26
142 90 24
151 109 33
155 116 40
151 120 39
137 114 44
112 104 45
76 84 45
36 58 49
0 32 53
-29 11 43
-48 -6 34
-66 -25 32
-82 -39 32
-94 -50 33
-102 -52 22
-107 -60 5
-106 -65 -14
-98 -74 -35
-80 -75 -50
-49 -66 -65
-21 -53 -74
12 -38 -83
40 -15 -75
66 5 -64
88 26 -50
109 48 -25
126 61 0
135 74 32
145 92 57
147 107 84
134 118 109
113 121 131
83 105 141
50 88 134
20 66 120
-11 42 92
-38 21 62
-64 -2 30
-92 -28 0
-111 -52 -40
-128 -79 -65
-138 -102 -86
-139 -118 -109
-127 -127 -124
-100 -121 -130
-64 -106 -119
-23 -80 -102
17 -49 -71
57 -15 -31
97 20 9
126 56 49
153 92 80
170 120 107
181 140 133
179 151 139
162 153 144
134 145 135
97 127 114
55 97 89
14 64 59
-20 28 21
-57 -8 -16
-89 -41 -43
-118 -71 -72
-140 -98 -91
-152 -122 -108
-162 -142 -109
-157 -151 -107
-146 -150 -97
-118 -140 -83
-78 -116 -65
-31 -80 -41
18 -44 -15
60 0 9
101 32 25
130 69 37
151 95 47
161 109 50
162 122 52
160 126 50
147 123 45
123 117 41
89 98 38
50 70 33
9 40 24
-24 12 11
-54 -18 3
-80 -40 -10
-100 -62 -15
-115 -82 -20
-125 -94 -28
-129 -99 -27
-128 -102 -27
-120 -102 -32
-103 -96 -36
-77 -83 -54
-39 -65 -54
-7 -44 -58
29 -19 -59
55 4 -54
83 23 -45
101 42 -29
113 56 -12
126 66 -6
131 76 17
130 88 31
122 93 46
104 92 65
76 83 78
49 62 85
18 42 81
-7 24 73
-34 10 55
-60 -11 33
-82 -34 14
-105 -62 -13
-121 -82 -45
-138 -102 -73
-148 -123 -99
-150 -135 -122
-137 -139 -141
-105 -137 -149
-69 -119 -142
-29 -95 -131
9 -65 -109
43 -33 -76
76 2 -39
105 34 3
129 68 41
147 95 73
159 118 96
168 135 110
159 141 124
134 137 124
101 126 120
60 103 102
22 75 77
-12 38 44
-51 6 6
-84 -28 -26
-112 -58 -55
-137 -89 -75
-154 -115 -94
-164 -137 -108
-164 -146 -113
-150 -152 -114
-127 -143 -107
-81 -121 -95
-38 -90 -71
12 -54 -49
54 -14 -19
95 25 12
125 61 41
147 89 65
162 114 76
169 132 88
168 142 82
155 141 74
132 131 65
96 116 52
54 84 39
13 54 22
-24 21 9
-53 -8 -7
-82 -37 -22
-102 -59 -30
-123 -81 -37
-130 -105 -44
-137 -116 -43
-137 -124 -43
-129 -117 -42
-113 -107 -44
-75 -94 -46
-36 -69 -48
5 -36 -42
43 -10 -40
73 18 -34
100 43 -30
116 60 -22
127 77 -12
134 86 -2
134 96 3
133 99 18
124 98 37
105 95 57
75 83 68
45 65 82
14 47 86
-9 25 79
-36 9 63
-55 -10 49
-76 -29 30
-94 -51 11
-109 -66 -11
-122 -81 -38
-125 -90 -66
-123 -103 -84
-110 -107 -105
-81 -105 -123
-48 -90 -119
-13 -70 -114
22 -43 -98
54 -14 -68
86 14 -39
111 42 3
134 72 31
152 95 66
159 119 95
165 132 118
155 145 141
134 142 144
99 127 136
60 127 162
23 107 117
-10 45 38
-38 -6 8
-62 -41 -45
-98 -67 -62
-135 -99 -103
-155 -108 -82
-163 -117 -106
-165 -144 -138
-150 -156 -125
-126 -148 -116
-85 -126 -117
-42 -98 -100
5 -72 -67
47 -30 -35
85 4 -6
120 46 28
133 75 63
155 106 64
171 124 81
175 135 88
170 142 100
144 145 85
104 128 72
55 102 59
14 68 33
-23 24 20
-56 -12 1
-90 -46 -43
-116 -71 -75
-135 -106 -72
-142 -126 -79
-146 -128 -63
-145 -125 -55
-131 -123 -48
-110 -116 -49
-77 -94 -61
74 14 -62
98 29 -51
111 45 -35
125 64 -11
134 75 13
138 86 34
132 97 60
118 98 84
93 93 105
57 80 117
30 66 124
3 49 112
-22 34 98
-45 14 71
-68 -9 40
-92 -32 9
-107 -50 -21
-123 -72 -52
-134 -94 -85
-129 -111 -105
-114 -116 -122
-88 -112 -133
-53 -96 -126
-9 -72 -110
30 -42 -72
65 -7 -36
102 28 6
132 63 48
155 98 83
173 126 119
181 147 136
176 157 153
156 161 151
125 151 144
79 129 126
41 98 97
3 61 60
-34 25 18
-70 -8 -16
-103 -43 -51
-127 -75 -67
-139 -104 -80
-148 -122 -98
-153 -136 -93
-140 -139 -84
-117 -129 -77
-79 -110 -55
-27 -78 -38
18 -39 -12
65 1 18
102 38 45
131 75 64
151 108 77
168 124 75
175 136 78
175 145 73
159 142 64
133 132 60
95 110 49
54 83 35
15 49 27
-24 13 15
-52 -15 12
-76 -37 3
-94 -57 -2
-110 -66 7
-116 -76 5
-116 -86 6
-117 -87 0
-108 -89 -5
-93 -84 -11
-62 -68 -21
-27 -52 -28
10 -27 -39
45 -4 -36
73 20 -36
99 40 -32
117 57 -20
127 71 -11
135 81 -2
140 89 15
138 91 36
130 96 49
107 96 74
78 87 89
49 72 108
22 54 109
-4 38 106
-28 22 93
-51 4 74
-71 -13 54
-87 -33 28
-100 -52 1
-113 -70 -31
-121 -85 -58
-121 -104 -82
-107 -106 -102
-78 -102 -112
-48 -89 -117
-8 -66 -118
26 -43 -90
60 -14 -60
94 17 -23
114 47 12
140 73 50
156 94 87
164 111 112
166 135 122
155 141 140
127 140 146
90 121 138
52 98 123
16 70 96
-17 37 62
-49 13 24
-79 -18 -11
-107 -51 -43
-128 -83 -75
-141 -104 -92
-151 -126 -112
-151 -137 -114
-138 -145 -111
-109 -142 -107
-66 -115 -90
-25 -82 -62
21 -46 -30
64 -4 4
103 34 34
137 66 70
156 101 88
170 126 101
178 140 109
175 151 101
158 149 89
126 135 73
88 111 61
43 82 38
2 44 18
-34 7 -2
-65 -23 -22
-96 -52 -36
-114 -78 -39
-132 -96 -44
-139 -108 -43
-137 -111 -41
-132 -117 -31
-119 -110 -28
-96 -97 -23
-59 -80 -30
-18 -58 -24
26 -25 -23
59 7 -23
87 36 -22
112 53 -18
126 73 -17
135 84 -12
139 87 -7
134 88 -2
129 86 7
109 84 24
81 72 38
46 53 45
13 35 63
-11 14 69
-38 -4 63
-59 -20 54
-77 -31 45
-97 -44 31
-105 -60 13
-114 -75 -5
-121 -84 -34
-121 -93 -63
-111 -102 -86
-92 -104 -108
-63 -91 -129
-31 -77 -131
6 -59 -126
35 -36 -111
63 -9 -83
90 15 -54
108 30 -19
130 55 14
140 77 53
145 96 78
140 108 99
126 116 119
96 114 136
64 94 130
26 74 114
-5 49 86
-33 27 56
-64 -1 21
-90 -27 -19
-116 -60 -56
-134 -85 -83
-148 -111 -110
-157 -134 -130
-150 -146 -142
-132 -149 -142
-96 -139 -140
-57 -113 -114
-13 -80 -87
32 -42 -52
73 -6 -14
107 30 24
132 63 54
152 89 78
168 114 94
170 135 99
162 141 102
146 141 94
110 124 80
64 103 62
24 61 40
-17 29 13
-52 -2 -17
-84 -37 -37
-111 -63 -60
-131 -92 -70
-145 -111 -78
-152 -127 -77
-151 -134 -69
-141 -135 -66
-121 -127 -55
-87 -109 -52
-45 -82 -43
0 -51 -28
40 -16 -21
76 18 -1
108 47 2
128 69 8
137 87 8
144 94 11
143 100 10
139 102 5
123 100 16
94 87 15
57 69 21
20 38 27
-13 12 33
-38 -10 27
-61 -25 26
-78 -39 26
-94 -48 25
-106 -63 13
-115 -72 9
-118 -78 2
-117 -82 -19
-110 -81 -39
-91 -84 -60
103 48 -44
117 62 -29
129 77 -6
137 90 18
137 93 34
130 92 57
112 90 73
78 79 87
45 60 95
13 35 93
-11 8 77
-41 -4 62
-67 -24 44
-88 -38 18
-109 -57 -18
-120 -76 -54
-134 -88 -77
-140 -103 -102
-138 -106 -128
-122 -113 -145
-85 -109 -149
-46 -90 -139
-8 -63 -125
32 -26 -89
69 4 -42
103 31 12
136 62 58
159 94 92
173 126 131
180 144 154
176 153 163
160 149 161
124 138 150
77 117 133
31 89 96
-12 45 50
-53 6 8
-87 -31 -35
-122 -56 -70
-147 -86 -99
-165 -115 -115
-168 -137 -126
-163 -154 -128
-146 -148 -113
-114 -132 -99
-71 -103 -77
-24 -76 -45
28 -43 -16
77 1 18
117 46 45
146 86 73
164 114 92
180 134 99
185 149 106
178 159 93
158 152 76
130 135 65
81 104 51
36 66 32
-9 28 1
-45 -14 -22
-78 -42 -36
-103 -67 -46
-121 -91 -53
-134 -104 -42
-142 -111 -32
-149 -115 -24
-142 -116 -23
-122 -107 -24
-85 -97 -28
-48 -76 -35
-11 -46 -36
27 -19 -36
67 14 -36
99 36 -34
120 58 -26
132 73 -15
140 87 -17
145 94 -9
146 98 11
141 97 26
122 86 40
89 80 57
53 62 74
19 41 86
-8 25 86
-31 9 84
-57 2 76
-72 -16 60
-86 -34 43
-98 -44 22
-108 -58 -8
-116 -70 -30
-118 -79 -52
-107 -85 -78
-83 -84 -103
-55 -75 -118
-21 -56 -110
18 -34 -98
52 -12 -73
83 12 -38
112 41 -7
133 67 34
155 88 71
164 107 102
174 120 129
164 134 142
140 143 154
107 132 152
73 108 138
33 76 108
-4 42 67
-42 16 32
-77 -13 -7
-106 -39 -43
-130 -74 -71
-144 -108 -106
-158 -135 -125
-170 -148 -139
-166 -155 -138
-135 -155 -138
-95 -140 -132
-54 -110 -102
-2 -66 -57
50 -11 -11
102 33 31
146 76 76
172 117 121
194 145 138
198 158 140
196 158 118
178 142 102
139 124 71
86 94 34
39 58 3
-13 14 -33
-56 -27 -59
-91 -54 -73
-113 -69 -79
-126 -94 -76
-139 -110 -73
-150 -124 -80
-157 -127 -73
-157 -136 -68
-141 -138 -66
-113 -128 -54
-73 -96 -37
-36 -58 -15
15 -22 -8
68 15 -7
108 49 13
134 80 33
151 104 38
165 114 34
169 117 27
165 121 21
140 121 18
111 98 33
80 75 38
46 59 41
6 43 52
-23 20 63
-44 -4 66
-66 -21 50
-80 -40 31
-98 -59 21
-111 -63 18
-119 -70 -1
-118 -79 -19
-110 -94 -47
-110 -96 -91
-91 -84 -112
-55 -74 -120
-12 -59 -116
22 -39 -110
45 -20 -99
71 11 -79
99 41 -42
134 66 7
150 84 47
154 100 85
158 114 108
152 116 127
132 114 131
100 106 141
64 87 138
25 61 118
-3 37 93
-36 16 53
-65 -10 15
-94 -41 -18
-130 -72 -65
-156 -98 -101
-168 -119 -138
-170 -146 -157
-157 -155 -155
-135 -154 -152
-94 -137 -140
-53 -106 -122
-2 -69 -82
43 -29 -34
89 21 12
124 64 44
157 98 77
176 108 94
190 121 112
181 136 120
162 149 120
139 149 108
108 136 95
72 112 70
27 76 48
-12 34 15
-52 -2 -11
-83 -41 -33
-110 -67 -53
-131 -88 -62
-149 -104 -71
-160 -120 -69
-156 -132 -63
-140 -134 -56
-113 -116 -44
-72 -85 -24
-24 -55 -10
29 -19 11
78 28 16
115 66 32
148 94 47
168 115 61
183 133 58
184 135 55
176 132 41
153 118 35
127 102 31
93 87 33
49 66 38
8 46 41
-29 14 43
-55 -12 39
-73 -31 30
-91 -40 21
-103 -53 12
-115 -67 18
-116 -66 16
-116 -64 8
-108 -64 -10
-92 -69 -22
-67 -65 -39
-29 -53 -48
2 -30 -59
-94 -92 -13
-47 -66 -9
-6 -35 -8
45 0 -6
81 32 -3
109 57 -8
130 75 -11
141 88 -6
147 90 -6
144 93 -8
139 97 -2
124 87 11
97 76 24
63 59 41
25 34 48
-4 13 62
-32 -10 66
-54 -23 62
-75 -27 55
-92 -40 45
-109 -50 33
-113 -61 9
-120 -66 -17
-121 -75 -44
-114 -82 -71
-91 -83 -100
-61 -77 -117
-31 -63 -124
5 -46 -121
38 -26 -101
70 0 -75
100 25 -44
119 45 -8
140 67 29
149 86 69
156 102 94
150 110 121
131 116 138
99 110 138
62 89 135
26 63 110
-10 39 70
-42 13 33
-78 -15 -8
-110 -43 -48
-135 -74 -81
-154 -107 -112
-167 -130 -132
-169 -144 -145
-160 -151 -148
-129 -144 -141
-86 -126 -130
-41 -95 -94
11 -59 -50
63 -14 -9
106 29 32
140 69 68
164 105 104
185 132 123
194 152 126
189 160 123
172 158 114
138 145 97
90 120 69
40 82 36
-6 42 10
-47 -1 -24
-83 -34 -50
-114 -66 -68
-136 -88 -76
-153 -106 -77
-158 -122 -67
-155 -129 -59
-146 -125 -44
-126 -111 -35
-89 -95 -22
-40 -68 -10
4 -32 4
49 2 20
90 35 25
123 69 35
146 93 33
156 114 38
162 120 29
161 125 30
154 119 19
136 110 13
108 94 20
70 75 22
29 49 35
-10 24 38
-35 -6 36
-59 -24 39
-81 -38 37
-93 -50 39
-104 -57 37
-110 -65 30
-114 -68 19
-116 -67 2
-103 -66 -17
-84 -63 -41
-54 -58 -68
-22 -42 -85
11 -26 -88
43 -8 -83
70 12 -74
98 30 -57
111 46 -39
133 62 -12
141 77 30
146 94 55
148 103 84
136 107 118
110 106 134
77 93 139
45 79 137
16 57 120
-14 38 93
-44 18 66
-71 -9 22
-102 -36 -16
-124 -61 -60
-143 -87 -90
-153 -112 -119
-158 -131 -141
-145 -140 -154
-113 -132 -155
-73 -119 -136
-31 -93 -107
15 -61 -75
56 -20 -27
99 23 15
132 57 54
158 88 88
179 117 111
188 136 125
185 148 132
166 152 126
133 143 111
89 118 91
41 87 57
-4 47 22
-42 10 -15
-86 -30 -48
-119 -66 -81
-144 -96 -94
-157 -123 -108
-167 -137 -103
-170 -143 -92
-160 -147 -81
-135 -137 -62
-97 -115 -42
-48 -81 -22
3 -43 -1
58 0 20
97 42 42
134 77 54
158 105 62
171 128 62
174 137 54
170 138 43
158 131 30
137 116 19
100 94 10
54 67 6
10 30 2
-28 -3 2
-59 -31 -2
-86 -52 -8
-104 -66 -6
-116 -78 0
-123 -93 2
-127 -96 6
-127 -92 5
-118 -90 -2
-103 -83 -10
-76 -68 -29
-37 -54 -47
-3 -30 -59
32 -12 -68
62 8 -66
86 28 -58
105 46 -52
121 60 -37
134 72 -14
137 81 6
140 89 30
132 94 54
114 89 77
83 82 94
53 68 109
22 53 108
-5 33 107
-30 19 89
-55 2 70
-80 -15 42
-102 -36 7
-115 -60 -25
-130 -79 -61
-142 -98 -93
-138 -112 -111
-122 -115 -131
-91 -112 -137
-54 -94 -131
-14 -69 -116
28 -43 -83
66 -8 -44
103 23 -4
130 57 42
158 87 78
172 117 112
186 141 134
183 151 145
163 154 149
131 149 143
89 125 126
45 95 92
4 55 56
-38 20 9
-77 -16 -33
-107 -54 -65
-139 -91 -96
-158 -120 -114
-170 -142 -124
-174 -156 -120
-163 -155 -109
-138 -145 -98
-98 -124 -81
-44 -94 -57
9 -55 -26
57 -13 10
101 31 42
138 70 62
159 106 86
180 133 89
186 147 84
188 152 75
169 145 55
145 132 38
101 104 21
49 73 10
5 32 -7
-38 -9 -20
-68 -35 -35
-99 -62 -41
-121 -84 -40
-135 -100 -30
-141 -106 -22
-142 -108 -15
-134 -104 -8
-177 -134 -147
-175 -142 -153
-154 -139 -157
-106 -124 -137
-58 -99 -108
-4 -67 -72
45 -26 -32
90 14 20
124 51 53
158 85 97
182 115 117
201 137 129
205 152 127
196 151 119
166 143 104
113 120 76
54 84 44
2 47 14
-44 5 -31
-85 -30 -63
-123 -69 -91
-151 -97 -107
-171 -123 -108
-176 -135 -108
-185 -138 -94
-169 -138 -74
-142 -125 -47
-100 -104 -36
-46 -70 -18
5 -36 4
56 2 29
101 43 51
134 72 52
159 101 42
177 115 39
185 121 30
172 120 18
151 114 8
126 94 2
93 81 7
44 63 -2
6 30 1
-28 -5 6
-61 -31 2
-82 -47 7
-100 -53 6
-112 -59 18
-120 -66 14
-123 -76 10
-125 -83 -4
-121 -86 -21
-101 -80 -44
-66 -63 -50
-35 -42 -66
0 -28 -86
36 -7 -85
65 5 -80
90 17 -72
106 35 -58
119 52 -28
132 69 -5
143 84 33
143 92 46
137 92 77
115 95 94
82 76 108
51 70 118
17 52 113
-12 32 94
-43 13 71
-63 -5 24
-90 -30 0
-113 -57 -37
-130 -81 -81
-152 -100 -112
-164 -122 -139
-159 -136 -147
-134 -131 -154
-94 -118 -146
-46 -94 -130
0 -59 -96
49 -23 -54
90 9 2
124 50 39
157 83 77
181 111 110
199 137 134
200 151 143
184 156 143
158 147 131
108 128 103
62 96 76
15 54 30
-28 10 -17
-78 -24 -54
-116 -60 -90
-151 -91 -102
-170 -113 -122
-180 -132 -134
-186 -147 -124
-175 -153 -105
-150 -143 -87
-109 -118 -58
-59 -87 -33
-2 -47 -8
51 -4 21
97 34 52
140 69 72
169 104 81
188 124 70
193 138 67
183 137 57
169 130 34
146 116 11
107 94 5
58 62 -12
11 30 -23
-36 -6 -29
-64 -36 -27
-98 -57 -31
-118 -71 -30
-130 -83 -8
-137 -86 -5
-136 -86 1
-130 -87 9
-119 -91 4
-98 -76 -1
-66 -61 -19
-26 -44 -38
9 -26 -42
45 -6 -47
67 21 -50
96 39 -44
109 54 -45
127 61 -37
137 70 -25
143 78 -7
143 88 25
137 100 50
114 101 77
84 94 101
52 74 109
22 45 105
-6 30 93
-30 15 76
-56 -3 68
-81 -22 44
-98 -41 2
-119 -59 -32
-131 -83 -63
-138 -103 -93
-140 -107 -118
-126 -112 -128
-92 -106 -139
-51 -85 -130
-4 -51 -108
38 -19 -76
79 6 -34
119 40 7
147 73 58
169 102 95
189 126 123
200 148 144
190 160 163
173 155 154
133 146 145
84 115 124
44 82 87
2 46 50
-42 14 4
-86 -19 -41
-118 -55 -71
-149 -88 -97
-166 -118 -115
-178 -133 -123
-179 -138 -127
-161 -139 -114
-129 -132 -91
-78 -104 -62
-28 -63 -24
30 -23 11
84 25 42
132 66 76
167 97 100
188 126 122
204 145 122
206 162 108
200 162 90
179 153 70
142 131 50
88 104 23
39 64 2
-10 25 -21
-54 -14 -33
-90 -43 -43
-121 -68 -47
-137 -88 -49
-146 -101 -37
-142 -105 -30
-137 -102 -13
-134 -100 -3
-115 -91 -3
-83 -78 6
-41 -60 -2
-2 -25 10
44 8 -5
80 36 0
117 57 -1
131 73 -7
142 90 -3
149 94 -3
151 100 -9
150 99 0
133 92 10
110 81 30
70 66 50
36 55 65
8 35 73
-17 17 76
-37 1 75
-56 -10 69
-75 -22 61
-90 -38 47
-103 -49 23
-113 -65 -2
-121 -73 -33
-121 -81 -62
-107 -87 -86
-77 -81 -108
-41 -70 -119
-4 -56 -110
29 -30 -99
64 3 -65
97 24 -35
118 55 2
137 74 40
160 96 76
174 117 105
169 132 132
161 133 150
135 137 159
98 122 154
57 99 131
25 73 106
-11 43 60
-51 8 20
-90 -29 -26
-123 -68 -74
-150 -94 -107
-172 -119 -119
93 47 40
68 49 67
37 41 84
9 32 97
-10 25 88
-36 14 79
-60 -1 58
-85 -17 28
-107 -34 -8
-124 -57 -38
-145 -79 -75
-157 -100 -109
-158 -116 -132
-140 -126 -151
-111 -126 -157
-80 -115 -150
-36 -95 -134
3 -70 -103
45 -42 -67
85 -8 -24
118 29 22
153 59 58
174 91 88
190 118 106
182 129 123
155 129 121
113 116 104
69 92 83
22 62 42
-30 23 -1
-80 -14 -42
-121 -53 -75
-159 -93 -101
-184 -122 -122
-198 -139 -132
-202 -149 -124
-194 -150 -110
-165 -138 -87
-113 -116 -63
-52 -82 -29
9 -43 -1
72 6 28
118 46 55
158 77 71
183 105 85
201 126 81
206 135 71
197 135 53
173 123 31
138 104 11
82 72 -7
24 34 -24
-25 1 -36
-66 -33 -52
-102 -59 -54
-127 -75 -48
-140 -87 -36
-143 -91 -21
-140 -88 -4
-134 -84 8
-122 -72 19
-98 -61 24
-70 -45 23
-25 -28 9
14 -5 -4
56 17 -16
85 34 -27
106 44 -36
119 53 -42
125 57 -39
126 56 -42
125 56 -34
125 59 -26
114 57 -9
95 50 16
62 43 39
32 36 60
4 30 77
-14 16 84
-30 14 89
-49 11 85
-66 0 74
-79 -12 51
-90 -21 21
-101 -34 -3
-113 -49 -34
-115 -62 -66
-102 -68 -89
-74 -72 -110
-43 -68 -114
-8 -56 -110
28 -34 -94
63 -13 -60
97 19 -24
123 48 19
155 74 62
177 104 96
196 125 119
198 140 137
186 148 154
147 145 157
105 127 150
64 108 121
27 78 84
-15 47 40
-61 9 -4
-98 -29 -42
-138 -62 -73
-162 -99 -102
-181 -118 -116
-186 -133 -122
-175 -140 -116
-139 -132 -101
-94 -111 -78
-38 -74 -42
23 -35 -5
75 3 31
125 46 62
165 88 88
194 118 111
213 139 121
218 155 117
213 158 103
189 149 86
149 128 55
90 98 30
33 60 4
-21 17 -22
-62 -19 -48
-97 -46 -60
-123 -72 -65
-143 -87 -58
-154 -100 -51
-153 -105 -36
-146 -99 -19
-131 -93 -2
-104 -76 14
-63 -51 24
-16 -27 34
28 3 36
71 30 33
106 55 28
137 74 18
151 87 6
154 93 -2
156 93 -5
149 85 -10
138 81 -15
118 74 -10
91 63 0
57 46 17
18 30 34
-13 13 45
-30 5 62
-50 -4 69
-62 -6 76
-69 -9 78
-80 -14 73
-90 -21 54
-98 -27 28
-98 -41 -1
-94 -53 -28
-81 -57 -61
-56 -58 -86
-34 -52 -103
-1 -50 -111
27 -34 -106
60 -17 -91
89 4 -63
111 25 -28
131 47 13
149 70 50
162 95 81
163 110 110
152 115 130
126 119 141
90 109 144
53 89 132
18 69 102
-16 41 63
-56 13 27
-93 -20 -17
-128 -53 -55
-156 -83 -87
-176 -111 -112
-185 -136 -128
-176 -142 -138
-146 -137 -132
-102 -122 -113
-54 -92 -82
1 -57 -40
57 -14 -1
109 31 41
155 70 77
188 107 109
211 133 131
222 153 142
222 166 137
204 164 118
169 152 102
116 124 72
58 85 37
2 46 6
-46 3 -26
-92 -35 -47
-125 -66 -66
-152 -89 -75
-165 -105 -74
-171 -114 -66
-168 -116 -45
-149 -108 -23
-120 -93 -3
-77 -69 18
-17 -34 33
37 6 52
86 39 60
126 68 65
159 93 60
178 110 54
184 112 40
180 110 25
171 106 10
151 94 -2
123 79 -5
87 61 -9
41 36 -5
1 14 2
-34 -8 14
-59 -24 23
-77 -30 33
-89 -37 47
-98 -40 54
-100 -36 53
-100 -37 50
-101 -40 42
-92 -45 25
-79 -40 2
-53 -35 -19
-25 -31 -43
6 -21 -63
31 -14 -73
54 -3 -72
77 4 -68
92 19 -55
112 36 -33
130 52 -7
142 68 27
145 82 58
143 92 89
129 103 119
-16 14 -11
-56 -21 -25
-92 -47 -39
-121 -74 -46
-143 -88 -44
-156 -98 -38
-160 -107 -33
-157 -110 -24
-146 -104 -16
-124 -90 -15
-90 -75 -12
-43 -57 -16
3 -27 -17
45 -4 -19
82 21 -17
109 40 -21
126 54 -22
139 65 -21
145 69 -15
145 69 -12
141 70 -6
124 66 3
92 59 17
52 45 30
15 30 41
-16 12 47
-40 -3 49
-63 -13 45
-81 -26 40
-100 -37 29
-113 -46 15
-124 -57 -4
-130 -68 -23
-129 -79 -45
-120 -84 -70
-93 -81 -88
-59 -73 -97
-22 -62 -96
17 -44 -91
52 -22 -75
83 1 -53
107 25 -25
132 46 6
151 68 38
166 90 62
165 103 81
155 113 98
126 111 104
86 96 105
46 75 94
7 50 69
-33 22 35
-71 -7 4
-104 -35 -26
-134 -66 -57
-154 -94 -84
-174 -116 -98
-179 -128 -105
-171 -135 -106
-146 -130 -104
-102 -114 -91
-54 -88 -72
1 -56 -46
54 -16 -14
101 21 19
141 59 44
170 90 66
192 113 82
201 130 90
201 140 85
189 141 76
154 129 63
104 104 43
46 68 25
-6 32 4
-51 -6 -19
-89 -37 -41
-123 -64 -52
-144 -88 -62
-161 -105 -60
-170 -116 -58
-170 -116 -45
-158 -113 -35
-134 -101 -25
-93 -80 -16
-42 -51 -9
7 -22 3
56 6 7
96 36 13
131 62 13
153 82 15
162 94 14
168 100 12
166 98 10
157 94 7
133 85 9
102 73 13
57 54 18
16 31 25
-21 9 29
-47 -9 34
-71 -22 32
-89 -34 31
-104 -42 30
-111 -47 25
-119 -55 14
-122 -63 3
-117 -67 -16
-107 -67 -31
-79 -61 -51
-46 -54 -66
-10 -37 -74
26 -25 -74
57 -6 -68
87 10 -55
107 30 -38
127 45 -15
144 60 8
154 76 34
158 90 58
149 103 80
126 104 98
95 97 103
59 81 101
24 62 93
-7 41 76
-44 19 50
-73 -5 18
-101 -32 -9
-130 -57 -42
-148 -82 -66
-167 -102 -83
-167 -118 -99
-154 -120 -108
-120 -117 -110
-78 -101 -101
-31 -74 -79
20 -44 -51
67 -8 -18
112 29 15
143 66 47
173 95 77
196 118 99
206 139 107
201 152 109
183 149 103
145 136 89
94 114 70
41 81 44
-6 40 18
-51 4 -11
-97 -31 -37
-128 -63 -55
-153 -86 -65
-167 -106 -73
-174 -116 -66
-170 -122 -58
-153 -119 -44
-125 -99 -31
-75 -76 -17
-19 -44 -1
35 -9 14
84 27 29
126 62 42
160 89 50
178 112 53
190 121 49
192 126 45
185 125 34
164 113 25
131 100 21
89 78 15
37 48 17
-6 21 16
-40 -4 11
-71 -25 15
-94 -39 13
-107 -50 18
-116 -58 19
-120 -62 21
-121 -61 22
-117 -57 17
-102 -54 10
-76 -46 0
-38 -34 -16
1 -17 -28
38 -2 -34
69 18 -35
100 37 -30
123 51 -24
137 64 -14
149 73 1
156 82 20
160 90 38
153 94 55
137 98 76
106 93 90
68 79 100
35 67 105
9 49 100
-21 33 88
-48 16 66
-74 -3 41
-94 -25 15
-113 -43 -13
-133 -64 -36
-140 -79 -58
-135 -90 -74
-118 -95 -85
-81 -90 -92
-39 -73 -85
7 -51 -67
46 -20 -40
89 12 -9
126 47 26
158 77 59
185 104 87
198 128 109
209 146 121
200 153 130
176 154 129
133 136 113
85 111 98
36 81 70
-7 42 41
-52 13 7
-90 -21 -22
-123 -55 -41
-148 -84 -60
-163 -106 -72
-171 -117 -72
-167 -120 -65
-146 -115 -52
-107 -99 -35
-53 -73 -22
1 -36 1
58 0 26
105 42 47
149 75 64
178 105 77
195 129 82
207 142 82
206 150 77
194 146 65
167 132 54
127 112 45
74 82 32
25 46 18
-22 14 6
-57 -15 -4
37 75 114
5 48 92
-37 19 48
-76 -6 13
-111 -39 -26
-138 -75 -62
-159 -100 -90
-177 -120 -113
-183 -135 -127
-171 -140 -128
-140 -138 -120
-88 -119 -104
-38 -88 -84
16 -51 -50
68 -7 -5
117 29 35
149 73 74
178 108 101
201 132 119
208 153 124
202 156 118
180 153 106
140 134 86
81 105 65
23 65 34
-24 26 6
-69 -12 -28
-110 -47 -55
-138 -83 -70
-158 -107 -75
-169 -125 -78
-174 -129 -70
-161 -132 -54
-147 -123 -43
-110 -108 -30
-62 -79 -19
-7 -44 -2
47 -10 15
92 23 26
126 56 26
149 82 32
166 98 33
172 105 28
169 111 25
161 109 22
137 102 21
105 87 20
61 66 25
22 40 28
-20 8 29
-48 -14 32
-74 -27 26
-91 -45 26
-109 -55 26
-116 -63 28
-124 -72 14
-125 -76 -3
-115 -75 -19
-101 -78 -35
-70 -71 -56
-40 -59 -75
-1 -41 -82
36 -21 -83
72 1 -68
96 20 -51
117 41 -35
136 58 -7
147 69 21
155 88 46
159 102 72
149 107 98
118 109 117
84 97 125
49 80 128
15 62 114
-21 36 86
-53 14 57
-86 -17 20
-119 -44 -18
-140 -76 -48
-161 -103 -81
-172 -120 -108
-171 -136 -129
-153 -145 -141
-118 -133 -142
-75 -115 -122
-25 -83 -97
23 -47 -62
75 -6 -15
119 30 28
154 72 68
181 105 101
195 131 121
201 147 136
194 154 138
167 153 135
125 137 111
75 110 86
26 73 54
-21 31 15
-68 -3 -21
-107 -38 -48
-138 -74 -70
-161 -99 -90
-170 -120 -94
-179 -132 -90
-171 -138 -80
-152 -133 -70
-115 -118 -55
-60 -93 -33
-10 -56 -10
46 -17 15
89 24 34
132 60 54
159 93 62
178 118 68
191 127 66
190 134 57
180 134 47
151 126 36
116 103 30
63 76 24
17 45 16
-22 12 7
-56 -19 5
-87 -36 3
-106 -51 5
-119 -64 11
-130 -80 9
-131 -82 13
-131 -86 7
-122 -81 3
-104 -73 -2
-66 -60 -14
-28 -44 -31
10 -19 -41
52 0 -47
85 20 -42
112 39 -35
126 58 -21
142 73 -8
153 87 15
162 103 38
163 115 59
148 112 82
122 110 101
88 99 119
53 81 128
20 62 127
-4 49 115
-36 33 98
-59 12 73
-86 -11 46
-106 -38 8
-124 -59 -25
-136 -78 -56
-139 -98 -83
-130 -103 -97
-98 -105 -111
-61 -91 -108
-16 -65 -92
31 -37 -65
76 -3 -32
115 33 9
146 67 50
175 98 91
195 126 124
207 149 143
204 162 157
185 164 163
148 153 155
102 134 137
52 102 108
9 68 72
-36 31 31
-75 -7 -10
-113 -44 -43
-146 -85 -70
-166 -114 -93
-177 -131 -97
-177 -140 -95
-160 -140 -82
-127 -126 -71
-72 -102 -49
-18 -65 -13
39 -24 17
91 19 46
137 58 74
170 98 99
193 126 112
209 150 114
210 162 111
201 164 100
178 155 81
140 135 62
88 108 51
38 66 29
-8 30 10
-48 -4 -2
-82 -30 -16
-107 -58 -20
-129 -78 -17
-138 -93 -14
-141 -96 -2
-139 -98 4
-127 -93 10
-108 -86 9
-73 -70 8
-28 -52 -3
13 -25 -9
56 5 -8
89 31 -10
119 52 -14
132 67 -9
146 78 -2
150 87 4
153 91 14
146 94 25
132 94 44
103 88 60
67 74 78
34 55 89
3 35 90
-25 16 86
-53 2 77
-74 -18 65
-98 -31 47
-113 -51 23
-125 -66 -5
-135 -83 -29
-137 -94 -62
-129 -103 -89
-100 -101 -111
-66 -90 -119
-23 -79 -115
16 -58 -103
54 -28 -78
90 4 -42
118 37 6
142 64 36
162 92 78
179 113 106
181 128 131
168 144 147
134 140 154
94 120 148
50 95 128
9 66 94
-32 36 51
-77 -1 11
-134 -129 -65
-92 -115 -57
-43 -85 -42
15 -47 -23
66 -10 0
109 29 24
146 60 47
165 92 66
182 112 77
190 128 79
187 140 77
169 137 68
134 127 60
88 107 52
41 70 47
-5 37 31
-41 6 18
-69 -17 11
-92 -36 8
-110 -53 10
-119 -65 7
-125 -77 3
-130 -83 3
-123 -89 -6
-108 -84 -15
-69 -72 -27
-29 -52 -34
18 -29 -39
57 -6 -39
92 17 -34
118 41 -28
133 57 -12
147 73 2
154 81 20
155 97 38
150 106 59
130 104 82
99 99 101
62 85 116
20 66 116
-6 49 106
-35 29 89
-59 7 66
-87 -22 45
-107 -43 13
-128 -65 -19
-142 -78 -48
-145 -100 -73
-135 -111 -93
-108 -111 -105
-70 -102 -114
-22 -79 -109
23 -54 -91
67 -22 -57
102 6 -22
130 44 18
154 72 57
171 101 87
185 122 110
184 139 128
169 144 136
137 139 139
94 125 133
50 95 116
5 62 82
-34 32 48
-71 -7 10
-103 -38 -22
-135 -69 -52
-153 -103 -79
-171 -124 -95
-174 -138 -105
-163 -152 -108
-137 -143 -108
-93 -127 -97
-43 -97 -67
8 -66 -42
58 -24 -24
104 17 15
138 53 41
162 79 63
180 106 82
186 121 87
185 135 86
166 134 79
130 123 68
84 102 55
34 70 39
-12 33 20
-51 -1 -6
-86 -31 -24
-114 -57 -35
-135 -82 -44
-148 -99 -53
-153 -109 -49
-150 -115 -44
-147 -121 -43
-133 -120 -43
-95 -107 -43
-52 -88 -47
-10 -60 -46
39 -32 -43
74 -2 -34
104 26 -29
124 48 -22
141 66 -13
150 76 4
149 83 10
144 89 18
127 88 31
101 87 47
62 76 62
27 56 72
-10 36 74
-37 14 67
-67 -6 62
-84 -28 41
-106 -45 26
-121 -63 4
-134 -80 -13
-143 -95 -41
-144 -104 -71
-130 -114 -97
-98 -114 -114
-64 -102 -124
-23 -83 -122
20 -61 -113
58 -31 -94
91 -2 -58
114 27 -17
139 52 21
152 82 52
164 101 78
164 117 99
150 124 118
119 122 127
77 108 126
37 78 103
-4 48 74
-42 16 39
-77 -14 7
-111 -44 -29
-143 -72 -63
-159 -102 -89
-175 -126 -110
-177 -143 -126
-168 -152 -132
-142 -148 -133
-98 -131 -118
-45 -104 -94
9 -65 -64
57 -22 -23
105 18 15
138 53 50
163 89 78
181 116 102
189 140 111
193 150 109
175 152 102
144 142 94
95 117 71
42 86 49
-5 50 28
-44 9 3
-84 -24 -21
-116 -50 -41
-140 -78 -55
-153 -98 -62
-156 -115 -62
-159 -124 -55
-150 -125 -50
-128 -120 -45
-85 -102 -43
-37 -74 -38
13 -40 -28
61 -9 -11
100 21 0
131 53 14
149 80 22
159 97 25
167 107 28
168 112 30
152 113 37
128 104 36
89 95 42
45 68 49
2 45 51
-30 14 52
-58 -8 41
-82 -25 31
-100 -41 22
-115 -55 16
-124 -67 0
-133 -79 -17
-133 -92 -35
-127 -100 -59
-109 -103 -78
-73 -102 -94
-38 -86 -104
0 -66 -109
37 -36 -94
70 -6 -75
98 17 -48
124 42 -27
144 60 7
156 82 36
163 102 67
155 114 94
135 119 117
100 116 126
62 101 134
29 82 121
-6 55 102
-41 36 76
-69 6 39
-100 -23 2
-126 -52 -35
-146 -84 -69
-162 -107 -94
-167 -132 -113
-156 -144 -126
-126 -136 -137
-81 -120 -131
-33 -94 -108
16 -62 -77
63 -21 -40
107 17 -1
138 55 40
165 89 77
184 120 102
195 141 118
193 151 127
171 157 128
131 145 114
81 120 101
30 84 75
-11 45 38
-53 12 4
-92 -22 -32
-122 -55 -55
-148 -88 -79
-163 -116 -89
-174 -127 -93
-172 -139 -90
-161 -145 -84
-135 -139 -74
-85 -120 -68
-34 -88 -52
20 -52 -36
65 -10 -11
103 126 108
54 87 74
1 49 39
-41 4 3
-85 -26 -32
-117 -57 -50
-146 -85 -63
-158 -108 -75
-167 -121 -73
-167 -127 -70
-150 -126 -58
-122 -116 -55
-77 -98 -46
-29 -59 -35
27 -28 -17
69 9 4
113 48 18
143 73 31
161 95 39
174 109 48
175 116 46
169 115 44
152 110 41
118 97 47
69 75 45
22 45 48
-17 18 39
-44 -11 28
-76 -30 20
-99 -47 16
-119 -56 9
-127 -68 0
-132 -76 -8
-137 -82 -17
-129 -90 -34
-113 -87 -46
-79 -83 -75
-41 -68 -87
3 -51 -91
41 -27 -87
77 -2 -65
105 24 -49
127 42 -27
145 62 -6
154 76 24
160 92 50
154 106 73
134 109 99
99 102 116
60 85 123
20 65 118
-11 40 95
-43 19 73
-72 -6 39
-99 -33 4
-123 -56 -23
-142 -82 -57
-154 -102 -84
-158 -119 -106
-148 -133 -126
-121 -131 -134
-81 -116 -138
-33 -92 -123
17 -57 -92
61 -22 -54
105 16 -14
135 53 25
162 85 67
184 109 97
193 132 114
190 146 133
169 149 137
134 137 132
85 114 115
35 79 87
-9 42 50
-52 6 10
-90 -28 -26
-124 -66 -58
-154 -96 -84
-167 -118 -102
-180 -136 -107
-177 -145 -110
-163 -148 -104
-134 -138 -95
-88 -116 -76
-39 -84 -62
18 -47 -33
68 -3 -2
110 37 24
142 70 44
165 97 60
178 113 65
184 125 71
177 128 61
156 120 52
124 106 37
78 82 33
28 50 23
-17 15 11
-54 -18 1
-88 -43 -14
-112 -62 -22
-133 -81 -22
-141 -87 -25
-143 -98 -25
-145 -98 -22
-133 -99 -26
-114 -94 -30
-82 -81 -47
-39 -63 -62
1 -39 -65
42 -20 -61
77 7 -57
107 30 -49
126 50 -35
141 63 -11
149 76 7
151 88 26
149 93 44
132 97 67
103 91 83
63 77 100
26 56 106
-5 40 95
-34 22 81
-65 3 57
-88 -22 34
-108 -44 5
-129 -63 -25
-142 -83 -52
-150 -105 -83
-146 -121 -101
-128 -121 -119
-94 -116 -138
-55 -100 -137
-10 -75 -129
36 -44 -98
78 -12 -55
112 25 -18
140 60 23
164 86 63
178 112 93
184 128 114
174 140 126
148 139 134
109 128 129
62 100 113
16 66 84
-27 30 44
-67 -4 0
-101 -39 -34
-131 -74 -65
-154 -102 -94
-171 -126 -118
-179 -140 -125
-173 -154 -122
-154 -153 -122
-113 -140 -113
-66 -109 -92
-13 -69 -64
46 -29 -35
94 19 3
134 59 41
162 97 73
183 119 87
190 134 97
192 143 90
181 141 81
146 126 73
103 107 57
48 75 41
1 35 26
-40 -1 2
-75 -30 -20
-111 -60 -43
-132 -83 -48
-151 -100 -51
-153 -111 -51
-156 -115 -44
-145 -115 -40
-128 -106 -38
-98 -92 -40
-51 -74 -41
-6 -46 -41
40 -17 -44
76 18 -35
111 45 -26
134 62 -15
149 76 -4
156 88 4
157 91 14
151 96 21
137 96 37
108 88 57
66 74 67
25 54 76
-9 30 79
-36 10 67
-67 -5 55
-90 -22 41
-107 -44 25
-122 -60 -2
-132 -77 -25
-135 -90 -51
-136 -100 -71
-124 -107 -95
-92 -107 -120
-56 -90 -135
-11 -73 -130
29 -44 -109
66 -15 -84
99 10 -52
123 41 -7
146 72 25
164 96 65
173 118 103
173 137 123
159 143 150
123 138 155
78 118 150
37 94 130
-1 59 94
-38 27 59
-77 -1 15
-107 -35 -23
-136 -69 -59
-153 -97 -91
-164 -118 -107
-167 -136 -125
-154 -148 -126
-125 -141 -126
-81 -118 -116
-28 -86 -86
25 -46 -48
76 -2 -4
121 45 35
154 88 75
183 120 100
196 142 122
204 159 127
198 167 127
172 159 110
128 141 100
77 108 72
25 68 43
-20 20 16
-63 -18 -23
-98 -49 -42
-129 -79 -56
-102 -86 -20
-53 -60 -16
-7 -29 -7
49 6 1
91 40 5
128 68 22
157 91 32
169 108 42
180 118 42
175 121 46
165 119 47
144 110 57
113 94 64
67 76 73
26 49 80
-13 27 81
-40 4 74
-65 -13 71
-86 -26 60
-102 -33 49
-112 -46 33
-114 -53 15
-116 -60 -6
-106 -69 -23
-85 -67 -42
-54 -56 -66
-20 -43 -80
21 -23 -75
62 -1 -59
98 23 -36
124 44 -11
146 68 15
161 88 50
171 105 78
174 118 100
164 129 126
136 126 146
99 118 153
58 98 150
21 71 133
-9 48 103
-47 23 74
-79 -7 33
-106 -37 -4
-126 -61 -38
-142 -88 -69
-149 -106 -91
-145 -119 -107
-122 -122 -108
-82 -109 -107
-35 -84 -94
15 -52 -62
62 -12 -22
108 27 27
147 70 73
175 108 111
197 136 140
209 159 158
207 165 158
189 162 155
154 148 139
102 128 120
54 93 96
4 53 59
-37 15 23
-81 -19 -9
-113 -54 -35
-138 -78 -56
-152 -99 -60
-158 -112 -58
-159 -118 -54
-143 -115 -44
-119 -99 -27
-69 -78 -19
-21 -46 -3
35 -10 10
82 22 26
121 61 38
152 82 47
170 105 52
183 111 55
180 116 53
170 113 45
151 107 43
120 94 44
76 72 49
33 42 49
-9 15 55
-43 -7 46
-74 -23 41
-92 -38 38
-108 -51 29
-117 -57 26
-124 -65 21
-126 -67 12
-119 -66 -7
-102 -66 -18
-75 -59 -40
-38 -48 -55
-1 -31 -60
41 -12 -72
74 8 -58
105 27 -46
127 48 -15
143 65 12
157 80 42
163 91 65
160 100 81
148 107 106
118 107 121
78 90 134
39 67 132
4 46 118
-28 24 96
-61 0 62
-91 -23 26
-115 -46 -9
-134 -68 -44
-152 -89 -70
-155 -104 -95
-151 -117 -111
-130 -122 -120
-93 -114 -131
-52 -92 -121
-1 -68 -103
44 -30 -63
92 2 -28
126 38 17
152 73 62
177 98 93
188 118 118
192 135 131
175 137 138
142 134 133
96 114 120
45 82 101
0 46 65
-42 10 23
-81 -23 -18
-116 -57 -51
-145 -88 -72
-162 -109 -89
-172 -124 -101
-171 -136 -98
-159 -136 -95
-135 -123 -83
-91 -106 -72
-39 -79 -51
15 -38 -26
67 2 6
109 41 38
148 76 59
171 104 77
188 124 86
192 130 87
186 131 74
166 121 60
130 105 56
82 83 42
25 46 32
-20 10 18
-55 -23 5
-92 -47 -10
-113 -66 -15
-133 -81 -13
-140 -87 -11
-142 -92 -8
-137 -88 -7
-128 -81 -11
-106 -74 -12
-74 -60 -20
-28 -40 -37
12 -18 -48
54 4 -51
86 25 -46
113 42 -48
128 51 -32
141 62 -15
149 70 4
151 79 24
145 83 41
127 84 64
96 79 85
58 63 101
19 46 107
-11 25 102
-41 7 87
-70 -5 68
-92 -27 40
-112 -44 10
-123 -60 -19
-139 -79 -51
-145 -92 -82
-140 -103 -110
-121 -107 -128
-83 -102 -140
-44 -88 -141
1 -65 -119
45 -32 -84
83 2 -45
118 34 1
144 63 44
168 87 82
180 111 110
183 129 127
170 132 139
141 126 138
94 106 129
44 80 102
-4 45 73
-42 12 29
-83 -22 -17
-115 -57 -56
-146 -86 -83
-165 -113 -105
-178 -132 -121
-181 -143 -120
-167 -146 -120
-144 -137 -105
-95 -114 -94
-43 -82 -70
14 -46 -44
66 -5 -7
109 36 22
146 71 56
169 99 78
187 118 87
194 130 94
190 136 87
169 130 72
132 112 67
79 84 44
28 44 34
-23 8 10
-60 -30 -16
-101 -56 -33
-127 -78 -52
-145 -98 -53
-155 -110 -56
-157 -118 -56
-157 -116 -48
-143 -110 -49
-119 -101 -37
-79 -82 -48
-33 -53 -50
18 -25 -44
61 2 -43
95 27 -26
124 47 -16
142 63 -9
-149 -92 -45
-153 -104 -48
-153 -105 -39
-141 -96 -26
-119 -84 -21
-87 -71 -19
-38 -45 -26
11 -17 -24
60 15 -22
99 44 -11
132 65 -1
157 87 16
170 102 34
176 108 47
175 116 58
167 115 72
145 109 84
110 95 96
63 73 100
21 49 102
-12 20 88
-46 -3 72
-79 -18 50
-103 -35 25
-123 -53 2
-133 -68 -25
-139 -79 -52
-141 -89 -71
-129 -90 -89
-102 -85 -102
-60 -72 -109
-16 -49 -107
31 -24 -90
72 9 -53
116 34 -20
145 67 24
170 90 67
191 114 109
198 131 137
194 144 156
176 146 165
136 137 163
87 114 152
41 85 130
0 51 89
-44 18 45
-84 -19 -4
-122 -52 -44
-146 -80 -73
-161 -103 -100
-171 -118 -109
-166 -128 -115
-146 -122 -108
-106 -107 -91
-53 -81 -68
6 -41 -33
62 3 12
114 45 56
159 83 89
189 119 121
210 143 141
220 165 151
222 165 147
207 162 132
174 152 118
126 124 90
66 87 62
9 46 33
-39 4 4
-81 -31 -23
-116 -58 -36
-144 -78 -46
-158 -96 -49
-164 -103 -47
-160 -104 -39
-146 -100 -30
-119 -89 -18
-80 -66 -9
-31 -36 -2
19 -5 4
71 28 14
116 57 28
151 81 34
166 100 42
178 113 51
186 118 57
182 117 63
169 112 62
146 101 66
106 90 68
58 66 73
16 37 74
-22 11 72
-50 -6 62
-80 -20 48
-99 -40 34
-116 -51 21
-126 -61 2
-131 -67 -19
-132 -73 -32
-120 -74 -53
-103 -74 -69
-66 -64 -81
-26 -46 -87
20 -23 -81
62 -3 -59
98 22 -37
125 46 -12
146 66 23
166 84 55
179 99 87
183 112 106
171 118 125
143 114 138
98 99 139
55 75 127
10 49 102
-28 21 64
-70 -7 25
-104 -34 -12
-135 -62 -47
-155 -88 -78
-170 -108 -103
-176 -124 -121
-170 -128 -134
-151 -128 -132
-110 -115 -126
-58 -92 -105
-4 -58 -75
51 -18 -34
103 20 5
141 59 47
172 89 87
196 114 111
205 131 133
205 142 135
187 143 126
153 132 116
101 105 92
44 72 67
-9 34 30
-55 -6 -3
-100 -40 -43
-134 -71 -72
-158 -98 -93
-178 -119 -102
-181 -134 -106
-180 -138 -99
-165 -133 -85
-138 -118 -68
-87 -93 -49
-33 -62 -30
21 -23 -7
73 15 15
114 48 33
149 76 42
170 100 47
185 110 53
184 114 50
175 115 41
153 103 34
116 85 30
69 59 23
18 31 16
-27 -2 10
-61 -30 4
-94 -49 0
-119 -68 -3
-136 -82 -6
-147 -89 -13
-150 -93 -24
-148 -92 -37
-139 -94 -41
-118 -87 -54
-86 -71 -66
-42 -54 -78
-2 -32 -87
43 -13 -83
77 10 -73
109 33 -53
129 49 -28
148 64 1
156 72 34
161 85 57
155 92 80
136 92 100
103 84 109
62 66 114
22 48 106
-15 22 84
-52 3 54
-84 -19 16
-115 -46 -22
-142 -69 -55
-158 -93 -96
-172 -114 -118
-175 -130 -140
-164 -133 -150
-137 -128 -151
-94 -111 -147
-44 -83 -127
8 -49 -88
60 -12 -43
107 24 -1
144 61 42
170 89 83
191 109 110
199 127 124
191 137 129
168 133 126
129 119 114
74 91 87
23 54 56
-27 16 19
-73 -19 -24
-114 -53 -61
-146 -83 -89
-171 -108 -108
-185 -126 -123
-192 -136 -128
-187 -145 -121
-166 -139 -112
-128 -122 -91
-74 -97 -76
-19 -59 -50
39 -20 -20
90 22 15
136 55 36
163 85 56
183 108 69
191 117 67
187 121 68
175 116 59
144 103 45
100 85 31
47 56 18
-3 15 7
-49 -16 -10
-87 -48 -28
-119 -66 -39
-140 -87 -45
-156 -98 -47
-162 -108 -53
-162 -107 -49
-153 -107 -53
-136 -102 -51
-109 -88 -53
-63 -71 -63
-21 -45 -65
27 -16 -62
119 105 57
61 73 41
6 39 24
-43 4 7
-82 -24 -7
-118 -47 -22
-144 -68 -22
-158 -79 -27
-160 -86 -30
-158 -84 -27
-142 -78 -21
-115 -67 -22
-66 -47 -21
-17 -27 -23
34 2 -18
80 31 -16
118 52 -4
151 69 11
169 87 20
183 94 38
184 103 54
184 107 64
165 102 79
130 95 91
93 82 98
46 64 105
9 42 95
-20 22 76
-59 7 66
-82 -12 45
-109 -29 21
-124 -42 -1
-134 -51 -23
-142 -63 -42
-138 -70 -60
-112 -71 -74
-72 -59 -74
-29 -42 -75
22 -21 -60
68 2 -21
116 31 5
150 62 34
174 85 69
199 103 96
212 121 127
212 133 133
194 135 145
159 129 149
108 108 131
55 81 115
9 50 79
-37 21 39
-82 -11 -1
-122 -44 -33
-150 -71 -66
-171 -96 -89
-185 -111 -106
-186 -120 -107
-169 -118 -106
-130 -107 -97
-77 -84 -81
-20 -56 -51
41 -20 -26
93 16 13
144 53 48
177 87 76
205 112 101
222 130 112
223 138 116
210 141 117
182 132 110
133 116 93
74 87 77
21 56 53
-28 20 26
-71 -15 -3
-115 -44 -30
-146 -71 -50
-167 -89 -58
-178 -101 -63
-179 -110 -58
-169 -108 -51
-146 -99 -46
-107 -79 -36
-50 -55 -26
6 -23 -8
64 8 1
106 40 15
147 70 28
172 87 38
189 104 49
194 106 53
190 109 58
178 106 58
147 97 60
106 83 65
61 60 68
10 37 69
-24 12 61
-64 -9 50
-91 -27 38
-116 -43 22
-132 -54 13
-148 -65 -2
-150 -77 -26
-150 -80 -40
-144 -82 -58
-115 -75 -79
-74 -68 -83
-26 -48 -91
21 -31 -79
54 -10 -63
95 14 -39
129 40 -12
151 56 25
168 72 49
179 90 83
180 102 98
164 105 114
137 102 125
89 86 128
45 69 108
2 43 93
-41 16 50
-79 -12 15
-115 -36 -23
-150 -65 -58
-174 -89 -87
-186 -107 -104
-190 -123 -127
-188 -129 -121
-151 -125 -127
-107 -114 -114
-54 -86 -84
6 -56 -69
54 -18 -17
111 23 16
148 52 48
177 84 83
197 101 105
210 121 98
203 125 111
180 126 96
134 108 84
75 83 69
23 49 35
-36 6 9
-80 -25 -17
-122 -55 -58
-159 -87 -68
-180 -105 -87
-195 -122 -101
-201 -131 -94
-189 -128 -86
-166 -121 -91
-134 -109 -56
-75 -82 -59
-26 -51 -36
35 -18 -17
86 19 -2
129 49 22
161 74 37
182 90 40
188 102 53
189 103 53
173 103 49
147 95 45
105 77 44
50 51 45
2 24 36
-41 -9 25
-79 -23 7
-111 -52 -8
-134 -71 -7
-152 -76 -34
-167 -92 -32
-168 -93 -38
-159 -95 -55
-142 -89 -51
-112 -78 -65
-72 -67 -74
-25 -45 -66
26 -21 -73
71 6 -43
107 28 -24
130 47 -16
157 67 22
164 74 30
171 85 61
175 94 72
148 87 85
125 88 95
78 69 100
28 50 94
-8 29 84
-43 2 49
-85 -16 34
-111 -46 -9
-144 -64 -38
-162 -83 -65
-180 -99 -98
-185 -116 -99
-178 -119 -125
-152 -118 -135
-108 -110 -128
-60 -84 -120
-3 -58 -90
43 -24 -45
102 12 -21
130 43 39
170 78 69
193 99 93
210 129 132
211 135 124
190 134 132
155 131 120
95 105 93
46 75 77
-10 31 27
-60 -5 -9
-110 -34 -47
-153 -73 -84
-175 -96 -97
-192 -121 -111
-202 -140 -124
-203 -139 -111
-183 -137 -109
-146 -123 -83
-87 -97 -61
-29 -68 -46
25 -25 -18
84 17 1
138 49 27
174 82 55
197 100 56
203 122 80
206 131 61
193 123 62
170 121 61
126 88 36
65 62 39
10 36 15
-39 -4 -3
-74 -30 7
-110 -56 -30
-142 -78 -28
-158 -83 -29
-170 -102 -58
-165 -101 -41
-161 -102 -51
End
