1 0 0 0
-30 -28 -43
-26 -24 -39
-21 -21 -34
-15 -13 -33
-8 -8 -23
-4 -4 -15
4 4 -4
13 12 4
22 19 13
33 29 24
45 38 35
50 44 47
57 49 51
62 53 58
68 59 61
72 64 65
76 67 64
77 67 65
74 64 60
70 63 55
68 63 49
60 58 46
51 49 40
40 42 33
35 37 23
26 31 17
23 26 14
18 19 9
12 13 8
8 9 6
10 9 7
11 6 7
8 5 12
8 6 9
11 5 10
14 9 10
17 11 13
18 12 12
18 10 12
19 13 7
20 12 10
19 15 2
16 13 -2
15 11 -4
11 9 -8
13 11 -11
17 13 -8
17 13 -9
16 14 -3
18 14 -4
21 17 1
25 22 5
30 24 14
35 26 23
39 32 31
48 38 36
54 45 44
59 52 55
60 54 59
61 55 62
62 57 60
63 56 59
61 57 59
59 56 53
54 50 50
49 48 43
45 46 38
40 41 31
34 37 28
26 28 19
22 23 14
18 20 9
13 14 7
8 11 5
3 6 5
2 4 5
-1 4 4
0 1 5
-2 -1 6
-2 -3 7
-2 -3 6
0 -2 6
0 1 5
0 -3 4
-3 -5 -1
-6 -7 -6
-3 -9 -10
-10 -13 -16
-14 -18 -22
-23 -23 -28
-28 -29 -35
-36 -33 -43
-43 -36 -49
-50 -43 -55
-57 -48 -60
-65 -56 -66
-68 -60 -67
-71 -62 -69
-74 -64 -71
-76 -65 -70
-72 -64 -66
-72 -64 -66
-67 -62 -63
-67 -60 -61
-63 -58 -58
-62 -56 -52
-57 -52 -49
-52 -51 -51
-49 -49 -50
-49 -46 -50
-47 -45 -53
-43 -45 -53
-44 -42 -52
-46 -43 -53
-44 -42 -59
-44 -41 -57
-43 -41 -56
-38 -36 -54
-38 -34 -52
-38 -33 -45
-31 -27 -43
-22 -23 -36
-15 -15 -27
-8 -8 -17
2 -1 -6
11 6 4
21 14 11
33 24 21
41 33 30
49 40 40
53 44 44
57 47 47
62 51 48
65 53 50
62 55 49
63 55 45
59 50 39
55 47 36
50 44 30
45 41 25
36 35 20
30 30 16
25 24 12
21 23 9
20 20 9
15 18 6
15 15 7
14 13 7
18 13 12
18 15 14
21 14 16
20 14 17
20 15 18
24 15 13
26 18 17
30 22 17
33 24 20
30 21 16
27 21 7
28 21 4
29 21 -1
26 21 -4
26 17 -5
22 14 -8
22 13 -10
22 13 -7
20 15 -4
15 10 0
18 10 -1
17 13 6
23 18 11
25 21 21
28 23 25
30 25 33
34 29 35
37 34 38
42 37 43
41 36 43
40 35 39
41 34 36
36 33 32
35 30 26
30 30 23
26 24 13
20 21 7
17 18 4
12 14 3
8 8 -4
3 4 -7
2 2 -11
-1 1 -8
1 -1 -7
-3 -4 -7
-1 -3 -5
-2 -4 -4
1 -5 3
-1 -3 1
-1 -7 2
1 -5 0
-1 -6 2
-4 -7 -3
-6 -10 -4
-10 -11 -11
-11 -14 -12
-14 -16 -22
-21 -21 -27
-25 -25 -35
-32 -32 -44
-37 -36 -52
-43 -42 -57
-50 -46 -64
-52 -51 -67
-58 -55 -68
-59 -56 -67
-62 -58 -66
-62 -58 -67
-62 -57 -65
-59 -56 -61
-56 -51 -56
-52 -52 -52
-53 -49 -48
-48 -47 -48
-43 -43 -45
-38 -41 -43
-38 -39 -42
-37 -39 -41
-33 -36 -44
-31 -33 -43
-32 -32 -44
-34 -35 -48
-37 -38 -50
-41 -39 -56
-38 -40 -57
-40 -38 -59
-41 -40 -59
-42 -40 -58
-40 -39 -55
-37 -37 -53
-35 -34 -47
-33 -32 -43
-29 -29 -35
-22 -24 -30
-17 -19 -22
-9 -13 -13
-5 -9 -8
1 -4 -4
8 0 0
12 6 2
17 8 4
17 10 2
50 45 31
53 47 42
57 52 53
64 56 65
68 62 73
69 66 74
69 66 81
71 69 82
71 68 82
68 68 78
64 66 71
57 58 65
52 53 53
45 45 42
37 38 31
25 30 18
14 19 7
7 11 -1
-3 3 -10
-11 -4 -14
-22 -9 -23
-24 -17 -26
-26 -20 -26
-27 -22 -25
-27 -22 -24
-25 -18 -18
-19 -17 -16
-15 -14 -11
-9 -9 -8
-6 -6 -3
-1 -2 1
5 2 2
12 6 6
16 11 6
18 15 4
21 17 5
22 18 3
23 19 0
22 21 0
22 20 -1
26 21 -1
24 19 4
27 20 3
26 21 6
28 22 10
28 25 16
29 26 25
31 25 29
36 29 38
40 35 44
42 39 49
45 40 54
47 41 57
49 42 53
46 43 53
44 41 51
41 37 43
37 30 33
32 28 25
27 23 18
18 18 9
11 10 0
5 4 -6
-2 0 -13
-7 -4 -17
-13 -7 -22
-14 -11 -23
-15 -11 -21
-14 -12 -19
-14 -11 -14
-11 -11 -12
-10 -8 -9
-5 -7 -4
-4 -6 -1
-1 -4 3
-1 -3 5
-1 -1 8
-2 -2 9
-3 -3 4
-7 -4 -1
-12 -8 -8
-19 -12 -17
-28 -19 -26
-34 -24 -39
-44 -32 -45
-52 -38 -53
-57 -44 -62
-64 -49 -67
-69 -54 -70
-72 -56 -73
-74 -59 -73
-78 -60 -71
-75 -60 -69
-71 -58 -62
-69 -54 -56
-63 -51 -49
-58 -45 -43
-52 -43 -40
-48 -39 -34
-42 -34 -30
-38 -30 -29
-30 -28 -30
-25 -25 -29
-18 -20 -28
-14 -15 -28
-10 -12 -30
-8 -11 -35
-3 -11 -38
4 -7 -38
7 -5 -33
11 -2 -30
15 4 -26
22 9 -18
27 15 -6
32 20 2
32 24 14
40 30 24
48 36 31
53 42 43
57 46 48
59 49 56
61 50 62
64 55 64
62 55 65
61 56 62
57 53 59
54 47 51
50 42 39
42 37 29
32 30 18
22 22 7
13 13 -5
5 9 -9
-4 1 -14
-12 -7 -20
-18 -12 -25
-20 -13 -29
-21 -16 -28
-20 -16 -28
-19 -18 -24
-15 -16 -19
-11 -13 -14
-6 -9 -8
-3 -6 -2
3 -4 -2
9 -1 0
13 1 1
16 2 1
16 3 -2
17 2 -4
14 4 -8
14 4 -12
15 5 -14
13 2 -17
11 1 -22
10 -1 -24
13 0 -25
17 3 -23
18 3 -21
20 4 -17
22 7 -10
26 12 -1
28 15 8
32 19 14
34 23 20
39 25 27
42 28 32
44 31 38
42 30 38
43 31 40
43 30 34
39 29 34
38 28 28
33 24 20
29 22 10
25 18 1
21 13 -4
12 9 -12
7 1 -18
2 -1 -24
-3 -6 -28
-7 -9 -29
-9 -12 -32
-14 -12 -29
-10 -13 -27
-10 -13 -23
-6 -14 -17
-7 -14 -15
-3 -12 -8
-1 -8 -1
2 -6 1
4 -3 3
5 -2 3
7 -1 2
5 -2 0
3 -2 -7
-3 -5 -11
-9 -10 -19
-12 -14 -30
-20 -20 -37
-30 -25 -47
-37 -32 -56
-45 -38 -62
-50 -44 -66
-59 -47 -70
-63 -52 -73
-65 -56 -71
-66 -58 -72
-68 -56 -67
-65 -56 -63
-62 -54 -56
-56 -52 -51
-52 -47 -47
-49 -44 -42
-43 -41 -38
-39 -37 -37
-30 -31 -34
-27 -27 -37
-19 -25 -35
-17 -22 -36
-14 -20 -41
-12 -18 -42
-9 -16 -45
-8 -15 -46
-3 -12 -46
4 -11 -43
6 -9 -42
10 -3 -35
15 0 -27
21 9 -15
27 14 -4
31 20 4
39 25 18
45 31 27
56 39 35
62 44 45
65 49 52
71 53 59
74 57 64
75 58 67
76 58 66
71 56 61
67 52 56
60 48 44
55 41 34
43 33 25
34 25 14
24 18 2
14 10 -6
3 2 -13
-22 -22 -18
-19 -20 -18
-16 -19 -16
-13 -13 -9
-7 -7 0
-5 -3 7
0 1 13
3 4 15
7 7 14
9 10 13
6 10 13
9 13 15
14 16 19
12 17 17
9 16 10
9 13 4
7 11 2
6 6 -1
6 5 -2
1 4 -4
1 4 1
2 2 2
1 2 1
0 3 -1
2 -1 2
4 0 7
7 3 15
9 7 18
11 9 20
13 11 16
16 13 19
18 12 18
19 13 15
18 13 13
20 13 13
15 13 9
11 11 4
8 8 -5
6 4 -9
6 2 -11
3 1 -13
-1 -1 -12
-3 -1 -11
-2 0 -9
1 5 -4
3 5 -1
4 7 2
9 9 6
14 9 9
17 11 13
19 14 15
18 15 17
22 14 17
24 12 14
20 10 13
17 12 9
14 10 6
10 5 0
5 5 -3
4 3 -6
1 3 -10
-2 -1 -13
-3 -4 -14
-3 -2 -13
-4 -2 -13
-2 0 -11
0 2 -7
5 3 -1
8 4 4
10 7 9
16 12 14
19 15 20
22 17 22
25 20 23
26 23 24
30 22 27
30 22 28
29 19 24
25 18 18
21 18 15
19 14 11
13 12 6
10 7 3
6 4 -1
4 0 -6
0 0 -13
-5 -5 -16
-7 -9 -17
-6 -9 -16
-9 -12 -17
-9 -14 -18
-9 -15 -18
-6 -14 -14
-5 -13 -14
-6 -14 -13
-6 -14 -10
-2 -14 -9
-1 -12 -11
-2 -11 -10
-2 -9 -12
-2 -13 -10
-4 -12 -14
-3 -15 -15
-8 -18 -21
-13 -19 -26
-13 -21 -31
-17 -23 -32
-20 -24 -35
-25 -25 -37
-25 -27 -38
-26 -28 -37
-27 -24 -34
-23 -21 -30
-22 -18 -25
-19 -14 -20
-13 -11 -14
-9 -10 -8
-6 -6 -2
1 0 5
4 4 9
11 10 13
16 13 18
19 14 20
19 15 20
17 14 17
19 13 10
17 12 6
12 9 1
5 5 -6
0 -3 -13
-5 -7 -16
-10 -9 -21
-15 -14 -24
-19 -17 -27
-21 -19 -28
-21 -22 -26
-23 -19 -20
-20 -20 -16
-18 -18 -14
-15 -16 -11
-11 -12 -7
-6 -11 -2
-4 -7 3
0 -4 3
2 -2 5
6 3 4
6 3 2
6 2 -3
4 0 -7
4 -1 -11
1 -6 -20
-5 -10 -26
-13 -15 -33
-15 -18 -41
-18 -21 -45
-21 -25 -47
-26 -30 -49
-29 -34 -51
-30 -31 -48
-29 -29 -44
-27 -26 -38
-23 -24 -30
-19 -22 -24
-15 -19 -19
-8 -11 -11
-2 -4 -3
4 4 9
13 7 14
22 14 18
25 20 21
29 26 25
33 28 26
36 33 28
34 33 26
31 32 18
30 26 10
27 20 4
23 18 -1
15 13 -5
8 8 -9
9 5 -12
4 0 -12
2 -2 -14
2 -3 -13
3 -2 -6
6 0 0
10 7 6
16 11 10
21 16 20
25 22 29
34 30 34
39 35 39
44 40 40
49 42 42
47 44 40
48 42 36
46 40 34
44 38 30
39 32 24
31 25 17
25 21 10
20 14 2
12 6 -5
4 -4 -11
-4 -10 -15
-6 -15 -20
-11 -15 -20
-10 -17 -19
-10 -17 -16
-9 -15 -15
-6 -13 -14
0 -10 -8
4 -5 -3
5 -2 1
11 2 2
16 7 3
19 11 6
18 14 9
19 13 8
18 10 5
16 10 5
12 9 0
9 6 -7
4 1 -10
-2 -6 -16
-3 -7 -17
-11 -10 -18
-12 -13 -22
-12 -14 -22
-12 -14 -17
-8 -12 -14
-6 -9 -12
-4 -8 -7
-1 -6 1
5 0 6
10 8 11
15 9 16
16 13 18
18 16 17
24 18 17
24 20 18
23 20 13
20 19 12
17 15 7
13 13 3
9 8 -2
6 4 -6
1 0 -10
-3 -4 -13
-5 -8 -14
22 3 -21
38 18 -7
44 26 13
57 30 20
70 39 24
72 41 35
70 41 39
63 36 36
48 30 31
36 27 31
25 26 28
9 22 28
-6 12 21
-8 4 7
-10 -1 -2
-17 -7 -6
-26 -12 -11
-26 -13 -18
-19 -7 -19
-12 1 -15
2 4 -10
14 10 -7
27 12 -2
40 18 6
49 26 13
48 28 23
49 32 27
53 36 32
48 44 40
46 43 45
45 40 44
41 31 46
40 28 45
38 29 42
58 45 41
72 64 58
82 73 77
100 81 85
109 86 86
106 81 89
102 75 77
109 72 63
94 64 64
95 61 56
92 65 49
70 59 54
58 47 51
63 47 38
63 45 37
62 46 43
67 47 40
62 47 46
59 44 52
56 39 48
42 34 47
34 23 44
41 26 36
36 27 43
32 26 47
30 24 41
18 23 37
14 20 35
21 24 26
20 25 28
15 21 24
20 18 15
13 10 6
1 0 1
-15 -11 -15
-28 -19 -21
-41 -30 -36
-46 -28 -43
-59 -38 -45
-73 -50 -47
-82 -57 -56
-91 -64 -62
-109 -76 -67
-114 -82 -81
-115 -84 -89
-123 -86 -83
-122 -86 -81
-135 -88 -83
-143 -99 -88
-151 -110 -98
-149 -111 -112
-150 -115 -116
-141 -111 -126
-118 -95 -127
-107 -84 -106
-82 -70 -93
-55 -49 -82
-44 -41 -65
-28 -33 -52
10 -14 -55
31 7 -33
48 21 -2
84 45 14
99 66 41
97 71 71
110 80 76
101 81 82
77 68 89
60 56 76
54 52 53
18 38 54
-1 22 34
-8 12 6
-36 -8 2
-55 -29 -17
-54 -33 -48
-61 -44 -58
-65 -49 -58
-36 -38 -66
-13 -24 -55
-1 -11 -23
30 8 -10
58 25 7
64 36 34
82 51 48
94 65 60
93 70 81
98 78 88
100 82 92
82 75 93
57 60 84
40 47 60
14 27 41
-13 9 21
-27 -1 0
-40 -10 -13
-51 -18 -20
-50 -21 -32
-44 -26 -42
-40 -27 -43
-30 -25 -42
-7 -18 -38
15 -2 -19
34 19 6
54 34 25
73 47 45
79 56 61
82 59 69
79 58 67
69 56 65
57 50 61
47 45 56
46 46 53
59 60 57
58 66 73
51 57 76
65 54 56
77 58 44
68 55 58
63 43 50
74 43 27
57 41 38
63 40 42
77 51 37
58 42 42
39 29 44
49 30 27
69 45 24
60 58 55
70 57 63
82 64 67
87 70 77
83 72 87
63 59 87
46 35 57
43 30 39
42 27 30
36 29 34
23 26 34
15 20 29
5 13 29
4 6 13
-1 3 -2
-10 -3 -12
-6 -10 -23
4 -4 -26
7 0 -19
-13 -8 -8
-26 -22 -15
-31 -28 -32
-36 -31 -36
-45 -34 -36
-49 -39 -41
-53 -41 -39
-60 -42 -36
-63 -42 -33
-81 -52 -38
-95 -67 -51
-93 -71 -69
-96 -75 -73
-103 -81 -81
-111 -87 -89
-123 -98 -98
-140 -112 -106
-149 -122 -122
-153 -125 -142
-163 -138 -148
-158 -143 -162
-140 -132 -158
-124 -111 -142
-107 -92 -115
-94 -78 -97
-70 -67 -88
-45 -48 -74
-22 -32 -56
7 -13 -42
41 10 -29
70 35 2
82 53 38
98 64 51
86 68 63
65 54 72
68 50 55
60 52 47
33 41 53
21 32 46
14 26 25
-17 9 25
-38 -11 12
-42 -20 -19
-61 -32 -28
-58 -41 -40
-22 -27 -55
-9 -11 -37
-4 -9 -17
24 1 -18
42 13 -11
39 18 11
55 26 15
65 39 19
65 43 38
73 52 46
78 58 50
55 50 57
30 32 53
18 22 30
-3 12 20
-21 3 10
-21 -1 -4
-28 -7 -7
-33 -10 -11
-26 -10 -18
-25 -14 -19
-26 -14 -20
-14 -12 -26
9 -2 -23
-19 3 2
-19 4 5
-19 3 3
-20 6 3
-18 3 6
-19 3 7
-17 4 9
-15 5 9
-14 6 8
-12 7 11
-13 6 12
-13 6 10
-13 9 8
-14 10 8
-11 14 12
-10 15 13
-10 13 12
-12 10 7
-13 12 7
-9 12 7
-16 12 7
-12 11 9
-18 7 10
-16 9 9
-15 10 12
-15 9 14
-15 12 18
-11 12 20
-7 16 21
-5 17 22
-2 18 25
0 19 24
3 19 28
8 21 25
5 22 23
8 22 22
6 21 19
7 18 15
0 16 13
0 13 9
-6 10 4
-4 7 0
-8 4 -1
-11 4 -2
-9 3 -2
-14 2 -1
-10 0 -1
-11 -2 0
-9 -1 2
-9 -1 6
-7 0 9
-4 3 10
-3 2 10
1 7 13
4 7 14
7 9 16
5 7 11
8 7 11
6 7 6
6 4 2
5 5 -2
2 1 -3
-1 1 -7
-2 -2 -8
-8 -3 -11
-9 -5 -10
-11 -6 -13
-12 -8 -10
-14 -9 -10
-13 -7 -7
-14 -4 -3
-10 -1 2
-10 1 4
-8 4 9
-4 5 15
-2 7 17
3 13 18
3 13 20
4 13 21
5 15 21
3 16 19
4 17 15
1 15 11
-2 15 8
-2 11 3
-7 9 0
-11 8 -2
-9 4 -2
-17 2 -6
-15 0 -5
-16 -1 -4
-16 1 1
-13 1 3
-11 3 10
-12 4 14
-5 8 19
0 11 24
5 17 26
7 18 29
11 20 30
13 21 26
18 20 26
18 18 22
18 20 21
18 17 15
18 12 7
10 7 0
7 1 -7
2 -3 -13
-5 -9 -19
-9 -14 -22
-14 -19 -28
-14 -21 -27
-19 -23 -27
-17 -21 -26
-11 -20 -21
-9 -15 -16
-4 -11 -12
2 -8 -3
13 0 4
20 6 12
26 9 20
33 14 19
37 18 23
43 21 24
44 23 27
44 23 27
38 19 21
34 16 13
34 14 8
31 10 1
23 3 -6
17 -2 -12
13 -7 -18
10 -9 -25
8 -13 -26
7 -15 -23
6 -18 -24
5 -17 -23
8 -15 -21
13 -14 -15
15 -10 -12
18 -6 -4
23 -4 -1
25 -1 6
30 5 7
31 8 9
35 9 13
34 12 12
36 12 11
34 10 9
33 10 4
28 8 -2
24 7 -7
21 0 -9
14 -3 -16
12 -7 -18
4 -13 -23
2 -14 -25
-1 -16 -25
-1 -18 -25
-4 -19 -22
-2 -19 -23
-2 -18 -19
2 -13 -15
7 -11 -10
7 -10 -8
12 -6 -6
13 -2 -3
18 1 2
17 1 5
17 2 1
18 2 -1
13 1 -5
14 2 -7
12 0 -9
6 -2 -14
3 -4 -19
-1 -8 -23
-2 -8 -27
-7 -10 -24
-8 -13 -27
-7 -13 -22
-10 -10 -18
-6 -12 -17
-4 -6 -14
-1 -6 -8
2 -2 -2
9 2 3
13 7 6
17 13 13
21 14 16
25 21 19
30 24 23
29 24 21
34 24 23
29 25 21
26 21 17
24 20 14
18 18 10
16 14 8
12 10 7
11 7 3
9 6 1
8 3 -2
8 3 -2
7 2 -2
9 1 1
10 -2 -1
12 1 2
16 3 5
16 2 11
17 2 7
21 5 9
17 6 10
20 6 7
19 4 3
21 3 4
19 7 4
17 6 2
14 2 1
13 2 -2
17 -1 -5
15 3 -6
14 2 -4
10 -1 -5
6 -2 -7
8 -1 -6
10 2 -5
10 0 -1
10 -1 1
12 2 -2
16 2 4
18 4 3
18 6 8
21 5 7
24 7 7
22 9 6
23 10 9
23 12 7
25 8 7
21 7 4
21 8 -2
19 2 -5
16 6 -10
15 4 -9
12 5 -6
12 2 -5
9 3 -8
9 0 -7
-102 -78 -80
-84 -76 -80
-52 -58 -66
-13 -29 -44
17 -5 -19
44 15 9
83 42 29
111 69 52
118 80 70
125 86 75
130 91 74
119 94 79
95 85 74
64 65 57
25 40 33
-9 12 8
-35 -8 -19
-68 -31 -42
-91 -54 -59
-90 -64 -78
-87 -63 -76
-82 -61 -68
-68 -56 -65
-42 -46 -57
-13 -28 -38
20 -4 -19
50 18 2
70 36 29
95 57 51
109 75 62
106 79 75
95 76 74
88 70 62
77 65 51
118 89 45
93 103 71
56 67 79
61 54 43
55 49 23
31 36 32
34 27 10
62 40 -6
39 41 33
74 52 39
89 71 48
50 47 69
68 46 62
98 71 47
92 76 75
79 74 92
98 73 65
86 75 79
78 72 82
70 67 64
46 48 57
52 42 40
59 49 39
38 41 38
23 26 25
22 18 6
12 8 5
3 -1 -4
0 -6 -22
-12 -15 -25
-19 -26 -23
-13 -22 -30
-24 -21 -28
-46 -37 -24
-44 -42 -36
-32 -36 -38
-40 -36 -32
-54 -43 -29
-50 -45 -38
-56 -49 -40
-71 -59 -37
-81 -65 -49
-93 -74 -65
-100 -86 -72
-101 -84 -81
-112 -87 -88
-133 -105 -95
-142 -118 -114
-149 -125 -126
-162 -134 -131
-172 -144 -145
-169 -148 -159
-171 -149 -156
-153 -137 -150
-127 -114 -137
-114 -98 -113
-87 -81 -90
-52 -55 -72
-17 -29 -51
7 -7 -19
46 19 -1
81 48 22
97 68 54
112 82 72
109 88 81
100 82 79
82 73 76
62 60 57
38 45 38
12 29 21
-9 10 2
-31 -6 -13
-53 -26 -30
-66 -40 -51
-62 -44 -62
-56 -42 -59
-43 -36 -51
-19 -25 -44
6 -8 -29
26 9 -6
53 22 11
76 41 25
81 49 45
95 57 54
105 71 56
92 67 67
71 55 67
64 48 45
38 36 34
3 15 23
-11 -3 -8
-30 -17 -29
-52 -30 -39
-55 -38 -51
-55 -39 -66
-60 -46 -62
-49 -42 -60
-29 -32 -60
-12 -19 -44
7 -5 -25
33 11 -11
50 30 12
62 42 30
76 55 42
76 60 54
74 58 60
72 60 60
63 58 56
62 58 53
89 77 51
100 95 71
75 84 90
73 63 71
84 62 44
73 58 43
74 57 44
92 65 29
95 70 39
87 70 60
109 81 57
99 83 62
61 58 70
67 48 47
75 57 35
63 55 48
50 50 59
57 47 40
50 46 50
41 45 59
41 40 49
32 34 41
35 28 33
48 35 34
53 38 31
44 36 36
39 28 27
33 20 15
20 12 4
14 5 -9
1 -2 -16
-11 -13 -22
-13 -14 -30
-20 -17 -33
-43 -30 -34
-54 -42 -46
-53 -48 -57
-65 -53 -55
-76 -61 -55
-76 -65 -64
-73 -67 -62
-86 -69 -51
-88 -71 -55
-84 -71 -64
-96 -78 -61
-98 -82 -66
-103 -84 -75
-123 -99 -79
-138 -112 -91
-148 -122 -112
-155 -128 -123
-172 -133 -130
-158 -134 -144
-161 -128 -142
-155 -129 -135
-117 -106 -135
-97 -82 -113
-83 -73 -83
-36 -49 -74
6 -17 -58
30 10 -11
66 38 12
94 60 28
92 66 60
99 70 69
110 82 65
86 76 73
63 58 73
55 50 47
26 37 35
-2 18 23
-25 -2 -2
-45 -23 -26
-65 -39 -39
-57 -43 -55
-41 -32 -61
-36 -28 -45
-17 -21 -35
10 -4 -28
33 10 -12
51 25 9
69 39 21
89 54 32
97 67 52
102 72 64
99 76 71
76 65 73
53 54 66
39 41 45
17 27 25
-12 8 17
-24 -7 -7
-29 -14 -23
-41 -19 -25
-44 -27 -29
-38 -29 -44
-31 -27 -43
-17 -20 -37
12 -5 -35
28 10 -20
41 20 -2
61 33 10
71 45 22
68 47 36
68 48 39
63 47 39
50 44 40
50 30 34
50 31 31
47 27 25
42 22 19
39 16 11
31 11 4
24 2 -5
18 -4 -14
9 -10 -24
5 -15 -28
2 -20 -32
1 -20 -31
-1 -19 -27
0 -17 -23
2 -15 -19
7 -9 -12
13 -4 -3
19 2 3
25 7 12
31 12 17
37 19 23
41 24 26
42 23 27
46 25 28
46 27 25
46 25 22
42 24 19
40 22 15
34 21 12
32 18 8
28 14 5
24 12 1
21 10 -1
20 9 -1
20 7 -2
21 6 -1
20 5 4
24 7 7
25 9 9
26 10 13
30 12 18
33 13 19
34 15 21
34 16 23
34 17 25
35 18 22
36 17 16
34 15 14
30 9 8
26 8 6
22 4 1
16 0 -4
10 -4 -11
6 -6 -14
3 -9 -16
1 -10 -16
-1 -9 -13
-1 -8 -10
-1 -9 -9
1 -7 -4
5 -2 1
6 -2 2
10 1 4
15 3 9
16 7 14
21 10 12
23 13 13
24 15 16
25 17 16
25 16 16
25 15 12
26 15 10
23 13 6
21 11 5
17 10 3
17 10 2
15 9 2
16 9 6
14 10 5
15 10 7
14 9 8
15 9 11
18 11 13
18 11 14
21 12 15
24 12 16
27 13 15
27 13 17
28 14 14
30 15 17
30 15 14
28 15 10
24 9 6
22 5 1
16 2 -7
13 0 -10
7 -4 -15
2 -10 -20
-2 -13 -22
-6 -14 -25
-8 -17 -25
-8 -19 -28
-7 -19 -24
-6 -18 -19
-3 -14 -15
-1 -12 -12
1 -8 -5
5 -4 2
10 2 6
16 8 10
17 11 14
21 18 17
24 21 20
24 22 18
25 24 16
25 20 15
23 19 12
19 17 7
18 16 4
14 13 2
9 9 -2
7 4 -4
2 2 -5
-2 1 -5
-4 -3 -6
-4 -4 -6
-3 -6 -4
-2 -6 -1
-1 -4 2
0 -2 5
2 -1 7
5 1 9
6 3 9
9 6 8
9 7 11
9 5 8
9 7 3
8 8 -1
4 5 -5
1 1 -7
-5 -2 -11
-9 -4 -16
-14 -8 -19
-16 -10 -20
-19 -11 -19
-23 -11 -22
-24 -12 -20
-26 -12 -16
-23 -10 -12
-19 -10 -9
-18 -7 -1
-14 -5 -1
-11 -1 3
-7 2 10
-3 4 13
-1 7 15
2 9 13
0 11 12
4 12 12
4 12 6
2 12 2
-1 13 -1
-4 9 -2
-7 7 -7
-13 4 -9
-15 4 -11
-18 1 -13
-20 2 -14
-22 1 -10
-22 1 -4
-23 0 -1
-18 4 3
-14 4 6
-11 8 12
-7 11 12
0 15 15
2 13 18
4 14 20
5 16 17
4 16 14
2 14 11
-1 13 9
-3 9 0
-9 3 -7
-15 -2 -12
-20 -6 -18
-27 -11 -23
-31 -15 -26
-38 -18 -29
-39 -20 -31
-40 -20 -33
-38 -20 -30
-37 -20 -24
-34 -17 -19
-30 -13 -14
-27 -7 -9
-19 -2 -3
-12 7 7
-6 12 13
-2 16 17
3 17 18
5 20 19
5 20 19
3 19 15
3 20 10
-2 17 6
-6 11 1
-14 6 -6
-15 0 -12
-22 -2 -16
-27 -8 -19
-31 -11 -25
-34 -12 -26
-36 -14 -23
-34 -13 -22
-34 -14 -20
-31 -12 -16
-25 -9 -10
-22 -4 -2
-14 3 4
-9 8 5
-1 10 14
3 14 16
6 14 17
12 16 18
9 17 19
9 15 15
5 14 12
2 10 6
-3 5 -2
-8 1 -8
-14 -3 -15
-17 -10 -19
-25 -14 -24
-28 -16 -25
-30 -17 -29
-29 -19 -29
-28 -17 -27
-27 -16 -23
-25 -15 -17
-18 -10 -10
-15 -7 -2
-9 -2 0
-3 2 5
1 6 8
6 12 13
12 13 17
13 18 18
14 19 19
15 21 21
56 45 41
42 42 42
36 33 32
26 29 19
15 21 14
7 13 8
-3 2 -4
-7 -2 -15
40 27 -16
69 58 14
94 74 47
115 91 61
138 100 72
133 99 91
121 86 82
121 81 60
93 70 67
85 63 60
73 72 62
44 55 63
12 35 66
3 23 36
10 21 21
9 25 25
25 27 20
46 37 28
62 43 37
72 50 47
69 45 46
61 31 36
64 31 23
64 33 20
57 33 23
43 30 18
28 20 12
9 10 6
-14 -7 -9
-30 -22 -32
-50 -32 -39
-58 -42 -45
-63 -45 -48
-69 -52 -51
-82 -57 -46
-87 -65 -47
-82 -70 -56
-81 -69 -57
-79 -70 -58
-73 -67 -55
-74 -70 -56
-76 -69 -54
-81 -67 -57
-93 -78 -65
-107 -88 -79
-119 -102 -100
-124 -108 -115
-137 -113 -124
-128 -111 -130
-111 -94 -123
-100 -83 -104
-75 -68 -89
-45 -49 -76
-16 -25 -52
12 -1 -18
47 23 -1
78 50 29
91 67 60
109 79 75
117 91 84
101 86 92
93 82 89
96 82 73
74 74 73
38 50 65
15 24 30
-5 6 2
-39 -15 -8
-54 -32 -34
-46 -35 -57
-57 -35 -51
-52 -40 -45
-21 -23 -51
-4 -8 -36
-2 -5 -7
24 5 -2
59 29 -1
71 48 34
85 58 53
102 74 58
96 78 73
83 73 84
76 68 70
54 56 57
20 36 50
8 22 25
1 16 3
-21 6 0
-31 -10 -12
-30 -15 -28
-37 -19 -29
-34 -22 -28
-16 -17 -36
-3 -6 -29
12 7 -9
36 20 1
58 35 13
62 45 35
65 49 48
69 50 45
64 50 48
57 49 50
52 45 46
37 38 41
25 32 38
14 25 34
2 14 24
-12 6 17
22 20 3
58 57 16
45 56 60
57 47 54
89 63 37
102 76 55
111 90 80
171 122 67
182 149 106
142 123 150
148 109 118
127 101 85
62 65 91
29 34 66
48 38 6
25 42 32
8 34 57
20 34 34
0 22 33
-17 3 34
10 8 14
33 23 6
37 29 30
65 41 37
92 58 45
79 59 65
61 47 63
53 35 35
36 24 23
19 15 19
20 13 0
7 16 -4
-29 -2 5
-47 -20 -11
-59 -39 -43
-85 -57 -52
-105 -75 -58
-95 -85 -83
-99 -82 -83
-102 -83 -66
-96 -82 -62
-100 -88 -70
-113 -98 -70
-114 -106 -81
-110 -105 -92
-124 -108 -94
-128 -114 -100
-126 -112 -106
-135 -115 -109
-134 -114 -110
-121 -104 -115
-106 -92 -108
-89 -76 -95
-62 -61 -85
-30 -38 -71
0 -10 -42
28 12 -12
52 28 6
74 44 19
83 53 39
92 63 50
104 73 54
117 93 67
91 87 92
60 58 83
36 35 46
-2 11 22
-41 -17 2
-62 -39 -34
-64 -43 -57
-82 -49 -48
-77 -54 -53
-55 -40 -62
-57 -39 -47
-50 -44 -39
-15 -28 -46
23 1 -39
48 27 2
85 52 23
116 78 48
113 86 77
108 82 85
103 81 76
73 65 70
42 40 59
31 31 28
13 23 16
-18 7 15
-43 -13 -6
-59 -34 -29
-78 -48 -37
-86 -62 -53
-71 -59 -69
-58 -51 -68
-30 -33 -51
3 -10 -34
26 9 -13
41 25 11
54 31 19
67 39 22
69 44 29
71 49 33
70 52 38
58 51 41
43 42 42
18 29 33
-4 11 18
-26 -7 1
-44 -25 -16
-47 -36 -30
-41 -31 -36
-21 -19 -27
47 29 -11
105 84 37
132 108 94
143 109 114
157 105 101
152 102 101
127 88 94
133 87 65
115 92 69
90 82 83
70 76 80
40 60 60
-6 30 49
-41 0 26
-31 -12 -18
-13 2 -20
5 14 -2
29 27 19
42 30 31
50 28 44
55 30 47
59 30 41
11 2 8
12 6 8
12 7 9
12 5 7
10 6 2
10 2 -2
5 1 -7
2 0 -12
-3 -3 -17
-7 -7 -23
-9 -9 -24
-10 -9 -26
-12 -9 -24
-13 -10 -24
-11 -9 -21
-9 -8 -15
-4 -6 -10
-2 -3 -3
3 0 3
7 5 10
13 9 14
17 12 17
21 13 20
23 16 17
25 16 15
22 15 14
22 13 13
19 13 8
15 8 0
10 5 -8
9 3 -11
4 2 -15
1 -3 -20
-1 -6 -22
-2 -9 -25
-3 -11 -25
-4 -10 -24
-4 -9 -23
-2 -9 -18
1 -6 -14
2 -7 -11
4 -5 -5
6 -3 -4
8 -2 0
9 -2 -1
10 0 3
8 1 1
8 2 0
9 2 -2
7 3 -7
7 2 -10
3 -1 -14
2 -3 -18
2 -2 -20
-1 -5 -21
-1 -5 -21
-1 -7 -21
-1 -4 -20
2 -3 -15
2 -1 -9
5 1 -5
6 3 0
9 5 6
12 8 10
13 9 13
17 12 19
19 14 19
20 13 18
21 14 19
20 14 15
20 11 12
21 10 9
17 11 8
14 9 3
13 7 -2
10 7 -7
7 4 -9
4 2 -11
3 1 -12
1 0 -13
-1 -2 -13
-1 -3 -10
-1 -2 -7
1 -3 -4
3 -1 -3
4 3 -1
7 2 3
9 3 6
12 3 9
14 7 12
14 9 11
17 9 12
21 10 11
19 12 6
19 11 4
17 9 2
14 8 -2
13 8 -7
10 5 -10
9 2 -11
7 -1 -12
3 -2 -15
2 -4 -13
3 -3 -11
2 -2 -8
5 -2 -6
5 0 -3
7 -2 1
8 0 5
12 5 10
13 8 13
16 8 17
18 12 17
17 15 17
20 15 18
19 17 16
20 18 17
19 19 11
20 17 9
17 14 5
15 13 2
11 12 -2
10 9 -2
9 7 -5
7 6 -6
6 3 -5
5 2 -3
7 5 1
7 6 4
9 5 8
11 8 13
13 10 17
16 11 18
16 12 19
19 13 21
20 16 23
20 17 22
19 17 20
18 17 16
18 13 7
14 11 7
11 8 -4
7 5 -8
0 1 -12
-3 -1 -20
-7 -5 -22
-8 -9 -23
-11 -11 -25
-11 -11 -23
-11 -10 -20
-10 -8 -14
-7 -6 -6
-4 -1 -1
0 1 4
6 8 9
10 10 15
13 14 21
20 20 21
24 22 23
23 22 25
24 24 24
24 24 20
21 22 17
18 20 12
14 16 9
13 13 7
9 12 1
5 10 4
2 8 2
2 6 1
-1 6 2
2 5 5
5 7 9
7 9 11
10 12 20
16 15 24
18 19 31
24 24 35
29 27 38
30 29 40
33 30 37
30 30 37
30 29 32
26 28 30
22 26 23
19 22 17
14 18 14
10 15 9
7 12 2
3 8 -1
1 6 -4
0 5 -6
0 4 -5
1 2 -1
5 2 2
6 4 6
11 7 10
13 12 17
18 14 21
21 17 25
25 18 28
26 20 32
29 20 29
30 22 26
27 21 23
26 19 22
22 18 15
18 13 10
14 11 2
9 7 -4
4 1 -3
-2 -1 -8
-4 -2 -11
-5 -5 -10
-5 -4 -8
-6 -2 -8
-2 -1 0
-2 -1 4
3 4 10
8 11 18
15 15 25
21 18 30
27 23 34
31 27 37
34 28 36
34 29 36
34 30 34
33 26 28
29 24 21
22 18 16
18 14 9
12 9 2
9 3 -3
2 1 -10
-1 -3 -11
-4 -5 -14
-4 -7 -13
-4 -7 -10
-1 -6 -8
0 -5 -4
5 -2 0
8 2 7
14 4 10
16 8 14
20 8 18
21 9 18
21 9 16
20 10 14
18 9 11
15 7 6
-171 -151 -185
-159 -138 -182
-182 -140 -104
-70 -83 -152
-6 -27 -94
-11 -16 13
104 56 6
163 102 48
109 70 116
166 95 80
240 158 81
184 151 170
160 142 150
158 132 94
46 67 120
-34 -2 50
-41 -23 -56
-132 -75 -58
-199 -129 -77
-143 -110 -154
-139 -98 -126
-157 -106 -74
-107 -94 -104
-64 -84 -104
-39 -58 -51
47 1 -39
118 55 0
123 79 76
180 124 101
220 156 122
176 143 155
130 116 132
109 86 71
53 54 57
10 38 37
5 31 -2
-40 6 6
-81 -26 -3
-79 -40 -41
-83 -59 -58
-95 -73 -58
-39 -42 -68
61 28 -39
105 81 64
135 104 114
168 113 115
156 103 123
153 106 118
171 121 89
154 121 97
117 111 115
118 109 92
86 98 89
8 48 77
-41 -2 13
-52 -27 -45
-59 -33 -52
-39 -15 -42
-20 -10 -32
-26 -20 -8
-13 -18 -7
13 -10 -7
15 -9 5
20 -7 5
47 13 2
72 35 27
76 54 53
69 55 59
41 38 55
13 16 36
-2 6 0
-14 -6 -20
-44 -22 -24
-70 -40 -44
-79 -53 -65
-97 -70 -68
-120 -92 -82
-141 -112 -108
-147 -135 -131
-145 -136 -134
-128 -124 -128
-127 -119 -119
-134 -128 -109
-131 -129 -111
-130 -129 -118
-141 -136 -121
-146 -144 -135
-140 -138 -146
-108 -105 -135
-71 -66 -102
-36 -30 -61
-18 -14 -26
-6 -11 -24
38 18 -22
117 83 6
159 135 71
165 141 118
171 136 116
178 137 114
133 112 119
81 71 83
42 39 33
-19 -4 14
-57 -30 -12
-54 -23 -43
-92 -43 -40
-156 -94 -41
-156 -118 -101
-126 -107 -131
-113 -94 -97
-72 -71 -87
-2 -24 -66
44 12 -4
103 59 41
158 109 68
153 110 104
136 92 109
163 105 77
162 119 91
118 105 104
85 83 76
45 57 49
-25 11 35
-66 -26 -16
-105 -58 -69
-157 -102 -87
-168 -121 -117
-126 -104 -138
-105 -81 -106
-85 -63 -63
-37 -45 -57
2 -25 -32
40 4 0
86 40 21
117 69 47
128 85 77
155 112 89
163 124 108
126 112 117
78 81 91
34 42 43
-6 11 6
-21 2 -26
-30 8 -30
-50 -9 -23
-61 -23 -27
-50 -27 -45
-40 -31 -42
-2 -8 -31
46 28 -7
75 44 36
104 57 63
141 85 73
140 94 105
119 83 108
123 85 78
107 83 73
83 74 81
73 71 61
53 60 46
4 30 43
-17 12 10
-20 1 -19
-29 -5 -22
-34 -14 -26
-20 -13 -32
-9 -12 -25
1 -6 -10
13 2 -3
24 6 3
26 6 10
44 18 17
55 31 31
52 37 42
42 31 39
34 24 31
20 17 23
-5 3 12
-22 -11 -10
-42 -26 -30
-64 -47 -41
-77 -62 -60
-91 -74 -81
-110 -91 -89
-124 -108 -103
-126 -118 -122
-127 -122 -126
-131 -121 -120
-130 -123 -121
-132 -126 -121
-137 -127 -118
-139 -133 -118
-145 -140 -130
-146 -138 -136
-127 -119 -132
-97 -88 -111
-63 -53 -78
-34 -24 -43
1 1 -14
26 19 9
45 30 18
77 50 18
129 94 34
169 142 86
181 158 131
170 146 137
140 118 120
90 77 93
36 30 44
-1 0 -14
-42 -22 -35
-73 -44 -41
-77 -50 -63
-90 -51 -58
-123 -73 -46
-133 -100 -73
-110 -98 -104
-72 -72 -87
-26 -31 -53
46 25 -16
97 71 42
133 103 93
169 125 117
169 130 122
142 109 117
132 92 83
124 90 63
89 82 63
54 63 51
18 41 21
-39 -6 1
-93 -57 -43
-123 -92 -98
-139 -109 -123
-147 -118 -126
-116 -101 -128
-73 -68 -101
-38 -36 -52
-6 -14 -17
26 5 -2
53 18 17
80 40 33
110 65 47
120 87 74
123 98 89
117 100 94
89 86 88
45 54 63
11 26 18
2 14 -13
-12 -15 -30
-14 -17 -27
-15 -18 -25
-11 -17 -22
-5 -15 -19
-3 -13 -14
1 -10 -10
6 -5 -5
10 2 -1
13 3 1
14 6 3
15 6 2
15 7 -2
13 6 -6
11 3 -7
8 1 -12
3 1 -18
2 -2 -21
-3 -7 -24
-6 -11 -27
-7 -13 -28
-10 -14 -26
-11 -14 -26
-8 -13 -25
-7 -10 -23
-5 -9 -19
-1 -8 -13
4 -6 -8
7 -2 -2
13 4 2
15 6 6
20 10 7
23 13 10
23 15 6
24 16 6
23 15 3
21 14 0
19 15 -5
17 12 -8
14 9 -9
11 5 -10
8 4 -15
6 1 -13
6 2 -10
6 2 -11
7 2 -7
10 3 -4
9 6 0
13 6 4
18 9 5
20 10 8
24 15 8
26 14 9
26 15 10
26 16 11
25 14 6
25 15 4
21 13 -1
20 9 -7
15 6 -11
10 2 -16
7 -1 -21
1 -5 -26
-2 -6 -27
-4 -10 -31
-6 -12 -29
-8 -14 -29
-8 -14 -27
-9 -14 -24
-7 -14 -23
-3 -14 -21
-3 -11 -18
0 -9 -16
2 -9 -13
3 -9 -13
4 -7 -12
4 -7 -12
5 -5 -13
3 -6 -17
2 -8 -20
-1 -11 -28
-6 -13 -33
-9 -17 -38
-14 -18 -43
-19 -24 -49
-22 -30 -54
-27 -34 -56
-31 -37 -59
-32 -39 -60
-34 -39 -60
-33 -39 -56
-30 -35 -52
-28 -35 -47
-23 -33 -42
-19 -30 -41
-16 -28 -36
-10 -25 -34
-9 -23 -28
-7 -18 -28
-3 -16 -27
-2 -13 -30
-1 -13 -31
-1 -11 -32
-4 -12 -37
-2 -13 -40
-4 -15 -42
-4 -13 -43
-6 -14 -44
-6 -14 -44
-5 -13 -42
-5 -14 -36
-2 -12 -34
1 -9 -27
5 -4 -20
11 0 -14
17 3 -7
22 7 1
28 13 6
31 17 11
35 21 13
39 24 16
41 25 17
43 26 15
40 25 12
37 22 8
31 20 1
27 18 -2
22 15 -7
18 12 -11
16 8 -11
12 6 -13
11 5 -13
10 3 -15
8 1 -15
10 0 -13
12 -1 -9
13 3 -6
13 3 -2
15 4 1
20 6 1
23 7 3
22 8 3
22 9 0
21 8 -1
20 8 -6
15 4 -10
11 2 -15
6 -2 -22
1 -5 -27
-4 -11 -34
-9 -15 -38
-16 -20 -43
-19 -23 -46
-24 -26 -49
-24 -28 -48
-26 -29 -46
-26 -31 -46
-24 -30 -45
-25 -30 -43
-23 -29 -39
-20 -29 -37
-19 -27 -35
-17 -27 -35
-16 -25 -34
-15 -26 -36
-14 -26 -39
-15 -27 -43
-17 -28 -45
-19 -30 -49
-22 -27 -50
-20 -24 -52
-19 -23 -50
-20 -23 -49
-20 -24 -51
-19 -24 -52
-13 -22 -50
-9 -18 -43
-4 -14 -36
3 -8 -28
10 -3 -20
16 4 -14
22 9 -3
28 14 5
31 18 14
35 24 19
38 28 22
39 30 23
39 30 23
38 31 25
37 33 22
35 30 18
34 26 13
29 24 7
25 22 0
21 16 -4
15 13 -10
11 8 -12
9 6 -15
4 4 -16
4 4 -13
5 2 -13
7 3 -9
8 4 -4
10 6 -1
13 10 6
16 13 11
20 16 12
25 17 16
25 19 19
28 22 18
28 23 18
26 22 14
25 20 8
21 19 3
16 14 -6
12 12 -13
6 6 -17
0 3 -24
-4 -3 -28
-8 -4 -30
-10 -7 -30
-12 -8 -27
-13 -9 -25
-10 -6 -22
-8 -4 -15
-4 -4 -12
1 2 -5
7 5 -2
10 9 5
15 12 10
18 15 12
21 18 13
23 20 14
22 23 11
20 22 7
17 19 2
15 16 -2
11 14 -6
6 9 -11
2 8 -16
1 5 -16
-2 3 -15
-2 4 -14
-1 5 -11
1 4 -4
4 7 -2
7 10 6
11 13 10
17 18 16
21 22 21
-23 -20 -30
-13 -12 -10
15 8 4
31 22 15
31 27 35
46 36 31
53 40 30
50 45 32
61 54 29
76 65 34
98 81 50
99 89 56
90 78 61
80 68 57
84 61 36
75 56 38
62 50 35
71 56 27
57 53 46
57 45 50
42 40 47
18 22 36
0 5 27
0 7 12
4 10 14
2 14 18
15 18 16
12 19 27
20 15 18
16 15 7
14 9 -2
24 10 -13
45 26 -9
57 37 2
66 45 10
65 46 16
61 41 20
56 40 19
84 57 14
97 84 43
126 101 75
150 123 106
154 124 121
153 119 127
145 114 116
144 105 100
125 95 99
138 102 85
134 103 103
109 97 104
95 85 91
69 68 74
58 54 52
56 56 38
59 54 27
56 59 38
73 68 37
75 63 52
65 55 54
69 52 39
57 45 43
62 44 46
76 55 47
69 56 66
68 57 77
58 54 73
44 41 66
24 31 54
21 22 26
0 8 23
-8 1 13
-18 -7 -3
-49 -29 -12
-68 -48 -34
-81 -62 -58
-105 -77 -72
-115 -88 -92
-122 -91 -103
-135 -98 -107
-144 -105 -106
-148 -116 -116
-152 -121 -123
-149 -123 -129
-143 -117 -130
-141 -115 -115
-135 -117 -116
-129 -109 -108
-127 -109 -98
-126 -108 -95
-116 -103 -95
-108 -96 -88
-103 -86 -75
-81 -70 -75
-65 -52 -55
-51 -38 -41
-33 -24 -37
-18 -14 -31
-9 -7 -22
17 11 -19
31 26 -8
40 34 5
50 48 16
74 66 28
71 62 53
74 67 53
75 70 55
58 61 71
62 60 66
58 57 60
39 44 63
25 34 53
33 35 40
37 41 44
38 45 57
32 37 51
28 33 43
37 36 35
49 45 41
46 48 42
62 54 33
71 63 47
83 70 57
91 77 61
73 66 63
67 57 55
71 58 46
71 60 54
58 56 61
57 57 52
51 51 58
46 48 70
46 44 55
27 29 50
12 17 40
26 21 29
31 26 33
20 23 30
26 21 22
26 15 18
25 18 18
29 20 8
27 16 1
26 15 3
46 27 2
82 65 11
128 106 59
116 102 98
140 105 87
150 113 85
141 107 103
142 106 102
148 112 86
137 105 108
120 109 120
140 117 116
77 87 127
49 64 99
68 80 73
55 75 83
57 78 88
82 90 71
88 82 87
84 90 102
113 94 79
96 81 86
90 74 77
127 89 69
116 90 92
109 86 94
103 86 86
82 72 89
63 66 89
49 55 68
23 36 64
9 29 56
7 26 46
-13 13 58
-34 -4 47
-40 -16 23
-55 -29 19
-54 -40 -4
-60 -47 -20
-72 -57 -27
-68 -65 -35
-67 -64 -50
-84 -68 -48
-100 -86 -63
-102 -96 -87
-115 -101 -98
-118 -106 -107
-124 -111 -114
-144 -120 -116
-150 -131 -124
-152 -138 -127
-147 -140 -134
-151 -145 -131
-141 -143 -142
-121 -125 -124
-104 -104 -100
-81 -83 -79
-68 -71 -55
-43 -62 -49
-23 -31 -32
12 -5 -18
34 18 11
47 36 20
70 60 36
83 72 52
87 78 52
76 69 45
60 53 32
47 42 21
38 39 11
21 27 9
-12 4 4
-20 -8 -16
-15 -1 -17
-12 3 7
-28 -8 19
-26 -13 6
-6 -4 8
12 12 28
28 27 38
45 37 40
58 46 60
82 65 73
103 86 82
89 83 93
79 72 78
89 78 63
87 81 63
67 72 67
55 59 42
41 42 29
24 30 30
17 23 8
-4 5 -3
-30 -21 -14
-18 -18 -24
-7 -6 -16
-15 -9 0
-13 -15 2
0 -12 -1
9 -5 14
20 6 17
28 12 17
27 10 23
43 23 28
54 43 31
50 43 41
60 36 35
51 27 23
38 22 19
30 22 17
19 19 15
10 13 18
-3 1 19
-6 -7 7
-2 -6 -3
-4 -8 -2
1 -6 -5
12 4 -2
36 21 13
54 46 40
81 68 61
96 84 82
103 93 90
110 95 97
122 100 100
132 112 104
129 116 102
129 118 96
136 129 96
155 147 112
153 147 132
145 142 130
131 127 114
126 117 97
110 107 84
97 89 66
88 82 57
85 79 61
104 94 68
105 105 80
102 101 92
85 86 96
84 75 77
88 74 77
93 78 71
94 82 73
98 90 81
118 104 98
116 111 122
119 114 128
101 100 121
91 86 100
77 76 78
72 69 57
54 58 50
38 46 36
29 34 18
14 23 2
-17 0 -15
-62 -38 -43
-82 -66 -81
-101 -90 -105
-112 -101 -123
-126 -112 -140
-132 -119 -157
-150 -131 -154
-147 -140 -161
-152 -151 -160
-158 -158 -166
-172 -162 -176
-173 -170 -195
-175 -170 -198
-171 -170 -182
-164 -168 -175
-166 -168 -184
-175 -171 -192
-197 -191 -178
-192 -204 -179
-202 -202 -184
-197 -193 -184
-183 -171 -167
-138 -130 -142
-99 -89 -93
-38 -43 -42
2 -1 12
65 43 56
123 106 111
171 141 152
227 186 188
258 224 214
260 252 251
260 254 251
260 254 251
262 254 252
262 254 251
232 254 251
173 193 197
125 150 141
69 101 92
10 62 47
-25 23 -3
-68 -19 -43
-114 -59 -76
-147 -103 -111
-162 -139 -140
-158 -151 -162
-141 -144 -163
-120 -128 -150
-81 -103 -125
-44 -74 -91
1 -39 -53
41 -5 -18
77 27 19
102 52 50
122 77 70
150 100 89
165 127 112
175 143 139
170 149 151
160 146 147
138 137 137
101 112 125
72 82 102
42 59 77
21 41 53
2 26 40
-15 11 19
-34 -3 6
-48 -23 -4
-59 -41 -21
-57 -46 -33
-50 -40 -37
-23 -21 -25
32 23 -1
82 72 49
111 96 96
138 110 112
180 138 120
204 163 147
213 174 166
221 181 163
222 183 168
219 189 178
209 182 174
162 158 153
118 126 125
80 91 90
50 63 62
28 47 38
8 34 32
-12 12 32
-27 -5 10
-32 -15 -1
-35 -22 0
-40 -30 0
-35 -34 -6
-22 -27 -6
1 -4 9
20 13 28
20 17 38
22 12 30
26 13 19
29 20 11
19 16 -2
0 3 -19
-18 -12 -35
-35 -28 -55
-56 -45 -79
-90 -68 -106
-126 -101 -136
-160 -134 -170
-188 -166 -200
-211 -185 -224
-236 -206 -240
-242 -226 -248
-241 -244 -248
-242 -243 -249
-242 -243 -247
-242 -243 -247
-242 -242 -248
-242 -243 -248
-242 -243 -233
-179 -188 -182
-130 -132 -126
-79 -89 -76
-29 -49 -41
27 -7 -6
74 34 31
124 71 69
165 115 105
205 155 149
240 192 189
260 222 211
260 239 232
243 229 244
216 202 234
185 181 204
160 166 175
130 151 154
95 128 137
49 93 109
6 50 75
-26 14 35
-50 -9 -1
-75 -35 -30
-98 -63 -64
-109 -84 -98
-106 -90 -119
-92 -91 -119
-73 -84 -116
-65 -79 -111
-59 -79 -114
-55 -81 -116
-39 -73 -113
-23 -56 -102
-7 -41 -82
6 -26 -61
16 -16 -42
16 -10 -33
8 -14 -26
6 -12 -24
4 -11 -16
2 -9 -3
5 -8 3
6 0 4
11 9 10
10 9 25
7 5 27
1 -1 17
-2 -6 11
7 -3 4
15 10 5
18 18 14
23 27 26
24 25 32
18 21 25
16 16 11
27 25 8
47 48 19
70 70 47
80 79 71
77 73 78
74 62 67
74 65 57
88 73 53
93 85 62
92 86 73
85 72 73
73 62 62
62 54 50
59 54 41
54 52 38
48 49 38
36 39 28
28 24 18
20 15 6
69 62 51
84 70 62
71 71 53
80 77 61
72 72 58
78 73 61
73 75 57
79 71 70
77 69 64
72 73 73
74 70 75
74 69 67
72 68 67
72 62 69
71 55 60
66 54 49
62 47 44
71 58 31
64 58 51
10 14 33
55 43 -7
37 46 9
45 37 26
15 24 3
8 1 -34
-7 -3 -10
-35 -22 -38
-30 -23 -56
-69 -37 -63
-65 -54 -82
-88 -62 -84
-93 -81 -106
-116 -91 -100
-112 -94 -98
-102 -96 -83
-84 -83 -94
-84 -75 -95
-72 -71 -68
-61 -68 -55
-41 -55 -38
-45 -44 -22
-12 -37 -19
-21 -20 -12
-13 -16 0
-17 -17 -5
-35 -16 -9
-36 -16 -6
-41 -24 -2
-47 -20 -26
-66 -30 -35
-71 -46 -54
-85 -54 -64
-85 -59 -76
-84 -67 -81
-67 -55 -90
-52 -38 -75
-30 -28 -51
-26 -21 -57
-11 -9 -56
8 -7 -38
30 1 -26
44 20 -16
75 38 5
82 54 27
90 72 41
114 91 64
114 86 83
106 86 83
114 86 91
110 86 101
87 83 103
79 77 89
70 66 82
51 60 82
46 54 79
45 46 72
18 34 61
2 21 43
-6 8 19
-15 -1 -2
-32 -13 -16
-28 -22 -33
-26 -17 -37
-27 -11 -31
-23 -16 -34
-26 -18 -47
-30 -19 -48
-25 -24 -42
-16 -21 -47
-3 -10 -38
3 -7 -19
16 1 -11
34 20 1
45 29 25
49 28 37
54 36 42
70 53 68
84 69 88
100 87 97
109 95 110
116 100 115
125 106 114
130 107 115
127 105 116
117 104 113
109 98 106
105 95 91
88 88 70
68 72 61
59 60 48
60 54 41
48 50 41
40 42 33
31 38 30
21 30 37
25 31 30
31 33 30
31 30 44
49 35 57
66 45 67
77 53 82
81 61 86
80 59 88
79 64 97
85 65 90
82 64 85
74 62 78
63 57 77
56 48 60
41 41 43
24 26 25
5 13 13
-5 4 1
-16 -6 -11
-25 -14 -16
-31 -18 -21
-36 -23 -23
-36 -27 -28
-36 -30 -36
-31 -30 -35
-37 -33 -27
-35 -34 -28
-33 -34 -30
-39 -38 -33
-40 -40 -37
-49 -47 -49
-58 -58 -62
-68 -69 -73
-84 -82 -85
-103 -92 -98
-115 -100 -107
-130 -113 -117
-138 -120 -125
-138 -123 -131
-138 -124 -130
-138 -122 -137
-139 -121 -134
-131 -116 -115
-116 -105 -101
-94 -90 -88
-70 -70 -68
-46 -52 -46
-30 -36 -33
-11 -23 -24
7 -9 -16
20 4 -1
41 23 18
74 55 38
89 77 62
95 87 68
108 95 68
111 99 74
110 94 81
107 92 67
107 95 60
94 92 74
85 83 67
79 82 53
61 72 56
38 50 59
34 44 48
34 38 44
17 23 45
3 13 28
2 6 18
2 5 22
-2 3 23
2 5 20
10 7 29
15 10 38
19 13 34
29 18 20
23 16 16
14 9 11
22 9 -1
32 13 -1
26 15 8
18 17 9
22 27 4
21 28 12
20 22 7
23 18 -1
22 16 4
22 12 10
24 15 9
29 23 13
24 24 30
25 25 34
31 30 36
44 40 45
54 50 60
56 54 69
67 58 70
82 70 67
82 74 69
81 74 68
87 77 65
89 79 75
91 78 81
95 78 67
91 70 61
76 59 56
73 55 45
67 53 45
56 49 58
57 46 64
65 52 64
64 54 71
57 51 74
54 45 69
55 45 74
59 43 77
59 48 76
59 49 72
57 49 67
54 44 58
46 40 47
38 31 40
27 22 30
20 16 19
15 13 11
9 11 8
-3 5 0
-9 -3 -13
-14 -13 -24
-28 -27 -31
-33 -36 -40
-40 -44 -43
-41 -46 -39
-45 -46 -42
15 18 17
10 16 18
9 18 21
12 21 26
17 24 34
25 28 43
33 35 50
41 41 59
49 48 64
58 56 68
66 60 73
70 65 76
73 66 72
70 63 72
67 59 67
62 54 60
56 49 52
49 47 47
42 43 42
36 38 40
28 30 35
24 23 32
19 18 28
13 16 25
13 17 26
17 19 29
21 20 34
25 24 39
32 26 43
34 31 44
40 36 46
44 37 46
45 38 47
46 37 46
44 37 42
41 33 38
36 29 34
28 24 31
22 22 26
16 20 22
11 15 18
9 12 13
4 10 13
2 8 13
5 7 12
7 8 14
11 8 13
13 10 18
16 10 20
21 12 22
23 15 28
25 18 31
25 22 34
27 25 38
27 27 40
27 27 39
24 28 38
23 28 38
21 26 35
23 26 34
22 27 29
22 27 25
25 26 25
22 24 22
21 22 20
19 19 18
14 18 20
16 16 20
14 16 23
13 14 27
10 13 27
11 12 33
10 13 35
12 15 36
16 19 40
17 22 42
23 22 42
27 24 42
29 24 41
28 24 36
30 25 28
27 22 18
25 18 9
19 12 3
13 6 1
5 1 0
-1 -2 -2
-4 -6 -4
-11 -8 -4
-12 -10 -5
-14 -10 0
-13 -8 5
-12 -7 12
-9 -2 21
-2 4 26
6 8 26
15 12 28
20 18 26
26 18 28
29 20 26
30 19 22
28 20 18
23 17 13
19 13 6
12 10 -1
5 4 -4
1 0 -5
-3 -1 -4
-7 -3 -3
-10 -3 -2
-11 -5 0
-9 -5 5
-7 -4 8
-2 -3 13
2 4 19
7 8 22
13 12 25
18 12 28
23 16 25
24 17 25
26 18 21
25 17 20
22 13 15
18 11 13
14 8 7
7 1 2
0 -6 -4
-7 -9 -10
-12 -11 -14
-19 -13 -16
-23 -15 -19
-23 -17 -22
-21 -19 -22
-22 -20 -20
-18 -20 -17
-13 -17 -13
-10 -14 -8
-4 -6 -6
2 -6 -6
7 -2 0
12 1 4
11 2 9
9 4 7
7 4 6
2 3 0
-2 -1 -6
-6 -6 -9
-11 -12 -15
-16 -16 -22
-21 -19 -24
-25 -24 -32
-25 -25 -35
-28 -30 -39
-28 -33 -40
-27 -34 -40
-22 -30 -37
-23 -28 -32
-21 -23 -27
-15 -20 -19
-13 -18 -13
-9 -15 -12
-9 -13 -10
-5 -12 -7
-2 -7 -3
-2 -4 0
-2 0 1
1 2 -2
1 -1 -6
0 -4 -11
-3 -5 -16
-8 -7 -19
-14 -11 -28
-18 -15 -29
-19 -20 -32
-22 -25 -31
-26 -29 -31
-29 -29 -34
-29 -30 -32
-28 -29 -31
-26 -29 -30
-21 -30 -29
-19 -26 -24
-15 -23 -23
-12 -19 -21
-9 -15 -18
-7 -12 -17
-6 -10 -15
-5 -12 -18
-7 -12 -21
-10 -15 -24
-12 -15 -30
-16 -18 -35
-20 -21 -37
-21 -23 -41
-26 -26 -40
-27 -28 -38
-27 -30 -37
-28 -29 -36
-27 -29 -38
-22 -26 -33
-20 -24 -28
-18 -21 -23
-14 -20 -19
-8 -16 -19
-7 -13 -14
-2 -13 -13
0 -12 -15
-1 -10 -17
-2 -10 -19
-5 -11 -21
-7 -11 -23
-10 -12 -26
-10 -15 -31
-14 -18 -35
-15 -22 -36
-21 -23 -37
-22 -23 -38
-23 -23 -38
-26 -25 -35
-22 -22 -34
-18 -21 -31
-12 -19 -28
-12 -17 -25
-6 -14 -20
-5 -12 -15
-2 -9 -10
3 -8 -10
3 -6 -8
4 -4 -6
2 -3 -6
1 -4 -11
-2 -5 -17
-5 -8 -24
-9 -12 -30
-14 -16 -35
-16 -18 -37
-17 -19 -40
-18 -23 -42
-21 -24 -43
-20 -26 -44
-20 -25 -43
-18 -25 -40
-14 -24 -36
-14 -22 -26
-12 -17 -24
-7 -13 -20
-7 -10 -17
-4 -7 -15
-2 -7 -11
-2 -4 -12
28 26 55
43 38 78
55 54 100
73 70 112
86 82 120
97 88 120
106 91 118
101 88 116
93 84 105
80 76 91
66 68 76
47 53 54
32 40 34
12 25 16
-3 11 -2
-19 -5 -16
-30 -16 -24
-37 -22 -28
-39 -23 -27
-35 -24 -23
-31 -21 -19
-29 -18 -16
-18 -13 -8
-10 -10 -11
-7 -8 -14
-6 -10 -14
-4 -12 -16
-11 -15 -28
-21 -20 -38
-28 -31 -55
-40 -40 -77
-51 -52 -101
-74 -66 -117
-90 -82 -133
-108 -98 -112
-94 -103 -49
-51 -76 -3
-6 -25 28
17 10 68
54 32 96
85 61 82
98 72 87
99 67 100
100 72 115
96 90 140
103 94 157
95 103 140
73 106 121
52 85 92
39 60 39
6 30 -7
-20 -3 -30
-43 -30 -44
-47 -35 -48
-49 -39 -43
-46 -35 -44
-43 -29 -45
-39 -29 -43
-31 -33 -52
-30 -36 -51
-27 -43 -33
-17 -37 -11
5 -21 15
28 3 44
52 25 70
66 47 82
74 61 90
73 61 81
63 53 64
46 41 53
33 28 48
24 19 42
16 18 35
7 16 30
0 11 22
-9 8 1
-23 -2 -23
-38 -21 -49
-52 -36 -69
-60 -51 -77
-57 -57 -72
-48 -55 -63
-43 -46 -48
-30 -35 -30
-17 -26 -16
-10 -14 -10
-6 -8 -1
1 -10 11
10 -4 18
15 -2 33
23 4 45
34 13 55
42 26 54
45 34 54
41 35 44
31 34 30
21 23 17
11 7 -2
-2 -5 -14
-12 -10 -18
-15 -13 -20
-20 -14 -25
-25 -13 -27
-27 -13 -28
-30 -18 -30
-33 -19 -26
-28 -23 -17
-20 -19 -8
-10 -10 7
6 1 27
20 13 35
35 25 42
42 32 47
48 31 47
44 29 40
39 24 35
30 21 26
21 17 17
12 11 5
2 3 -6
-10 -9 -20
-23 -17 -36
-35 -26 -47
-50 -36 -63
-63 -47 -74
-73 -58 -83
-79 -68 -88
-84 -72 -95
-81 -77 -100
-82 -81 -103
-78 -81 -105
-78 -77 -106
-77 -78 -109
-78 -82 -114
-79 -83 -118
-80 -83 -123
-84 -88 -130
-90 -92 -141
-95 -94 -150
-100 -101 -158
-106 -107 -139
-98 -108 -98
-70 -92 -68
-39 -58 -45
-23 -34 -9
8 -19 17
38 8 18
50 23 25
54 29 40
57 36 50
57 47 69
62 49 83
56 55 76
45 57 73
35 49 68
29 40 38
13 30 5
-7 11 -18
-22 -10 -35
-33 -25 -55
-47 -36 -65
-51 -45 -75
-62 -48 -84
-60 -49 -83
-60 -54 -92
-58 -59 -101
-60 -62 -105
-55 -68 -102
-49 -69 -99
-39 -61 -87
-34 -53 -65
-23 -42 -42
-11 -30 -25
-3 -22 -17
5 -14 -11
8 -10 -6
9 -5 1
13 -5 6
13 -4 6
13 -1 10
13 2 15
12 4 10
13 7 2
4 4 -8
-2 -2 -20
-10 -5 -35
-21 -14 -52
-30 -25 -65
-34 -33 -71
-38 -39 -69
-41 -40 -65
-43 -40 -62
-42 -36 -58
-41 -35 -56
-35 -33 -55
-33 -34 -52
-30 -34 -46
-26 -30 -38
-16 -24 -28
-7 -19 -16
8 -8 -9
15 0 -2
21 8 2
26 15 2
27 18 3
26 19 2
25 17 0
25 15 -5
26 15 -9
22 15 -10
14 14 -10
7 12 -10
1 11 -9
-5 7 -11
-11 -1 -16
-13 -6 -17
-10 -12 -23
-12 -13 -22
2 -3 -14
2 8 -1
17 16 13
24 16 20
18 14 9
14 3 -4
6 -4 -21
-7 -12 -33
-11 -20 -43
-18 -21 -49
-23 -25 -52
-35 -33 -62
-43 -42 -73
-55 -55 -84
-69 -62 -98
-69 -67 -109
-76 -74 -113
-66 -68 -114
-66 -64 -109
-66 -68 -102
-58 -66 -103
-63 -68 -103
-61 -69 -102
-58 -66 -108
-62 -65 -114
-61 -63 -117
-66 -68 -129
-73 -75 -138
-81 -82 -144
-89 -92 -138
-89 -95 -123
-81 -84 -107
46 36 29
37 32 21
25 25 14
11 14 6
2 5 -3
-14 -8 -12
-35 -26 -25
-56 -46 -51
-74 -66 -70
-87 -81 -84
-102 -97 -106
-105 -105 -121
-109 -108 -119
-116 -115 -113
-125 -120 -118
-132 -125 -123
-146 -138 -134
-159 -153 -148
-170 -168 -169
-184 -179 -188
-198 -190 -201
-198 -190 -209
-185 -177 -204
-168 -158 -194
-147 -137 -178
-114 -112 -164
-80 -85 -146
-53 -62 -127
-27 -45 -109
1 -26 -92
19 -11 -67
40 5 -37
58 22 -13
68 41 20
74 50 53
78 57 73
76 62 82
72 65 83
63 60 82
52 50 72
36 37 48
22 28 29
12 18 19
-2 9 6
-7 6 -10
-11 1 -15
-9 3 -22
2 6 -26
13 9 -19
25 15 -8
37 22 -2
55 34 2
70 48 20
77 57 34
83 67 40
84 70 45
77 70 50
66 61 47
47 47 34
30 33 23
13 16 12
-4 2 -1
-12 -7 -10
-17 -12 -9
-18 -14 -5
-17 -13 -7
-7 -7 -5
0 -1 1
9 4 0
19 10 -3
29 16 -1
34 20 4
44 29 5
60 47 12
84 77 36
105 98 65
120 114 87
134 125 102
138 125 113
133 114 112
118 102 101
106 89 91
90 79 82
77 70 76
71 68 68
63 67 72
47 61 72
39 54 62
33 48 47
31 39 37
27 29 24
32 24 12
41 27 12
50 34 21
60 42 29
73 55 42
80 67 56
83 71 66
87 74 67
83 73 66
74 69 64
65 61 55
58 55 47
49 51 43
40 46 45
30 41 44
21 30 40
11 20 38
-2 8 28
-13 -9 13
-24 -19 -9
-36 -31 -22
-39 -38 -32
-48 -42 -39
-55 -46 -43
-62 -53 -46
-76 -64 -56
-92 -79 -72
-112 -99 -87
-134 -119 -111
-152 -143 -137
-170 -161 -154
-182 -173 -167
-182 -172 -175
-170 -158 -172
-147 -137 -150
-123 -115 -127
-92 -88 -106
-54 -57 -82
-19 -27 -60
15 -1 -40
42 21 -24
70 42 -5
88 58 11
96 71 25
98 78 33
94 81 39
76 72 36
51 56 24
31 41 9
8 22 6
-14 -2 0
-31 -20 -10
-38 -28 -11
-41 -33 1
-32 -28 10
-17 -16 20
3 1 40
25 16 57
53 36 63
80 57 71
99 76 84
111 86 83
120 98 82
126 106 82
123 111 85
115 108 86
103 101 79
91 91 71
75 82 63
55 66 49
38 50 34
19 31 27
4 15 14
-8 4 1
-18 -6 -5
-26 -14 -10
-29 -23 -16
-28 -25 -27
-25 -26 -27
-25 -28 -21
-17 -24 -19
-5 -17 -16
9 -7 -6
24 9 9
49 32 20
85 65 47
116 101 87
139 128 116
161 146 134
166 152 147
159 148 146
149 137 130
134 124 113
111 106 102
87 90 88
71 79 75
53 71 69
35 56 66
21 41 54
16 30 38
12 23 36
12 18 31
18 18 28
30 23 29
41 33 38
56 44 48
72 55 54
78 63 69
85 70 79
85 75 77
85 75 74
79 70 73
73 68 66
65 65 60
58 57 54
50 51 55
33 42 52
20 30 45
4 15 34
-14 -3 17
-32 -20 -2
-46 -37 -21
-57 -49 -34
-69 -58 -43
-73 -64 -48
-82 -70 -50
-90 -79 -52
-101 -90 -64
-111 -103 -80
-126 -116 -95
-141 -133 -115
-157 -144 -134
-168 -156 -149
-176 -161 -155
-175 -155 -156
-164 -143 -151
-145 -128 -138
-124 -108 -114
-95 -86 -95
-56 -54 -69
-19 -26 -41
16 5 -17
53 30 9
83 54 33
106 75 57
122 93 72
129 103 85
118 104 88
102 95 78
79 81 62
58 65 37
26 46 16
-6 17 -4
-39 -14 -30
-62 -35 -57
-79 -52 -69
-93 -68 -78
-99 -77 -89
-95 -79 -86
-8 3 10
-9 -5 7
-3 2 6
-4 -5 7
0 -2 20
-6 0 12
13 3 20
-6 0 32
19 6 19
16 13 28
13 10 28
2 7 18
32 18 22
-14 -1 17
26 14 -1
-11 3 6
6 2 3
-15 -1 2
-4 -7 -21
-14 -7 3
-32 -17 -20
1 0 -9
-33 -16 5
-11 -13 -14
-4 6 5
-24 -19 -2
9 4 11
-2 1 10
0 -9 17
16 20 15
7 0 13
21 13 25
15 17 12
29 11 20
12 20 24
23 13 0
25 18 25
5 11 14
26 14 1
18 20 16
16 10 8
25 18 13
27 23 12
22 17 30
33 30 23
45 32 35
30 30 44
54 44 39
50 42 53
56 43 57
52 42 50
69 50 57
41 41 59
65 45 45
42 36 54
47 34 35
50 41 40
22 19 30
42 26 20
23 22 18
9 1 12
32 22 9
-12 -7 1
25 11 0
3 10 16
-11 -21 -11
27 23 10
-12 -7 9
7 -6 12
30 25 20
-22 -17 8
47 26 37
-9 10 23
38 9 20
6 26 47
22 8 2
39 35 44
1 19 21
32 17 16
23 36 30
10 2 3
22 22 12
10 15 -4
5 0 6
6 17 4
-7 -10 -12
5 5 6
-12 3 -2
-4 -8 5
-4 4 18
-12 -9 3
13 6 22
-13 1 25
4 -3 10
12 16 34
-2 -2 20
17 12 28
-3 5 15
20 3 15
-2 12 17
4 -2 -6
-7 -8 3
-19 -8 -22
-15 -20 -15
-38 -21 -20
-34 -31 -35
-49 -37 -33
-38 -34 -36
-48 -42 -34
-53 -43 -34
-45 -41 -37
-39 -36 -25
-42 -38 -23
-34 -37 -27
-33 -29 -26
-23 -26 -11
-30 -30 -14
-17 -23 -24
-23 -25 -18
-28 -25 -23
-18 -22 -29
-38 -34 -33
-28 -27 -41
-36 -31 -40
-41 -37 -46
-37 -34 -43
-44 -38 -52
-37 -34 -38
-33 -26 -40
-30 -29 -36
-21 -21 -23
-12 -16 -20
-3 -8 -7
9 0 4
12 4 8
31 17 20
34 21 28
45 29 29
48 34 34
53 39 32
60 44 40
57 42 34
56 42 32
58 48 31
49 40 30
50 41 29
45 38 23
38 32 27
37 33 23
32 26 20
28 23 22
26 25 19
23 19 18
25 22 22
25 19 19
26 16 24
23 18 27
26 19 20
25 17 27
15 9 17
21 10 6
18 9 8
3 -2 2
11 1 -12
2 -3 -16
-16 -17 -19
-3 -10 -34
-15 -22 -30
-25 -30 -35
-20 -24 -46
-23 -31 -40
-33 -34 -34
-28 -30 -43
-28 -34 -38
-23 -28 -26
-30 -32 -33
-12 -23 -28
-20 -22 -13
-17 -23 -20
6 -4 -10
-23 -21 -6
3 -3 -18
4 2 1
-23 -26 -11
12 4 -21
-20 -16 -19
-21 -26 -24
-10 -3 -31
-46 -41 -43
-23 -22 -35
-51 -33 -54
-45 -48 -55
-52 -36 -44
-63 -60 -74
-45 -42 -49
-70 -55 -54
-58 -63 -64
-47 -37 -41
-66 -62 -51
-46 -47 -42
-50 -44 -44
-50 -56 -44
-34 -33 -36
-46 -46 -46
-39 -46 -41
-42 -35 -51
-42 -50 -55
-45 -42 -52
-52 -52 -76
-48 -54 -71
-54 -48 -71
-60 -64 -82
-62 -57 -80
-60 -59 -83
-60 -61 -75
-53 -52 -71
-51 -56 -70
-36 -42 -54
-31 -36 -43
-18 -32 -36
-6 -14 -23
8 -7 -11
23 9 4
30 15 4
42 22 11
48 34 18
57 37 19
57 44 23
55 44 19
60 44 20
55 49 18
52 41 14
47 38 12
45 38 9
43 31 12
35 30 10
35 26 8
33 25 15
31 26 15
35 25 18
31 25 22
35 25 21
35 28 25
34 26 23
31 27 21
33 26 19
26 22 15
25 19 9
20 15 4
14 7 -6
111 90 84
106 87 85
97 85 90
104 84 85
93 77 82
83 74 77
84 75 73
65 59 77
58 54 61
59 56 53
51 46 67
42 41 65
49 39 49
40 38 62
41 39 63
44 40 56
41 34 56
39 38 52
44 35 50
37 30 41
35 28 31
32 25 27
16 20 23
15 12 9
-3 3 -3
3 0 -3
-17 -6 -11
-17 -13 -19
-27 -16 -21
-21 -16 -19
-34 -23 -15
-19 -22 -22
-34 -20 -14
-11 -23 -2
-23 -19 -3
-14 -14 -4
-6 -11 9
-25 -15 7
1 -9 2
-22 -12 4
-17 -10 -1
-24 -12 -4
-26 -22 -12
-44 -24 -20
-37 -27 -25
-62 -37 -34
-52 -39 -38
-68 -46 -48
-73 -50 -44
-72 -51 -46
-81 -56 -47
-70 -55 -39
-78 -52 -38
-68 -49 -34
-62 -47 -25
-57 -40 -20
-45 -32 -16
-37 -24 -7
-27 -21 -5
-19 -14 -5
-7 -8 -3
2 1 -1
9 6 -1
8 8 -1
19 11 -3
20 12 1
25 17 2
27 22 2
33 20 9
27 24 15
36 28 16
35 28 22
38 30 33
42 34 34
41 34 37
42 31 41
43 32 39
44 31 42
42 31 42
41 28 37
36 25 33
34 25 28
28 21 19
27 17 14
18 14 10
13 7 6
6 -1 -2
2 -2 -10
-5 -5 -13
-7 -9 -14
-13 -13 -17
-18 -15 -19
-19 -18 -16
-18 -15 -16
-15 -14 -10
-17 -12 -6
-7 -7 -1
-7 -7 3
-2 -5 5
-1 -1 7
5 1 9
5 2 12
8 2 7
7 4 6
7 2 2
8 2 0
6 -2 -4
2 -2 -6
0 -4 -10
-2 -7 -12
-5 -7 -14
-7 -10 -14
-9 -14 -16
-10 -14 -18
-11 -16 -18
-9 -14 -17
1 -8 -11
-5 -11 -1
-5 -14 -2
10 0 -6
23 9 8
20 9 22
28 13 10
37 17 18
36 19 24
49 28 19
50 29 15
43 25 18
46 28 13
41 22 11
34 20 5
33 22 0
24 15 3
11 7 1
15 7 -16
8 2 -10
6 1 -2
3 -2 -2
2 -5 -7
-2 -4 2
13 0 5
6 -3 9
13 3 3
13 6 10
13 5 18
10 4 9
16 4 2
7 2 7
11 2 1
-5 -5 -10
1 -8 -20
-21 -13 -23
-12 -18 -32
-33 -25 -32
-28 -28 -42
-37 -33 -36
-34 -34 -41
-36 -35 -38
-37 -33 -34
-29 -32 -25
-34 -30 -20
-20 -23 -18
-26 -19 -12
-12 -17 -7
-12 -13 -3
-10 -11 -8
-11 -12 -8
-8 -8 -10
-13 -13 -11
-18 -13 -23
-27 -19 -30
-34 -26 -37
-46 -34 -49
-52 -41 -58
-61 -47 -59
-66 -52 -63
-74 -58 -71
-77 -60 -69
-78 -60 -69
-78 -61 -66
-77 -62 -62
-73 -59 -59
-66 -52 -55
-58 -50 -49
-54 -50 -48
-49 -49 -50
-42 -43 -48
-31 -35 -44
-27 -33 -38
-23 -30 -42
-15 -26 -39
-13 -23 -36
-9 -20 -37
-6 -16 -39
-7 -16 -37
-6 -15 -35
-2 -12 -34
-2 -14 -30
-2 -10 -29
6 -5 -23
7 -3 -15
7 1 -12
14 0 -4
18 9 5
23 13 13
26 18 17
32 25 22
36 28 28
41 30 28
42 33 27
42 31 27
41 31 27
37 30 19
32 25 15
26 22 11
22 20 7
17 14 2
7 9 -6
5 4 -14
0 -1 -14
-6 -5 -12
-10 -8 -16
-10 -9 -15
-10 -11 -14
-12 -13 -16
-10 -13 -14
-11 -14 -12
-9 -14 -11
-8 -12 -10
-8 -13 -12
-8 -10 -12
-8 -10 -14
-6 -11 -18
-10 -12 -23
-11 -16 -29
-13 -17 -34
-16 -19 -39
-19 -23 -44
-22 -26 -51
-26 -30 -54
-30 -33 -54
-30 -32 -55
-29 -31 -51
-30 -30 -46
-26 -30 -41
-24 -28 -34
-20 -23 -29
-12 -18 -23
-8 -15 -16
-2 -10 -14
-21 -24 -30
-15 -19 -22
-10 -18 -14
0 -12 -10
2 -11 -6
3 -8 -5
4 -2 -2
7 2 -1
7 5 -1
7 5 -3
2 3 -8
-1 1 -11
-4 0 -15
-3 -2 -18
-10 -4 -19
-13 -7 -21
-15 -11 -23
-11 -13 -24
-12 -13 -23
-10 -14 -21
-7 -18 -17
-9 -17 -13
-4 -12 -10
-1 -8 -7
4 -2 -2
10 1 1
11 4 4
14 6 4
16 8 1
16 7 -2
16 6 -6
12 5 -11
9 1 -16
2 -1 -22
-2 -7 -29
-7 -12 -34
-16 -18 -35
-23 -23 -41
-26 -29 -44
-30 -33 -41
-31 -34 -40
-30 -37 -39
-29 -35 -34
-28 -33 -31
-25 -32 -30
-21 -27 -26
-17 -25 -23
-17 -22 -20
-9 -17 -24
-10 -17 -22
-13 -18 -29
-14 -18 -34
-19 -23 -38
-25 -29 -46
-29 -33 -56
-37 -39 -58
-47 -44 -63
-49 -46 -67
-58 -52 -65
-62 -55 -62
-55 -49 -64
-54 -48 -57
-54 -46 -51
-46 -43 -51
-39 -39 -42
-33 -34 -33
-19 -23 -30
-12 -15 -23
-12 -13 -17
-5 -10 -21
0 -8 -22
-2 -8 -20
-3 -7 -26
-1 -6 -27
-5 -8 -27
-6 -9 -30
-6 -8 -33
-8 -8 -29
-10 -9 -28
-2 -4 -28
5 -2 -18
6 1 -12
10 4 -9
13 6 -5
19 10 0
24 13 6
28 16 10
32 21 13
33 20 15
32 20 14
34 20 9
30 20 6
29 17 2
26 14 -3
21 12 -5
14 8 -11
7 2 -21
4 -2 -25
-1 -5 -29
-5 -7 -32
-6 -7 -34
-8 -10 -34
-8 -10 -33
-9 -10 -30
-10 -11 -28
-7 -8 -20
-2 -3 -14
0 -3 -6
2 1 -3
9 3 -1
10 3 3
9 4 1
11 5 -4
7 2 -9
0 -2 -16
-3 -5 -28
-10 -11 -36
-21 -19 -42
-30 -25 -55
-36 -31 -59
-43 -38 -60
-52 -45 -64
-61 -54 -70
-68 -64 -74
-67 -62 -76
-69 -60 -69
-69 -60 -62
-64 -58 -57
-64 -58 -56
-54 -56 -52
-43 -46 -50
-36 -39 -44
-28 -33 -38
-22 -25 -35
-8 -14 -32
-4 -9 -26
1 -5 -27
10 0 -27
14 6 -23
25 13 -19
24 17 -13
26 16 -14
26 14 -13
26 18 -10
35 24 -2
32 25 8
29 22 14
29 21 10
30 22 13
29 21 17
23 21 17
22 16 18
16 13 15
13 12 7
13 11 1
8 5 -6
5 2 -15
6 2 -21
6 2 -19
3 1 -21
6 1 -27
7 4 -26
12 6 -24
19 11 -19
23 18 -10
27 19 1
32 24 4
39 29 12
40 35 23
45 40 30
50 44 36
49 46 41
52 50 44
51 52 41
49 50 37
42 45 38
39 42 30
36 39 26
27 33 21
24 30 15
20 24 7
12 18 4
10 13 -1
6 8 -7
2 6 -8
1 3 -11
2 2 -8
-2 -1 -9
-5 -3 -10
-2 -3 -10
-2 -2 -3
-6 -3 -1
-9 -6 -4
-10 -7 -7
-14 -10 -8
-19 -16 -11
-28 -23 -22
-40 -33 -32
-51 -43 -46
-61 -52 -60
-72 -63 -73
-87 -76 -89
-96 -86 -103
-105 -94 -110
-123 -109 -118
-131 -123 -134
-146 -130 -148
-151 -136 -152
-148 -134 -150
-141 -129 -147
-142 -123 -138
-115 -104 -125
-83 -76 -102
-65 -58 -72
-48 -42 -57
4 -8 -40
51 34 7
92 73 48
130 104 78
152 124 106
171 136 126
190 154 128
198 167 138
182 166 146
163 153 137
157 143 123
128 127 116
91 103 94
67 82 67
45 62 51
24 46 46
15 36 34
5 25 31
-6 13 34
2 13 28
22 22 31
33 33 47
49 42 55
72 54 63
87 68 74
98 77 84
110 84 85
116 92 85
115 95 85
115 96 78
106 92 77
86 80 67
70 69 55
62 60 43
47 49 36
45 21 -6
37 19 -4
23 18 -10
17 12 -15
4 1 -20
-8 -4 -24
-11 -6 -26
-22 -17 -32
-28 -19 -36
-26 -18 -34
-24 -23 -34
-26 -23 -35
-20 -22 -31
-21 -20 -27
-16 -14 -30
-7 -11 -29
-13 -13 -28
-11 -9 -30
-7 -8 -33
-7 -11 -38
-12 -12 -41
-8 -13 -39
-15 -12 -39
-12 -10 -41
-12 -8 -37
-12 -6 -35
-9 -3 -34
-6 1 -22
-2 1 -20
2 9 -12
17 18 -4
25 25 6
34 43 16
63 61 45
62 56 49
59 62 42
75 73 46
83 78 58
73 77 47
77 72 49
61 63 41
62 64 34
56 60 31
47 47 29
28 43 20
34 38 18
30 34 13
25 37 12
26 30 13
29 26 12
30 28 8
36 27 20
32 23 17
37 26 17
41 22 23
37 18 15
37 21 11
35 23 13
30 21 8
20 16 -1
13 10 -6
11 9 -10
0 6 -15
-8 -3 -26
-10 -7 -30
-10 -9 -33
-13 -12 -31
-22 -15 -44
-17 -17 -39
-19 -18 -34
-21 -19 -35
-23 -19 -33
-19 -21 -24
-20 -18 -23
-14 -19 -19
-13 -19 -17
-7 -16 -12
-9 -18 -14
-11 -17 -17
-10 -21 -25
-18 -23 -24
-14 -26 -33
-19 -28 -39
-30 -35 -48
-41 -39 -57
-49 -48 -69
-63 -56 -81
-72 -65 -87
-80 -71 -92
-85 -70 -92
-83 -70 -93
-75 -62 -82
-61 -45 -65
-43 -23 -46
-17 -6 -27
5 13 -4
30 35 19
60 56 38
86 70 57
103 84 75
111 93 84
119 99 91
121 98 92
114 92 84
101 83 73
84 70 67
61 58 53
47 44 37
28 33 22
10 22 15
-1 12 8
-9 4 3
-12 4 4
-2 7 6
9 11 17
18 18 26
31 25 30
46 41 41
57 51 52
69 57 60
76 66 60
80 74 69
80 76 68
82 77 65
73 73 63
65 66 55
61 61 54
49 52 49
38 45 44
33 40 42
29 32 37
23 30 34
21 28 34
22 24 37
25 26 42
33 29 46
41 38 55
54 50 65
68 62 77
79 68 85
94 80 94
100 89 99
108 95 103
109 98 100
114 99 103
109 98 98
105 98 95
102 92 89
89 84 90
81 80 81
73 77 79
63 71 78
58 64 74
55 61 72
55 57 71
55 57 73
53 52 71
51 52 70
49 47 71
54 44 73
50 46 72
48 45 71
44 45 70
44 44 70
38 40 60
36 38 58
31 38 50
28 33 46
24 23 38
18 18 28
10 9 19
1 0 12
-10 -10 1
-15 -20 -7
-29 -31 -18
-37 -38 -22
-48 -44 -28
-50 -53 -30
-59 -57 -35
-68 -64 -36
-68 -67 -37
-71 -74 -44
-65 -72 -49
-73 -71 -52
-72 -72 -51
-69 -76 -59
-68 -71 -65
-64 -65 -65
-57 -55 -58
-46 -43 -51
-30 -29 -42
-14 -11 -27
11 9 -6
30 26 12
51 46 33
74 69 58
93 77 78
103 88 88
115 99 102
123 108 118
121 108 124
117 106 121
108 102 121
91 90 119
85 81 106
67 73 95
46 57 76
32 45 62
27 33 48
10 28 38
1 20 24
0 13 21
-1 7 16
2 8 12
12 12 15
18 13 18
22 20 26
38 23 36
45 28 43
54 40 51
62 47 62
69 54 71
68 61 75
70 61 79
62 60 77
60 58 73
54 53 66
43 46 58
38 41 46
30 32 37
15 24 27
7 16 17
4 13 14
-6 4 6
-14 2 3
-16 -5 6
-15 -10 -1
-15 -8 1
-15 -9 3
-15 -8 9
-5 -8 12
1 -1 19
0 2 21
7 9 29
18 14 34
25 17 37
29 26 38
39 31 46
43 41 49
57 54 52
113 93 85
101 86 78
83 72 61
62 60 45
46 50 33
28 35 19
1 14 1
-23 -15 -22
-43 -31 -43
-50 -38 -55
-52 -40 -61
-55 -45 -58
-49 -44 -52
-36 -34 -40
-19 -26 -28
-5 -14 -11
6 -8 -2
20 3 10
39 19 18
57 35 29
71 52 40
81 62 51
85 68 56
85 69 56
80 69 47
72 67 44
68 63 38
73 69 34
94 96 47
130 134 85
137 139 124
112 106 117
90 73 83
92 72 63
109 88 73
105 94 88
91 84 95
94 87 94
113 106 106
113 107 120
76 77 109
49 52 74
58 53 57
82 68 61
86 80 71
70 68 70
56 53 65
54 48 55
51 43 41
33 30 30
20 18 21
18 16 16
26 21 17
32 30 22
27 29 31
15 21 36
12 10 31
12 8 19
20 13 22
17 16 28
11 4 31
2 -3 20
8 0 10
12 11 13
12 16 17
-10 -4 12
-19 -19 -9
-21 -15 -18
-14 -13 -16
-24 -17 -16
-35 -28 -28
-47 -34 -35
-28 -23 -33
-38 -27 -28
-47 -39 -30
-58 -50 -34
-58 -55 -39
-54 -52 -35
-46 -44 -33
-49 -45 -23
-60 -54 -22
-50 -50 -28
-33 -36 -23
-49 -39 -17
-48 -47 -29
-53 -51 -39
-47 -47 -41
-47 -42 -40
-43 -39 -47
-49 -40 -43
-55 -45 -46
-49 -45 -52
-46 -39 -54
-39 -32 -46
-34 -26 -32
-25 -25 -28
-18 -20 -19
0 -3 -7
21 19 12
41 35 34
50 41 46
63 48 58
74 58 65
85 66 72
87 71 75
86 68 76
86 74 74
92 82 74
90 83 74
81 81 71
72 71 69
60 59 60
45 47 45
33 37 30
26 29 19
24 25 19
22 24 23
18 20 26
14 13 23
17 13 26
18 16 32
23 17 36
25 17 33
33 22 35
43 34 41
56 46 51
60 52 59
58 52 58
62 52 55
65 54 50
68 59 50
69 67 55
73 69 58
74 70 59
85 79 64
101 94 77
105 96 94
91 82 97
73 64 82
78 62 71
91 76 77
93 86 98
83 84 100
81 73 99
71 66 97
73 66 89
70 68 84
60 60 82
53 50 77
59 54 63
66 59 65
59 57 66
53 53 66
47 44 59
39 35 50
30 28 38
30 28 31
38 35 36
37 36 50
25 25 47
33 21 42
12 15 35
35 30 41
36 31 60
17 13 49
19 16 36
27 22 36
29 19 45
13 18 36
19 11 21
10 4 30
3 1 18
-2 2 -2
6 6 9
-22 -15 10
-15 -18 -9
-7 -4 -11
-15 -11 2
-25 -16 -1
-21 -15 -17
-17 -15 -3
-19 -11 12
-10 -15 6
-19 -23 5
-32 -24 -2
-13 -13 0
-1 -6 14
-10 -8 18
-14 -12 9
-23 -21 -2
-14 -18 -7
-34 -25 -15
-20 -28 -22
-43 -35 -25
-49 -46 -41
-57 -49 -49
-42 -36 -51
-55 -44 -35
-70 -58 -43
-67 -61 -56
-65 -59 -50
-59 -52 -42
-53 -44 -44
-35 -28 -29
-27 -22 0
-22 -23 2
-19 -22 -6
-8 -14 -3
7 5 9
28 23 24
29 21 30
20 15 29
31 22 14
56 48 23
81 79 52
84 79 74
61 54 71
27 12 36
1 -14 -5
6 -2 -24
20 23 -5
9 28 28
-4 10 34
-19 -9 15
-12 -6 11
-2 7 18
-10 3 25
-16 -9 15
-2 -6 8
30 19 15
66 54 43
76 69 68
70 59 79
57 42 63
62 37 37
78 53 31
80 67 46
76 68 58
67 59 57
57 47 46
50 47 38
46 46 36
26 35 37
17 22 34
20 19 30
20 22 30
26 29 34
26 27 40
22 19 42
14 6 34
12 7 14
18 12 16
22 14 19
26 17 20
27 18 18
29 17 18
26 18 14
23 18 7
19 14 2
13 9 -6
7 5 -14
2 0 -20
-4 -4 -25
-9 -7 -26
-12 -9 -29
-12 -12 -25
-13 -14 -24
-11 -13 -19
-8 -9 -10
-4 -6 -6
3 -2 4
9 2 11
16 6 16
21 12 21
24 14 23
29 18 22
27 21 20
27 21 17
25 20 12
23 19 7
18 17 1
14 13 -3
8 10 -8
5 8 -10
4 6 -10
2 4 -8
1 3 -5
2 4 0
6 7 5
13 9 13
17 12 21
23 15 28
29 20 34
32 26 38
36 30 43
41 33 45
43 34 43
46 39 40
45 38 36
39 35 29
37 34 23
34 30 18
28 26 13
23 22 10
18 18 9
15 15 9
15 13 9
15 15 13
13 14 16
16 15 22
20 17 25
25 18 30
29 20 33
30 23 34
34 25 37
35 28 35
36 27 34
34 29 32
34 27 27
31 25 21
26 22 15
22 20 10
17 18 6
14 15 3
9 11 -1
5 9 0
6 8 1
7 7 3
6 8 4
9 6 9
13 9 11
17 10 16
18 12 22
22 14 26
24 17 29
27 21 30
29 20 29
29 22 29
25 22 25
27 22 23
24 21 17
19 19 14
16 16 8
12 13 5
8 9 0
7 8 -2
6 5 -2
3 6 -1
3 4 2
2 5 5
6 7 9
7 7 15
12 9 17
14 11 21
18 15 26
20 15 30
23 15 30
24 16 30
23 19 29
25 19 27
26 19 26
23 18 22
20 18 15
17 16 14
13 14 12
8 10 6
5 8 2
4 6 0
4 4 1
3 4 4
4 5 8
4 5 12
8 6 19
12 11 21
17 14 28
21 16 32
26 20 37
30 22 39
34 22 39
36 25 37
36 28 35
34 28 33
33 25 26
28 23 18
24 21 15
18 18 10
16 13 6
9 10 4
6 7 0
3 6 1
3 5 2
3 5 8
7 5 11
9 8 16
16 10 23
23 15 28
26 20 35
31 24 38
36 28 40
39 28 41
39 29 39
41 29 36
37 30 30
34 29 22
30 25 18
23 19 9
17 15 4
10 10 -2
5 5 -6
1 1 -10
-2 -1 -11
-3 -1 -5
-4 -1 1
-2 -1 7
0 2 12
8 5 18
15 10 25
20 14 31
23 17 34
27 18 36
30 19 33
30 21 29
30 21 25
28 20 20
22 17 13
18 14 6
12 9 -3
5 3 -8
-4 0 -12
-9 -6 -14
-15 -10 -19
-19 -12 -20
-19 -12 -16
-19 -14 -14
-18 -13 -7
-15 -11 -3
-10 -8 2
-5 -7 6
-2 -4 7
1 -3 9
2 -2 8
5 -2 9
4 2 4
2 -2 -1
-1 -4 -6
-5 -7 -13
-12 -11 -23
-19 -14 -28
-24 -19 -31
-31 -23 -39
-35 -29 -42
-39 -33 -44
-40 -34 -46
-43 -36 -44
-45 -38 -41
-42 -38 -38
-42 -35 -36
-36 -35 -30
-30 -31 -26
-25 -27 -22
-22 -23 -21
-18 -21 -17
-14 -18 -16
-11 -16 -15
-9 -14 -18
-6 -10 -21
0 -7 -19
3 -1 -20
7 2 -19
10 4 -14
13 7 -14
16 9 -8
18 12 -5
24 16 2
30 21 7
33 24 17
37 29 26
45 37 36
52 40 45
57 46 56
63 51 61
69 56 66
74 60 73
77 63 71
78 64 72
79 64 68
76 62 65
72 62 61
65 59 53
55 50 43
50 46 33
44 38 28
35 32 21
30 29 19
25 25 15
21 21 18
21 19 18
20 15 21
19 14 24
20 14 26
84 70 48
54 53 47
22 33 26
6 10 0
-29 -18 -16
-55 -40 -39
-59 -44 -60
-64 -52 -56
-66 -53 -50
-53 -47 -48
-46 -43 -37
-46 -43 -24
-22 -34 -24
-7 -23 -13
1 -15 -2
24 8 6
45 28 18
50 36 35
79 63 37
84 82 56
94 90 78
91 88 76
96 79 62
61 58 54
54 52 29
53 50 22
37 39 28
28 32 24
21 27 18
10 15 23
4 10 19
12 12 12
5 7 20
13 15 22
34 28 23
50 41 41
48 45 52
65 54 50
64 52 55
59 46 51
60 46 41
55 44 36
41 34 32
37 33 22
35 28 15
13 17 11
-1 6 -2
-6 -5 -13
-23 -21 -14
-33 -29 -23
-36 -31 -32
-42 -40 -33
-50 -46 -35
-47 -51 -44
-55 -58 -43
-60 -62 -48
-61 -68 -59
-66 -73 -62
-74 -79 -69
-71 -79 -80
-83 -81 -87
-91 -90 -92
-100 -98 -105
-109 -107 -116
-121 -118 -124
-135 -127 -135
-144 -140 -147
-156 -150 -155
-162 -159 -163
-170 -164 -169
-177 -170 -171
-172 -167 -174
-164 -159 -169
-151 -150 -156
-141 -136 -141
-120 -119 -129
-98 -108 -115
-82 -89 -103
-58 -69 -90
-37 -48 -73
-15 -27 -60
-2 -15 -46
14 0 -36
26 16 -20
48 37 -4
52 50 18
57 53 29
49 47 30
47 41 23
34 32 20
27 29 14
21 23 13
12 16 15
6 11 16
9 11 9
2 11 14
-1 6 14
2 4 4
2 -1 -4
2 -4 -5
11 1 -13
21 12 -11
23 14 -2
29 19 0
34 25 1
35 25 7
33 22 6
31 20 0
24 14 -2
15 8 -6
14 8 -13
9 5 -10
0 -1 -7
-4 -3 -9
-9 -7 -10
-19 -15 -13
-22 -21 -24
-24 -24 -31
-28 -31 -33
-28 -30 -42
-23 -28 -47
-24 -30 -45
-23 -28 -47
-16 -25 -48
-4 -11 -44
7 7 -28
33 35 -7
56 53 21
68 60 36
66 56 40
72 58 31
74 58 40
76 64 44
70 58 51
68 56 45
52 54 55
63 59 50
54 59 54
47 54 46
35 43 46
36 41 31
38 39 29
38 35 21
35 31 18
34 32 14
34 30 16
38 30 12
36 32 15
33 28 16
30 25 15
27 21 10
25 19 10
20 16 8
20 18 12
13 13 15
12 13 15
5 10 15
4 6 12
-7 -2 7
-11 -11 -6
-20 -20 -15
-29 -31 -30
-35 -37 -41
-43 -47 -54
-56 -57 -64
-62 -63 -74
-69 -69 -84
-78 -76 -93
-87 -86 -98
-94 -92 -105
-99 -98 -111
-105 -103 -114
-107 -105 -114
-112 -109 -115
-113 -111 -109
-116 -118 -112
-115 -114 -112
-111 -111 -107
-105 -105 -100
-98 -99 -97
-91 -92 -94
-85 -83 -89
-73 -74 -87
-63 -67 -84
-55 -60 -81
-47 -52 -78
-34 -41 -71
-23 -29 -62
-15 -22 -59
-7 -16 -52
-1 -8 -44
9 1 -32
21 11 -20
26 22 -6
38 33 13
47 43 30
54 47 39
52 48 47
59 55 52
65 61 57
65 61 62
65 55 58
60 54 51
58 54 47
57 53 43
51 48 31
39 37 21
29 30 13
26 25 1
22 22 -8
13 16 -9
8 8 -13
8 9 -16
13 9 -9
13 9 -6
14 10 -5
18 13 6
22 14 13
30 17 17
33 21 19
34 24 26
39 27 27
40 28 26
37 27 23
30 22 17
26 21 9
23 19 5
16 12 -7
8 7 -17
2 2 -22
-3 -4 -26
-1 -1 -29
2 5 -25
10 24 -8
41 41 18
43 39 31
44 36 34
52 45 36
73 60 50
83 66 63
83 65 68
88 65 67
90 76 76
102 87 87
98 85 86
84 83 80
79 81 82
78 78 72
72 73 61
64 66 51
-25 -29 -65
-8 -13 -34
18 5 -10
49 29 9
82 54 39
96 71 67
118 84 71
116 87 85
118 88 84
129 100 85
128 105 88
100 93 90
80 82 69
71 70 48
36 49 37
22 34 6
-4 12 -11
-25 -11 -26
-30 -19 -40
-27 -22 -49
-40 -30 -39
-47 -38 -45
-33 -37 -46
-31 -36 -34
-15 -24 -29
-4 -15 -18
2 -10 -8
13 -1 2
29 12 9
30 15 19
22 14 18
22 12 9
13 5 2
6 2 -10
-3 -4 -20
-22 -19 -31
-39 -32 -46
-49 -43 -60
-69 -58 -71
-85 -70 -83
-94 -80 -96
-102 -90 -98
-107 -96 -100
-108 -95 -101
-113 -97 -98
-118 -103 -97
-115 -103 -100
-109 -103 -99
-111 -99 -94
-98 -91 -92
-90 -84 -87
-83 -76 -80
-73 -65 -77
-64 -58 -75
-56 -53 -70
-49 -46 -71
-35 -39 -67
-31 -33 -62
-22 -25 -58
-17 -20 -51
-6 -13 -43
-1 -5 -32
11 8 -22
27 21 -6
34 30 12
43 38 22
49 42 28
58 46 34
57 49 41
62 50 39
60 53 43
58 50 44
59 51 38
53 50 36
46 43 33
31 34 24
27 27 10
14 15 5
5 8 -8
0 4 -11
-6 -4 -15
-9 -6 -15
-11 -6 -17
-6 -6 -14
-9 -6 -7
-3 -3 -6
4 -1 -1
11 6 3
18 12 7
25 17 10
29 21 14
32 23 16
38 28 18
37 28 15
34 30 13
31 26 8
26 25 2
20 19 -3
15 15 -9
10 11 -14
6 8 -13
2 2 -15
-2 2 -13
-3 0 -11
-1 1 -8
1 2 -3
4 5 2
9 8 11
14 12 17
22 16 20
32 24 26
37 30 31
41 36 35
47 38 34
50 39 30
50 41 31
51 43 26
51 41 22
50 39 19
50 39 11
46 40 12
45 38 14
44 35 14
40 33 19
41 34 22
42 34 24
41 36 32
44 38 37
48 41 42
52 44 50
54 47 54
55 47 58
57 50 60
57 51 62
56 49 56
55 49 52
52 46 45
45 44 40
40 40 33
34 34 25
28 30 19
20 24 12
14 18 8
11 15 6
6 13 0
3 9 3
2 7 4
1 6 8
3 7 12
6 8 17
12 11 19
13 14 23
15 16 27
14 14 26
14 16 24
13 15 23
7 10 17
3 9 8
-3 3 -2
-11 -2 -10
-20 -6 -16
-30 -14 -23
-38 -19 -29
-45 -25 -34
-51 -29 -38
-54 -31 -39
-54 -34 -41
-54 -32 -37
-48 -31 -31
-46 -27 -24
-35 -20 -17
-26 -13 -7
-15 -4 1
-3 3 9
7 10 12
18 14 19
26 21 20
34 26 22
40 30 24
44 31 25
44 35 25
46 38 26
45 39 28
46 39 30
45 40 31
44 42 34
44 42 38
49 44 44
50 45 48
54 49 53
59 53 61
63 57 65
68 63 72
72 66 78
77 70 80
78 70 83
80 71 83
81 72 78
79 69 75
72 65 68
64 61 62
56 55 55
47 47 46
37 40 40
27 33 35
18 25 28
12 19 23
5 13 18
2 8 17
2 5 18
-2 6 20
2 6 20
5 7 23
9 10 25
13 13 30
15 16 32
19 20 32
21 23 30
25 22 27
25 24 26
24 24 20
21 22 16
17 22 12
15 18 7
11 16 3
7 10 1
5 7 -1
3 4 -3
6 5 0
5 2 4
7 2 8
9 5 13
15 9 22
20 12 29
25 17 36
30 24 41
37 28 47
41 33 50
45 36 51
49 41 52
49 44 50
49 43 48
49 46 44
45 44 43
42 44 42
37 41 37
37 37 36
32 34 34
31 33 34
30 30 37
-36 -24 -69
-25 -1 -21
19 5 8
-52 -49 -10
-74 -95 -66
-71 -77 -94
-4 -3 -58
19 37 11
26 9 34
-43 -50 -11
-29 -59 -57
-20 -26 -61
21 16 -31
-44 -14 -23
-7 -15 -42
-2 -10 -19
-30 -35 -39
-27 -38 -60
-66 -61 -80
-72 -46 -76
-9 -8 -44
-8 -21 -33
-35 -35 -24
-73 -63 -67
-30 -36 -51
2 4 -20
17 10 0
-29 -24 2
-36 -38 -50
-2 -23 -32
16 5 -21
32 41 0
1 16 13
-24 -41 -6
-58 -56 -71
-7 -20 -101
22 37 -20
-2 23 7
-23 -17 -17
-46 -49 -39
-63 -78 -81
-43 -49 -91
18 21 -55
-8 25 22
3 -1 37
-35 -42 -20
-52 -62 -66
-21 -28 -63
35 29 -25
33 47 24
9 8 34
10 -21 -10
-23 -41 -42
-26 -34 -78
7 16 -57
32 36 -14
-6 13 5
-12 -35 -35
-58 -71 -83
-51 -52 -90
-20 -13 -73
0 10 -31
-11 -5 -10
-41 -44 -25
-31 -55 -46
-39 -46 -62
5 5 -39
20 31 10
17 -1 26
-10 -23 -3
-8 -35 -36
-4 -19 -40
23 21 -22
21 25 -6
32 31 7
13 15 0
1 -25 -22
-35 -47 -59
-22 -34 -84
-30 -9 -59
25 28 -27
14 24 10
-1 -21 11
-41 -46 -32
-30 -50 -60
-22 -16 -54
12 19 -14
38 31 18
14 8 40
8 -13 1
3 -13 -11
32 17 -14
18 14 7
3 4 -18
34 28 -9
30 11 10
-1 2 -17
18 14 -29
-4 -12 -29
-32 -18 -28
-5 -11 -62
-8 -16 -47
-14 -1 -29
2 2 -14
-8 -5 -10
-4 -18 -11
-47 -40 -44
13 -12 -36
-3 -5 -3
6 7 -6
41 31 12
29 17 22
-5 -16 13
-11 -22 -40
-3 -10 -42
13 18 -21
45 50 6
37 26 22
-18 -20 -2
-35 -48 -43
-46 -46 -82
8 0 -56
-17 25 -31
44 37 8
-1 19 35
1 -28 10
-51 -60 -34
-15 -33 -66
2 3 -28
41 50 19
74 64 57
32 30 65
-12 -27 20
-6 -30 -43
21 21 -39
38 43 9
53 51 25
42 42 28
21 4 20
-15 -26 -13
-23 -22 -71
-11 -1 -50
6 19 -16
13 19 3
2 3 1
-5 -33 -2
-49 -51 -40
-44 -29 -58
35 21 -25
33 47 39
39 36 47
34 15 42
28 3 21
12 1 5
40 20 -4
41 37 -3
41 46 22
53 40 33
21 17 15
2 2 -15
-15 -6 -31
12 17 -28
13 25 -2
17 7 3
-19 -17 -7
-35 -34 -38
-11 -14 -34
15 10 -10
11 16 10
23 14 26
10 -1 19
22 8 16
48 34 22
45 42 37
45 40 40
45 31 30
44 25 15
50 32 15
35 42 14
51 60 30
38 53 36
26 21 23
4 -6 -10
-18 -19 -38
0 1 -30
17 34 2
33 45 29
22 27 49
1 -4 25
-14 -25 -4
2 -10 -17
30 25 6
48 55 48
64 66 75
53 45 68
40 18 37
33 10 13
28 20 8
39 42 18
55 59 32
54 54 45
32 25 34
2 -2 1
-4 -3 -25
15 24 -14
34 47 15
45 50 42
29 32 46
21 8 31
16 6 15
29 22 11
46 51 37
70 74 70
77 70 89
60 48 77
45 32 52
28 22 30
31 30 22
38 44 22
49 52 37
47 50 50
28 28 39
7 9 13
-2 -1 -8
-5 -4 -11
6 14 -3
27 34 18
39 34 47
25 18 47
18 6 26
19 5 16
25 21 22
54 46 41
72 67 67
76 66 87
65 52 78
55 41 53
52 41 41
53 47 41
61 64 44
67 66 54
58 58 55
48 46 51
24 25 37
13 19 15
15 22 11
15 23 16
27 32 25
22 29 37
18 21 43
25 -1 -4
-9 -23 -24
-34 -41 -43
-50 -41 -51
-62 -35 -47
-79 -40 -42
-92 -50 -49
-83 -50 -61
-66 -45 -63
-56 -45 -64
-28 -35 -72
17 -9 -66
55 15 -42
82 39 -15
94 52 6
82 46 17
62 32 10
40 19 -2
11 5 -14
-20 -12 -24
-47 -25 -32
-63 -31 -39
-72 -34 -45
-83 -43 -50
-89 -57 -58
-83 -66 -68
-63 -60 -73
-33 -45 -65
7 -17 -49
41 11 -24
70 36 5
94 53 25
104 68 35
91 59 37
69 45 23
44 29 2
14 11 -15
-15 -4 -32
-44 -19 -49
-73 -41 -62
-91 -59 -77
-98 -71 -91
-99 -80 -98
-89 -79 -96
-69 -70 -87
-36 -46 -65
4 -15 -40
40 15 -12
68 34 12
86 46 25
93 52 27
89 49 22
73 39 11
46 25 -3
14 8 -18
-17 -9 -34
-45 -21 -52
-71 -39 -66
-94 -56 -78
-97 -65 -92
-89 -63 -88
-69 -52 -73
-41 -29 -51
-8 -6 -25
28 18 6
60 41 32
85 60 51
98 72 68
106 76 73
106 76 69
97 72 64
81 64 55
57 53 38
26 35 17
-4 13 -7
-30 -6 -30
-52 -24 -54
-63 -39 -68
-65 -45 -73
-54 -41 -70
-37 -29 -56
-11 -12 -36
13 3 -14
36 18 11
54 34 31
72 46 50
81 56 61
85 64 72
84 65 71
76 62 64
57 54 48
37 39 26
10 20 4
-14 -2 -22
-34 -19 -42
-43 -27 -58
-46 -32 -67
-42 -29 -66
-31 -22 -56
-14 -14 -41
3 -1 -25
18 9 -8
30 18 9
45 30 23
55 42 39
63 52 49
65 57 56
62 56 60
54 54 55
45 42 41
32 32 26
17 21 14
6 11 1
-1 5 -6
-2 4 -11
-1 8 -9
2 14 -6
10 19 2
21 24 8
32 30 16
41 36 26
50 44 34
59 47 41
63 48 45
60 49 47
54 44 46
44 37 42
34 29 38
21 24 31
14 20 26
10 17 21
10 18 18
12 18 15
16 20 18
20 23 20
25 25 21
28 29 21
34 32 19
40 34 17
43 35 17
47 36 14
48 34 12
45 29 13
38 23 16
28 19 19
18 16 18
11 15 21
8 13 19
8 15 19
11 16 18
15 17 18
18 15 21
22 17 24
28 20 25
32 26 25
37 31 26
45 38 25
49 44 25
49 48 26
49 49 28
44 48 31
38 43 36
32 39 34
26 36 34
22 32 35
21 30 38
24 30 41
27 32 46
33 34 54
41 38 59
51 43 65
58 52 70
69 57 71
74 66 71
78 71 72
77 72 69
73 70 65
66 65 59
55 55 50
45 46 41
38 41 38
30 33 34
25 29 31
24 29 34
21 26 43
21 28 45
25 29 47
30 30 53
32 32 54
41 34 53
48 40 53
50 40 52
52 41 49
51 44 45
50 40 42
45 36 34
40 31 25
33 28 16
25 22 7
19 17 2
11 13 4
4 11 7
1 11 12
4 12 19
7 18 28
14 25 40
24 30 47
37 38 54
48 45 63
55 51 70
63 54 75
66 57 76
68 57 77
66 60 76
66 61 74
63 64 70
57 60 64
51 54 59
46 50 50
37 41 43
29 32 36
22 26 27
18 21 25
17 17 26
17 17 28
17 18 34
18 22 41
24 25 49
29 31 55
36 36 65
45 40 72
49 47 74
55 51 80
59 54 78
58 54 73
57 54 65
55 48 53
50 41 45
40 34 35
32 25 27
24 19 20
18 17 16
22 24 14
54 53 33
65 72 63
93 91 86
85 86 108
62 53 98
32 19 70
22 6 28
-45 -44 -19
32 18 -38
-2 -9 -13
3 -10 19
-13 -2 -28
20 -20 -32
13 -9 6
-6 -19 -47
5 -11 -26
-10 -19 -31
-9 -23 -54
-31 -22 -39
-36 -24 -67
-25 -29 -50
-30 -31 -54
-19 -31 -51
-35 -23 -50
-3 -16 -36
-41 -27 -20
-13 -19 -36
0 -4 -16
-9 -27 -17
14 4 -25
30 4 -8
-18 -22 -13
23 13 -21
15 8 -26
-15 -11 -15
12 8 -32
-7 -13 -37
-2 -1 -16
-8 -21 -44
-7 -34 -52
16 9 -38
-73 -55 -25
-6 -11 -77
19 10 -19
-75 -76 -33
21 11 -50
-4 0 -29
-23 -23 17
20 30 5
5 -19 -43
39 20 40
10 7 2
3 -7 -31
66 58 29
-27 -35 -7
31 23 -41
30 38 -21
-31 -42 -38
23 32 -33
-18 -17 -57
-36 -35 -27
22 22 -35
-54 -59 -59
21 10 -13
-12 -3 -18
-56 -40 -30
55 45 4
-43 -42 -14
50 8 -8
21 34 13
-1 -27 -12
53 48 38
22 -2 0
11 -7 -2
68 70 4
-24 -19 -13
30 24 5
25 42 -19
-31 -42 -29
50 45 -16
-25 -4 -36
-24 -36 -15
21 27 -20
-18 -38 -31
-31 -14 -7
34 37 -24
-45 -34 -12
15 28 0
7 7 -14
0 -16 -4
50 50 31
-3 -4 -8
31 33 15
43 38 26
15 -13 -19
44 49 2
25 10 -22
20 -11 -22
30 35 -22
-12 -19 -39
-3 3 -31
10 18 -37
-41 -27 -56
21 21 -23
-40 -24 -25
20 -11 -35
7 21 6
-36 -23 -21
53 34 -2
-5 13 -7
27 0 -4
31 40 9
41 9 -10
30 19 16
24 24 -10
44 7 -2
-2 21 0
28 21 -33
11 5 -8
21 17 -48
-12 -3 -36
1 15 -46
-21 -5 -12
1 -9 -18
-7 -1 -13
27 3 -14
-14 12 -11
24 25 -8
13 11 13
18 30 12
39 27 8
50 40 22
34 31 35
38 31 20
39 37 27
40 37 33
9 49 19
52 57 9
-7 25 -2
70 44 -4
-17 19 -9
16 31 -20
25 32 14
13 -25 -11
41 24 -22
9 2 -7
4 16 -17
32 44 26
-9 -7 -15
71 52 25
18 5 36
66 12 11
42 57 68
31 20 12
52 61 57
33 60 20
18 26 36
65 69 43
7 12 23
69 36 28
12 41 7
19 -2 -11
33 44 3
7 3 -23
-2 4 7
17 38 33
-34 -11 13
52 45 39
5 27 11
29 4 30
51 50 41
30 10 44
31 38 68
82 35 65
30 20 -2
75 79 40
-22 22 15
65 53 19
9 47 33
25 13 -41
56 56 41
-14 4 -20
9 30 9
7 43 18
-14 -1 3
34 48 18
2 7 -5
15 23 -2
56 46 38
-17 -32 0
100 49 37
-10 7 42
45 30 14
43 81 60
-8 11 10
107 77 75
21 34 4
86 26 12
55 62 50
-3 17 -26
47 53 40
17 17 -2
34 -1 -10
32 46 7
-6 -13 -22
38 36 20
-28 -2 4
37 -14 -26
30 39 21
-32 -13 -8
53 30 45
9 41 29
-6 13 37
75 74 73
-2 15 33
70 55 77
19 31 63
86 33 9
7 56 61
56 15 2
24 29 27
0 33 5
25 -3 -10
22 36 2
-24 -15 -32
2 4 -34
21 13 -11
-43 -40 -11
33 6 -7
16 4 -9
-1 -6 18
8 33 10
21 2 13
22 28 52
28 18 30
62 22 23
24 33 32
63 17 21
10 14 24
61 38 -6
-24 -7 18
43 28 -2
-23 9 15
1 -10 -2
-6 0 -16
34 25 -28
-91 -17 9
51 22 -2
-66 -10 14
17 23 9
5 3 62
14 10 -4
42 40 52
-23 20 16
86 49 37
-16 20 46
82 40 -8
-55 -51 -45
-113 -112 -23
-162 -167 -115
-102 -129 -167
-58 -68 -100
-16 -7 -46
6 9 -23
-67 -61 -4
-95 -104 -74
-60 -87 -147
-68 -77 -135
-81 -52 -114
-17 -14 -92
-23 -19 -27
-43 -40 -32
-59 -65 -78
-87 -87 -84
-48 -47 -84
22 8 -47
25 21 30
10 14 44
28 10 29
33 15 43
48 36 34
63 52 31
67 61 52
87 72 63
93 68 70
50 41 50
33 32 8
34 35 -6
40 42 2
39 38 -4
17 17 -3
-4 0 -9
-9 -10 -22
-6 -5 -20
-15 -6 -15
-7 -2 -14
8 3 2
17 8 16
10 -2 15
4 -2 12
17 8 9
32 18 19
40 26 26
43 26 24
33 19 20
23 15 10
32 32 -11
70 58 5
78 75 39
81 72 47
65 55 31
57 43 15
65 48 12
71 60 17
75 63 39
69 63 46
74 59 60
51 44 58
44 35 40
40 39 29
43 47 43
55 58 54
58 52 56
33 28 47
21 14 18
25 9 -4
12 8 -7
11 7 -15
9 1 -20
-2 -10 -17
-17 -20 -32
-18 -23 -48
-32 -27 -44
-25 -20 -46
-16 -10 -39
-12 -12 -23
-17 -19 -16
-2 -15 -16
-6 -7 -4
5 1 3
16 9 10
10 6 16
18 4 14
7 -6 10
-1 -12 3
-8 -17 -10
-15 -17 -19
-22 -17 -24
-34 -29 -36
-43 -42 -49
-52 -47 -61
-69 -61 -65
-66 -57 -81
-65 -58 -78
-74 -64 -78
-60 -66 -73
-66 -71 -74
-50 -60 -70
-63 -64 -52
-41 -49 -59
-38 -43 -35
-29 -38 -37
-28 -35 -26
-23 -31 -38
-39 -43 -36
-23 -33 -46
-41 -45 -49
-46 -46 -61
-59 -59 -72
-60 -68 -87
-76 -72 -91
-79 -80 -104
-86 -79 -107
-81 -76 -102
-83 -76 -99
-74 -72 -85
-74 -76 -80
-62 -66 -73
-42 -52 -59
-31 -40 -40
-9 -20 -25
-8 -15 -13
9 -6 -4
12 2 -1
23 8 0
18 12 4
29 16 0
15 13 0
22 14 -12
12 4 -11
1 2 -23
-1 -1 -29
-4 -4 -37
-8 -11 -31
-9 -8 -40
-11 -17 -32
-9 -13 -26
-4 -9 -21
4 -2 -13
8 4 0
22 11 6
23 8 12
35 22 17
28 20 24
41 25 18
41 31 18
35 30 13
41 22 16
24 21 -1
29 14 -2
16 13 -7
24 12 -12
9 8 -12
17 8 -17
5 2 -10
14 3 -16
-2 0 -6
23 4 -6
-1 10 2
30 14 4
24 9 12
18 18 8
45 20 19
18 18 15
44 26 12
45 21 15
25 23 1
41 23 10
13 13 -9
35 11 2
3 8 -12
17 -1 -19
16 12 -14
-3 -5 -20
15 0 -14
5 -1 -20
5 4 -8
10 12 3
19 12 9
28 17 19
37 27 21
36 33 32
47 33 43
45 36 35
65 41 43
44 45 42
61 46 44
38 42 38
42 30 31
27 26 21
30 20 11
9 15 10
17 8 2
-10 11 -2
7 -2 -6
-6 0 -8
-7 1 -8
3 -1 2
1 5 5
14 14 12
20 19 17
29 20 22
36 25 25
40 28 30
48 35 31
48 40 40
38 43 29
42 38 35
34 30 23
25 22 12
17 16 2
-2 9 -8
-8 5 -14
-19 -12 -23
-21 -17 -32
-30 -20 -38
-28 -25 -34
-33 -25 -32
-21 -18 -27
-23 -15 -17
-6 -10 -11
2 -3 -2
12 2 6
24 14 16
30 21 24
33 27 28
37 34 33
37 38 32
40 34 29
35 35 22
30 31 21
20 28 20
10 23 15
11 21 6
2 15 2
-2 13 7
-1 8 7
-1 9 9
5 11 10
10 14 15
17 17 17
19 13 24
26 16 23
29 20 27
30 22 28
31 23 31
32 23 24
-5 -12 -7
3 -7 -4
11 0 5
14 2 8
18 6 3
17 7 1
11 1 -6
9 -1 -16
0 -8 -23
-11 -18 -30
-15 -19 -37
-22 -23 -38
-27 -25 -34
-28 -27 -39
-30 -32 -34
-36 -34 -33
-29 -32 -34
-25 -34 -28
-25 -31 -23
-11 -22 -19
-5 -18 -10
2 -12 -2
9 -2 -3
19 4 3
22 8 7
20 6 -1
20 9 -6
15 4 -8
6 -5 -20
-1 -9 -29
-12 -16 -33
-19 -26 -39
-28 -29 -45
-34 -36 -49
-38 -41 -47
-43 -41 -46
-34 -35 -47
-28 -30 -31
-26 -32 -23
-13 -26 -19
-4 -14 -11
3 -12 0
11 -3 1
15 1 1
20 4 5
25 10 2
24 12 -4
19 12 -3
10 3 -10
6 -3 -22
-6 -9 -28
-14 -18 -38
-23 -20 -43
-26 -26 -45
-25 -27 -42
-23 -23 -34
-20 -19 -23
-18 -14 -16
-3 -10 -7
4 -7 5
6 -3 7
17 2 8
19 8 9
23 9 13
24 13 9
25 17 4
20 12 2
13 9 -9
7 4 -18
-3 -5 -25
-11 -9 -34
-14 -13 -41
-16 -18 -38
-21 -26 -37
-25 -30 -41
-23 -26 -38
-18 -24 -30
-15 -20 -21
0 -10 -11
0 -11 -2
4 -6 1
13 1 0
13 0 3
16 2 3
13 5 -9
14 6 -13
8 1 -10
7 -2 -19
1 -3 -20
-8 -7 -29
-16 -12 -36
-20 -19 -45
-26 -25 -48
-27 -29 -47
-27 -30 -45
-27 -29 -42
-14 -24 -34
-11 -15 -23
-7 -13 -14
-5 -11 -8
1 -8 -10
6 -9 -5
9 -3 -4
18 7 -4
18 13 2
21 12 5
14 4 -1
9 -1 -15
3 -3 -23
-4 -3 -29
-8 -10 -31
-9 -10 -36
-14 -9 -35
-19 -15 -35
-19 -20 -37
-17 -21 -37
-14 -19 -30
-13 -12 -22
2 -2 -15
8 4 -1
14 7 6
23 13 10
24 22 12
32 23 18
31 24 21
33 23 16
23 14 10
16 9 -3
9 6 -12
3 4 -20
0 5 -23
-2 1 -25
-2 1 -24
-5 -2 -23
-11 -9 -26
-14 -12 -30
-11 -15 -30
-14 -18 -26
-4 -12 -19
2 -4 -11
15 9 4
23 19 16
29 28 28
36 27 35
30 23 28
37 24 20
35 29 16
36 29 12
30 27 8
25 22 -2
20 16 -5
4 11 -11
2 4 -17
-7 -1 -22
-17 -12 -25
-14 -16 -30
-25 -22 -34
-18 -21 -29
-14 -11 -25
0 1 -11
9 9 10
12 10 18
25 17 21
27 17 27
26 18 23
36 23 17
40 31 18
39 33 21
35 31 15
31 28 6
25 20 2
6 11 -5
2 7 -17
0 5 -20
-13 -5 -19
-9 -7 -23
-10 -5 -23
-11 -5 -12
-5 -2 -4
1 1 -2
12 9 12
14 16 21
28 20 26
36 25 31
36 24 30
40 28 29
36 32 20
37 32 21
33 32 18
30 31 11
25 30 12
13 21 7
7 11 -4
7 7 -9
2 4 -13
-2 2 -8
-2 2 -10
0 -1 -3
3 3 3
2 2 5
14 10 12
13 14 22
24 17 27
24 22 27
30 25 26
32 31 31
31 29 28
38 27 25
29 26 15
26 23 10
19 21 3
16 20 2
10 12 2
3 10 -7
4 7 -8
-2 2 -6
-6 0 -8
-4 -2 -3
-4 -1 -2
3 2 9
4 0 9
6 6 12
21 13 19
17 14 21
28 25 24
29 26 26
32 29 28
31 27 29
27 25 19
36 31 21
28 27 18
25 28 12
22 30 11
13 17 7
12 15 1
2 7 -2
-2 3 -5
-3 7 0
-6 -2 3
1 0 6
4 7 7
7 3 18
4 6 18
18 15 15
28 24 30
24 26 38
45 38 32
45 42 42
43 36 45
44 35 30
14 5 -16
-14 -7 -26
-8 -9 -20
-34 -20 -33
-11 -18 -23
-35 -22 -19
-16 -26 -23
-20 -5 -21
-18 -16 -6
-1 -15 3
7 5 -10
-9 -6 7
30 13 12
3 7 9
37 11 -2
-9 9 9
34 9 -15
-4 0 4
-4 1 -37
-19 -12 -17
-12 -25 -42
-25 -26 -48
-40 -38 -56
-36 -24 -58
-65 -42 -38
-25 -39 -55
-55 -38 -39
-21 -31 -43
-29 -36 -13
-4 -15 -34
-18 -24 -10
10 -7 -14
1 -1 -1
12 10 4
2 -11 10
36 23 -7
-9 10 4
31 10 -11
0 17 -10
-7 6 -19
-5 -6 -9
-6 -8 -32
-7 -10 -28
-39 -21 -30
18 -17 -31
-34 -10 -25
-24 -25 -35
-1 -15 -22
-24 -15 -22
-1 3 -14
-18 -10 3
22 2 -5
-1 -2 17
23 0 -9
17 7 14
26 14 -7
-9 4 5
22 16 -8
-1 1 -9
6 4 -16
0 1 -25
-10 -10 -20
-9 -2 -28
-28 -20 -29
-13 -14 -42
-24 -19 -29
-27 -17 -38
-17 -19 -22
-27 -15 -30
-14 -26 -18
-12 -9 -26
-2 -19 -13
-15 -9 -16
6 -12 -18
-8 -5 -18
14 -17 -9
-11 -6 -24
10 -3 -24
-20 -15 -20
-1 -8 -47
-30 -17 -30
-20 -20 -55
-34 -28 -34
-20 -13 -64
-52 -30 -34
-13 -22 -52
-48 -31 -39
-3 -25 -34
-30 -26 -23
2 -2 -28
-15 -14 -1
1 1 -19
15 -8 3
10 5 -15
12 1 6
21 17 -13
15 4 0
4 13 -11
9 -2 -19
13 5 -20
-24 0 -30
6 -10 -18
-30 -20 -33
6 -6 -34
-46 -18 -25
-7 -10 -38
-32 -13 -13
-20 -26 -34
-2 -4 -15
-6 -25 -7
4 -3 -18
-2 -5 7
15 0 -19
-2 0 12
29 8 -23
-13 -6 -6
29 16 -27
-12 -7 -18
6 6 -34
-16 -14 -33
-10 -4 -40
-18 -17 -37
-14 -17 -49
-33 -15 -46
-15 -23 -43
-43 -24 -50
-3 -28 -37
-37 -29 -46
-11 -18 -31
-19 -22 -31
-17 -19 -22
1 -4 -21
-17 -23 -16
14 1 -13
0 -5 -17
2 -7 -17
3 2 -22
1 -10 -23
-1 -1 -23
-9 4 -27
4 -14 -29
-16 -7 -29
0 -6 -50
-28 -15 -25
-9 -3 -46
-19 -19 -26
-13 -12 -43
0 -15 -21
-12 -13 -32
-10 -15 -20
-6 -5 -24
1 -10 -12
5 3 -8
11 -2 -12
3 3 -6
17 1 -5
0 6 -11
22 7 -10
-8 8 -18
17 7 -15
-14 -1 -21
15 4 -34
-17 -10 -16
13 0 -45
-18 -4 -9
-3 -4 -36
-3 -5 -7
-7 3 -38
5 -4 -8
5 10 -12
13 -2 1
9 11 2
24 9 7
16 9 14
31 19 4
10 16 4
29 26 -1
3 9 7
37 13 -15
-2 13 -9
13 2 -28
5 6 -19
-17 -4 -34
2 -10 -27
-26 -5 -39
1 -14 -30
-33 -12 -29
-1 -10 -31
-7 -8 -10
-2 -9 -12
8 -4 -1
8 4 0
12 17 14
18 14 16
30 30 17
31 22 31
45 41 17
21 28 27
58 36 8
9 23 17
52 36 -16
-2 14 6
31 15 -20
-9 2 -15
14 8 -27
-4 -1 -10
1 0 -9
-9 -9 -5
11 5 1
-6 1 8
28 8 18
7 19 20
42 25 35
26 31 39
55 37 38
40 45 41
67 41 45
51 50 39
54 51 31
37 47 28
53 44 25
31 35 24
33 36 6
17 20 22
15 20 -2
12 15 8
-8 2 -6
15 11 3
-10 1 7
16 2 4
-2 5 17
28 7 10
4 19 26
25 17 19
35 20 30
18 19 24
57 39 16
15 24 28
49 32 12
30 31 26
30 31 10
37 31 21
11 24 8
33 31 11
5 26 19
24 23 9
12 24 29
19 17 12
14 19 35
34 31 26
-7 -8 -19
-4 -7 -21
-6 -6 -24
-6 -5 -28
-13 -11 -32
-19 -14 -39
-25 -19 -48
-31 -24 -54
-34 -27 -58
-39 -29 -59
-42 -31 -58
-41 -32 -55
-42 -33 -50
-41 -35 -47
-38 -33 -44
-31 -32 -39
-26 -26 -28
-19 -19 -29
-12 -15 -23
-7 -10 -18
-3 -6 -18
-1 -2 -17
-2 -1 -19
-2 -2 -25
-6 -6 -31
-13 -10 -42
-21 -17 -51
-29 -24 -58
-37 -27 -66
-42 -30 -65
-46 -34 -64
-40 -32 -58
-43 -34 -49
-39 -31 -43
-32 -27 -36
-28 -26 -29
-13 -17 -22
-9 -14 -19
-4 -9 -15
3 -1 -14
5 -1 -15
8 2 -18
5 0 -27
-3 -5 -33
-6 -10 -43
-17 -18 -51
-28 -26 -57
-34 -30 -66
-40 -34 -67
-42 -33 -63
-39 -33 -59
-37 -31 -56
-32 -30 -42
-30 -29 -37
-26 -31 -43
-15 -24 -27
-11 -12 -28
-1 -6 -25
16 5 -7
12 10 -6
13 3 -12
10 2 -10
-6 -2 -30
-11 -17 -44
-16 -18 -53
-26 -23 -63
-29 -30 -63
-39 -27 -59
-35 -32 -62
-36 -31 -54
-41 -27 -50
-29 -33 -46
-27 -29 -41
-25 -24 -39
-11 -24 -30
-3 -14 -23
1 -12 -16
7 -5 -14
14 3 -10
13 0 -7
16 4 -13
13 5 -16
8 -4 -17
1 -5 -29
-4 -11 -39
-18 -19 -40
-24 -20 -47
-23 -20 -51
-31 -22 -46
-32 -20 -44
-24 -19 -39
-22 -18 -29
-18 -16 -24
-12 -16 -26
-4 -12 -20
-1 -10 -17
5 -6 -14
11 1 -8
16 4 -1
13 2 -4
14 8 -7
14 8 -9
8 4 -12
7 0 -24
3 -1 -31
-6 -8 -31
-10 -11 -41
-12 -14 -47
-18 -18 -43
-20 -20 -45
-19 -18 -46
-21 -19 -38
-13 -14 -30
-9 -10 -24
-7 -9 -15
2 -6 -12
7 -2 -6
9 -1 -2
17 5 -4
21 8 0
17 9 4
22 11 0
18 8 -7
10 0 -12
2 -4 -27
-4 -9 -38
-12 -14 -43
-20 -19 -47
-19 -20 -48
-22 -20 -46
-22 -20 -42
-18 -16 -39
-18 -18 -31
-13 -16 -25
-5 -13 -22
-1 -10 -15
7 -6 -8
13 -2 -3
19 4 1
23 9 6
24 14 5
27 18 2
24 18 3
16 12 -6
13 10 -18
3 2 -25
-5 -4 -31
-11 -8 -38
-19 -13 -41
-25 -18 -42
-23 -17 -39
-23 -18 -30
-19 -13 -22
-9 -7 -14
-3 -4 -6
6 2 5
20 9 9
26 14 14
33 21 16
36 22 17
38 24 16
39 26 12
31 24 8
28 25 3
21 22 -3
11 14 -8
4 9 -14
-2 3 -24
-10 -4 -25
-14 -6 -27
-15 -11 -28
-13 -9 -22
-11 -6 -15
-2 -2 -7
9 9 3
18 16 14
25 21 21
35 28 24
38 27 29
41 30 26
41 28 21
40 30 16
36 32 13
32 30 8
27 25 2
18 24 0
12 16 -6
4 11 -11
2 6 -15
-4 2 -20
-2 2 -18
-2 0 -12
0 2 -8
6 4 2
9 7 3
15 12 12
22 18 19
28 24 22
37 30 26
40 33 32
41 38 32
42 36 31
39 34 28
33 30 18
29 27 10
22 23 10
15 20 3
13 19 -3
9 18 -2
6 14 3
10 18 2
14 18 5
15 15 15
21 19 20
30 23 22
30 26 34
37 31 38
45 37 43
51 39 48
49 39 51
50 42 45
50 44 43
46 44 44
45 43 39
43 43 33
39 41 27
37 36 20
30 32 17
25 31 14
24 31 13
23 25 16
21 28 18
24 29 23
28 29 31
28 31 33
37 36 41
41 39 52
46 43 51
52 47 55
53 46 58
56 50 55
59 54 54
58 53 53
54 55 48
55 50 40
50 43 32
43 40 19
27 34 12
21 29 15
21 26 10
End
