0 0 1 0
720 -37 -38
-20 -52 -49
-20 -52 -52
-20 -52 -52
-38 -52 -52
-49 -52 -52
-51 -52 -52
-52 -52 -52
-52 -52 -52
-52 -81 -52
-52 -52 -81
-52 -81 -85
-52 -81 -85
-81 -85 -85
-85 -85 -85
-85 -85 -85
-88 -85 -85
-88 -85 -86
-92 -113 -88
-117 -81 -88
-117 -81 -92
-117 -81 -101
-117 -81 -117
-117 -81 -117
-117 -52 -117
-117 -52 -117
-117 -52 -117
-117 -81 -117
-117 -81 -117
-117 -85 -117
-117 -85 -117
-117 -85 -117
-88 -85 -117
-88 -86 -108
-86 -88 -88
-85 -88 -92
-85 -92 -88
-85 -101 -86
-81 -101 -88
-81 -101 -86
-52 -101 -86
-52 -92 -85
-52 -92 -85
-52 -108 -85
-52 -117 -81
-52 -92 -52
-52 -101 -52
-52 -108 -52
-52 -92 -52
-52 -92 -52
-52 -88 -52
-52 -88 -52
-52 -86 -52
-52 -86 -52
-52 -85 -52
-52 -116 -52
-52 -52 -52
-52 -52 -52
-52 -52 -52
-52 -52 -52
-52 -52 -52
-52 -45 -52
-49 -45 -52
-45 -20 -52
-45 -20 -52
-20 -20 -52
-20 -20 -52
-20 -20 -52
-20 -20 -49
-20 -20 -49
-20 -17 -45
-20 -17 -37
-20 -4 -20
-20 -4 -20
-20 -4 -20
-17 -4 -20
-4 -4 -19
-4 -4 -4
-4 -4 -4
-4 -4 4
4 4 4
4 4 8
8 4 8
10 8 10
11 10 10
11 10 10
11 11 10
11 11 10
11 11 11
11 11 11
11 11 11
11 11 11
11 11 11
11 11 11
11 11 11
11 43 11
11 43 11
11 60 11
11 51 11
11 60 11
11 4 11
11 -4 11
11 -4 11
11 -4 10
11 -4 8
11 -19 4
11 -19 8
8 -4 8
10 4 8
11 8 8
11 11 11
11 11 10
11 11 11
11 11 11
10 11 11
11 11 11
8 11 11
4 11 11
4 11 11
-4 10 11
4 10 11
4 4 11
8 4 11
8 -4 11
8 -4 11
8 -4 11
4 -4 11
4 4 11
10 4 11
11 4 11
11 -4 11
11 -4 11
11 -4 11
11 -4 11
11 -4 11
11 4 11
11 8 11
10 8 11
8 8 11
4 8 11
4 4 8
-4 -4 -4
-4 -4 -4
-17 -17 -20
-20 -20 -20
-20 -20 -20
-20 -20 -20
-20 -20 -17
-20 -20 -4
4 -20 4
4 -20 8
8 -20 10
10 -4 11
11 -4 11
10 -4 11
4 4 11
4 4 11
-4 4 8
-19 8 4
-20 8 -4
-20 10 -19
-20 8 -20
-37 8 -20
-20 4 -20
-20 4 -20
-20 -4 -19
-20 -4 -4
-20 -4 4
-19 -4 8
-4 -17 11
-4 -20 11
4 -20 11
11 -45 11
11 -49 11
11 -49 11
11 -51 10
11 -49 8
11 -45 8
11 -20 8
11 -20 8
10 -20 8
11 -17 4
4 -4 -4
4 8 -17
-4 11 -20
-20 11 -20
-38 11 -20
-51 11 -20
-52 11 -45
-52 11 -20
-52 11 -20
-52 8 -20
-52 -4 -17
-37 -20 -4
-20 -45 8
-20 -49 11
-20 -49 11
-17 -45 -213
-4 -20 43
11 -20 60
-20 -20 -19
-17 -20 -20
-4 -20 -17
-20 -17 -17
-20 -17 -17
-4 -4 -4
-4 -17 -4
4 -4 -20
4 -19 -4
-4 -4 -20
4 -20 -20
-4 -20 -4
4 -20 4
4 -20 4
11 -20 11
10 -20 8
11 -20 8
11 -20 4
11 -4 8
11 -4 10
11 -4 4
11 4 8
11 -4 11
11 -4 11
11 8 11
11 4 11
11 4 11
11 10 11
11 11 11
11 11 8
11 11 11
11 11 11
11 11 11
11 11 11
51 11 11
43 11 43
43 11 43
11 11 68
11 11 51
11 11 60
11 11 68
43 60 60
11 72 43
60 74 68
60 74 60
74 75 74
75 75 75
83 75 83
91 91 75
140 91 90
140 140 140
140 140 140
140 140 91
140 140 108
140 140 140
140 140 140
140 140 140
140 140 140
140 140 140
140 140 140
140 140 140
12 140 140
140 140 140
140 140 140
140 140 140
140 140 140
140 140 140
140 140 140
140 140 140
143 140 140
143 140 140
140 140 140
140 140 140
140 140 140
140 140 140
140 140 140
140 140 140
140 140 140
140 140 140
140 140 140
140 140 140
140 140 140
140 140 140
140 140 140
140 140 140
140 140 140
140 140 140
140 140 140
140 140 140
140 140 140
140 140 140
140 140 140
140 140 91
90 140 90
75 140 91
74 140 75
60 140 83
60 108 91
51 83 75
43 75 75
-20 8 -20
-20 8 -20
-20 8 -17
-20 4 -17
-20 4 -19
-20 4 -20
-20 4 -20
-45 4 -20
-51 4 -20
-52 4 -20
-51 4 -20
-45 4 -20
-20 4 -37
-20 8 -37
-20 4 -45
-20 8 -20
-20 4 -20
-20 8 -20
-20 4 -17
-20 4 4
-20 4 8
-20 4 -4
-20 4 4
-20 8 -4
-45 8 -17
-49 8 -17
-45 8 -20
-37 8 -20
-45 8 -20
-20 8 -20
-20 8 -52
-17 10 -20
-19 10 -45
-19 8 -37
-4 8 -20
-4 8 -20
-4 10 -20
-4 10 -20
-4 10 -4
-4 10 4
4 8 4
-4 8 8
8 8 11
-4 8 11
4 8 11
4 8 11
4 8 11
8 8 11
11 10 11
10 8 11
10 8 11
11 8 11
11 10 11
10 8 11
8 10 11
10 10 11
10 10 11
11 10 11
11 10 11
11 10 11
11 8 11
10 8 10
11 8 8
11 8 10
11 10 11
11 10 11
8 8 11
10 8 11
10 8 11
11 8 11
11 8 11
11 8 4
11 8 -17
11 8 -20
10 8 -20
8 8 -20
4 8 -4
8 10 4
8 10 4
8 10 10
10 10 8
8 10 11
10 8 10
11 10 8
11 8 8
11 10 -4
11 8 -4
11 8 4
11 8 4
11 4 8
11 4 10
11 4 8
11 4 11
11 -4 11
11 -4 8
11 4 8
11 4 4
11 4 4
11 4 8
11 4 11
End
