1 0 0 0
18 14 14
36 18 20
57 31 33
75 46 31
82 57 45
92 65 53
99 81 49
102 87 60
85 94 58
60 92 68
52 73 64
34 55 45
29 41 38
11 31 28
2 20 24
-2 7 20
-2 7 14
-9 2 13
-15 2 18
-11 -7 25
7 -9 23
17 -7 20
32 8 21
32 21 22
18 20 24
14 12 15
1 6 6
-20 -2 -8
-30 -14 -24
-21 -32 -35
-17 -34 -52
-22 -31 -54
-20 -26 -44
-35 -27 -41
-40 -40 -39
-37 -45 -46
-41 -48 -55
-50 -50 -49
-35 -57 -43
-34 -51 -40
-49 -43 -28
-43 -42 -33
-69 -49 -38
-85 -62 -47
-93 -84 -74
-105 -99 -90
-129 -110 -96
-133 -123 -119
-99 -133 -119
-36 -124 -153
1 -84 -149
-7 -55 -92
12 -33 -57
5 -37 -38
22 -12 -34
46 16 1
85 48 18
90 66 61
117 83 71
140 114 90
138 151 122
104 161 127
81 143 132
82 120 114
88 106 100
54 95 94
57 87 98
47 75 78
35 50 60
10 43 38
-14 29 26
-45 2 6
-48 -33 -14
-47 -54 -34
-44 -64 -54
-59 -64 -51
-46 -69 -46
-28 -67 -55
-27 -58 -51
-11 -39 -36
3 -18 -23
8 -10 -4
42 -1 9
83 28 25
104 54 34
121 82 48
131 98 69
145 100 74
136 108 75
112 112 80
95 105 80
82 87 66
66 67 60
62 49 42
57 52 33
34 45 34
30 37 28
21 21 33
26 21 33
17 17 33
23 18 31
43 13 34
64 16 37
55 35 40
55 42 47
42 47 47
25 36 41
23 24 31
15 19 12
4 13 0
-1 6 -3
-13 -1 -7
-18 -2 -11
-26 -8 -13
-38 -14 -17
-36 -24 -23
-42 -34 -23
-34 -34 -24
-55 -29 -18
-41 -30 -2
-40 -34 -19
-57 -35 -15
-58 -38 -16
-66 -48 -19
-77 -51 -27
-101 -65 -39
-108 -76 -55
-130 -90 -64
-138 -108 -84
-149 -129 -108
-145 -137 -122
-111 -137 -126
-59 -125 -124
-23 -84 -111
-12 -45 -74
16 -16 -31
43 -1 -3
71 24 12
100 58 36
130 90 73
150 114 99
158 133 112
172 156 132
159 165 146
138 161 153
120 146 144
125 125 126
118 117 108
102 110 104
82 97 96
76 77 77
59 62 53
29 45 41
12 25 30
1 1 9
-7 -16 -12
-10 -34 -24
-6 -37 -29
-6 -31 -24
-8 -30 -19
0 -31 -17
16 -20 -10
15 -12 4
22 1 8
39 14 19
52 27 26
62 35 28
78 51 42
77 60 42
71 60 47
62 60 51
55 57 45
30 50 37
8 40 34
4 26 18
-6 13 7
-12 3 4
-16 -2 6
-25 -10 0
-30 -16 -7
-35 -18 -4
-28 -20 -1
-19 -17 2
-15 -15 -4
7 -13 5
10 -3 10
8 5 21
11 9 22
9 11 15
2 13 11
2 9 4
1 9 0
6 0 -9
-7 4 -13
-16 -4 -11
-1 -9 -13
-15 -9 -17
-30 -10 -11
-9 -18 -5
-9 -13 -5
-19 -12 -5
-13 -19 1
6 -15 -2
3 -20 -7
-14 -19 -8
-11 -21 -5
-16 -28 -15
-43 -35 -30
-39 -43 -38
-41 -45 -51
-60 -50 -54
-68 -68 -63
-82 -71 -74
-84 -75 -82
-94 -84 -88
-114 -88 -82
-108 -94 -86
-89 -96 -89
-64 -89 -79
-30 -69 -69
8 -41 -45
24 -12 -19
42 10 16
58 30 35
63 44 42
66 57 56
83 67 61
95 69 59
97 78 62
79 85 58
67 81 58
52 73 54
27 55 34
14 41 22
7 23 14
1 13 2
-12 -2 -1
-13 -2 -9
-20 -13 -3
-24 -20 -7
-35 -21 -8
-39 -31 -4
-34 -35 -8
-29 -34 -5
-23 -33 -12
-15 -26 -7
2 -20 -3
9 -14 1
9 -2 2
18 3 -5
11 -9 -6
16 4 -5
17 13 15
35 15 18
37 26 28
48 30 33
47 38 40
42 44 44
45 35 34
39 44 22
45 31 23
44 25 4
30 26 5
33 16 4
25 16 -1
19 13 7
24 9 -2
20 10 13
25 8 17
26 10 36
31 21 39
25 32 63
39 36 59
41 47 69
38 41 69
53 40 66
28 47 56
33 34 61
26 34 31
15 24 30
6 10 15
3 5 -15
-11 1 -6
-17 -11 -32
-19 -23 -25
-34 -27 -42
-17 -33 -31
-21 -30 -42
-32 -26 -23
-25 -34 -20
-22 -25 -18
-17 -11 7
-15 -18 -5
-10 -6 16
7 -2 13
-3 3 6
-12 7 12
2 -2 0
-2 -4 -14
-8 -10 -29
-18 -14 -20
-12 -12 -38
-9 -30 -46
-24 -32 -67
-28 -44 -69
-21 -43 -72
-28 -46 -68
-19 -39 -46
-19 -33 -41
-9 -33 -19
-8 -30 -30
4 -12 -6
1 -9 2
12 3 24
20 17 34
29 15 40
26 21 27
27 27 30
33 27 29
18 27 18
18 32 30
24 10 13
12 20 -10
8 6 -3
13 -6 -33
-13 -10 -35
-5 -18 -20
-5 -20 -41
-7 -19 -27
-6 -27 -32
-1 -26 -37
-10 -27 -19
-6 -19 -18
-11 -25 -20
0 -14 -14
-7 -11 -8
7 -13 -10
-5 -5 -9
-5 -4 -12
-12 -12 -21
-11 -3 -19
-7 -13 -16
-10 -16 -33
-18 -10 -25
-16 -14 -31
-19 -17 -35
-25 -16 -17
-20 -18 -27
-12 -15 -10
-10 -6 -6
-7 -1 25
2 6 9
6 12 33
10 18 34
19 14 42
28 25 44
20 26 33
20 26 36
20 25 24
22 21 14
25 8 1
4 10 -14
15 2 -14
8 -9 -37
-1 -7 -32
-2 -10 -30
12 -18 -38
-2 -11 -20
16 -8 -5
16 -6 -5
28 3 12
27 19 30
48 26 42
37 35 46
55 40 68
66 46 55
54 53 70
63 60 74
62 52 60
54 53 53
57 45 38
50 42 36
26 38 12
40 24 20
20 23 -11
12 14 10
13 -2 -10
2 -4 -19
1 -22 -7
1 -14 -27
-10 -7 8
10 -14 5
-17 -3 17
-4 -8 25
13 5 16
-7 18 29
12 15 44
1 27 41
9 21 51
6 25 38
3 24 23
8 18 27
-9 18 7
0 17 26
0 9 1
-9 6 10
-12 -9 11
2 -3 -4
3 2 10
6 -1 2
-1 6 26
18 6 28
17 2 19
34 15 23
30 16 36
18 18 17
35 14 32
31 19 17
25 17 7
26 10 16
20 17 -12
30 14 11
29 14 -15
5 15 -1
30 -3 -14
13 -1 -8
5 -8 -20
25 2 -9
5 13 3
19 10 6
28 26 23
44 21 49
28 28 34
50 33 64
47 43 63
41 32 51
43 41 71
52 36 51
37 32 40
19 33 43
37 28 31
21 17 -6
10 12 6
-1 -2 -17
6 -23 -24
-29 -26 -43
-21 -30 -26
-8 -33 -46
-23 -22 -45
-28 -38 -15
-11 -23 -30
-25 -24 4
-4 -9 -8
-24 1 18
10 5 40
6 19 38
7 23 51
24 33 52
19 41 57
8 21 54
15 31 35
21 32 31
12 25 5
3 13 16
-4 1 8
-5 -6 -1
-7 -8 -16
-10 5 -31
6 -9 -7
9 -16 -23
-3 -7 0
17 -12 8
9 -6 -5
10 -2 14
29 8 13
41 16 49
39 28 39
38 29 60
41 45 44
41 35 47
40 41 42
41 39 32
58 36 34
26 30 18
32 20 26
31 15 1
18 4 -4
5 -8 -12
10 3 -4
24 -9 -2
0 -2 -11
19 -1 22
25 0 9
3 -10 20
26 1 21
22 3 28
28 4 26
16 9 29
15 6 38
24 7 6
15 19 4
5 22 -8
-5 0 -36
-7 -2 -47
-11 -5 -24
-11 -18 -25
-14 -24 -26
-14 -13 -24
6 -12 0
11 0 13
20 1 21
36 27 25
47 28 44
48 39 58
64 42 63
66 53 69
70 66 45
73 62 38
75 66 33
69 61 20
66 52 16
47 41 5
46 33 -4
40 28 -12
31 18 -3
36 7 -8
27 7 -8
33 13 9
38 11 15
41 16 32
50 28 43
57 37 55
59 45 66
65 49 73
70 54 75
67 61 73
66 66 67
56 58 55
46 54 44
40 39 13
24 34 -2
9 21 -20
-3 7 -24
-15 -7 -23
-29 -17 -24
-30 -27 -23
-31 -22 -15
-33 -21 -3
-26 -16 9
-14 -8 30
-3 1 41
6 13 54
14 23 59
19 27 53
21 35 56
23 38 56
22 36 47
20 34 28
21 28 16
9 21 0
2 15 -14
-3 6 -20
-11 -5 -25
-14 -6 -28
-13 -14 -28
-14 -19 -22
-6 -21 -11
-1 -11 -1
9 -1 15
20 3 30
37 18 48
50 33 57
60 45 64
70 53 75
78 62 73
86 67 72
85 70 60
82 71 61
80 66 50
73 67 41
64 56 34
56 50 21
54 41 15
48 34 10
42 30 15
39 29 11
37 24 22
39 24 34
38 28 42
44 30 63
48 36 72
54 46 78
56 56 88
60 62 92
61 64 92
55 62 81
50 60 75
49 58 65
38 55 53
27 45 38
15 38 21
2 27 10
-1 13 2
-9 1 -7
-20 -4 -9
-25 -12 -5
-27 -15 2
-26 -14 5
-22 -12 17
-15 -6 53
-9 -1 -26
-3 5 96
9 16 18
22 45 51
33 5 93
16 51 62
33 33 74
29 45 47
26 46 42
27 28 47
34 38 7
29 24 4
4 26 -25
20 14 2
6 9 29
17 -4 -7
13 4 12
22 13 13
33 18 53
38 17 35
46 29 52
57 40 71
63 49 56
76 48 90
78 69 76
83 50 85
85 64 90
77 67 74
74 64 64
67 64 45
65 48 39
51 39 33
44 38 10
28 21 8
18 15 -2
11 4 1
11 1 3
4 -2 14
14 -2 17
11 -4 38
14 8 50
17 6 60
24 14 68
22 24 70
25 30 78
28 36 75
25 38 68
22 35 47
12 31 37
1 22 17
-6 11 -2
-19 -3 -18
-36 -12 -32
-37 -28 -46
-54 -42 -50
-57 -56 -53
-57 -58 -49
-54 -54 -37
-46 -50 -27
-40 -42 -14
-28 -34 11
-19 -22 25
-10 -9 47
3 4 59
15 18 67
30 31 65
31 39 60
32 46 51
33 43 43
31 40 23
22 28 12
22 15 -6
14 5 -20
11 -7 -30
11 -16 -35
3 -17 -41
-1 -22 -33
2 -27 -21
2 -27 -21
6 -27 -8
14 -21 5
25 -12 13
30 -2 25
34 5 39
39 19 37
41 22 43
40 29 50
39 26 36
42 30 25
32 28 16
24 20 0
9 8 2
-2 1 -23
-19 -18 -42
-30 -27 -41
-34 -34 -48
-41 -48 -51
-41 -52 -50
-41 -54 -44
-46 -56 -34
-38 -57 -23
-43 -47 -21
-39 -44 -14
-35 -40 -3
-33 -37 -2
-34 -36 -5
-33 -29 -9
-40 -32 -21
-39 -30 -26
-50 -32 -34
-52 -33 -48
-55 -43 -57
-63 -46 -70
-70 -58 -78
-74 -66 -84
-77 -72 -85
-76 -78 -86
-76 -77 -77
-71 -81 -71
-66 -73 -65
-58 -68 -55
-43 -62 -40
-34 -54 -32
-26 -46 -22
-19 -40 -20
-12 -32 -20
-10 -30 -28
-3 -28 -29
-7 -25 -43
-6 -25 -50
-14 -30 -65
-20 -34 -74
-25 -43 -86
-27 -47 -89
-39 -51 -97
-37 -55 -86
-35 -57 -84
-35 -59 -80
-29 -58 -69
-25 -57 -62
10 7 -1
16 4 -8
6 2 -16
-2 -2 -6
8 1 -6
-10 1 -9
18 -4 0
1 11 8
6 12 14
23 8 41
10 30 23
26 20 59
36 29 20
28 42 52
41 26 36
28 38 34
30 30 41
27 18 19
14 21 8
21 5 14
7 12 -15
10 -4 -4
-4 -2 -12
4 -7 -18
-2 -2 -12
-4 -8 -12
2 -2 -1
6 -6 -1
0 10 9
17 2 26
18 21 27
21 22 34
28 19 46
35 31 41
33 37 49
33 32 46
37 41 39
31 40 49
28 38 29
29 32 24
20 30 25
25 26 7
16 16 9
25 18 -1
13 13 3
17 1 -2
11 6 10
13 0 10
11 7 21
25 6 23
11 13 32
22 21 36
38 29 45
35 42 46
36 39 53
42 44 53
49 55 53
44 49 44
38 44 38
36 51 44
39 37 25
27 37 18
30 25 28
15 23 13
18 17 18
20 12 12
15 13 5
18 8 18
16 6 15
10 21 23
25 10 35
15 20 27
11 13 46
30 11 40
16 25 34
38 7 41
26 25 20
23 29 39
33 15 21
13 31 14
34 9 22
17 24 -14
6 9 17
18 1 -4
-1 9 -3
16 -7 11
-1 8 -6
7 -9 25
19 2 6
10 3 25
17 3 23
28 12 34
25 22 31
26 18 33
29 16 41
32 30 28
36 18 30
14 23 14
27 15 32
9 9 1
8 6 5
1 -10 -4
-2 -3 -14
-1 -16 -6
-3 -19 -16
-16 -11 -7
2 -29 -2
-11 -10 -12
4 -28 9
-3 -14 2
9 -10 16
11 -5 24
12 -3 16
15 9 33
20 3 25
14 13 18
27 6 19
20 16 9
-1 9 -2
13 -4 13
1 6 -12
9 -12 -16
-13 -17 -30
-14 -20 -12
-6 -36 -31
-34 -26 -30
-10 -40 -10
-20 -36 -30
-24 -35 -8
-8 -39 -7
-25 -25 -9
-5 -26 2
-6 -18 0
-12 -12 3
-2 -17 6
1 -22 0
-8 -9 -6
-1 -23 -2
-1 -19 -14
-10 -15 -12
0 -30 -31
-20 -16 -28
-7 -35 -24
-18 -29 -45
-26 -31 -34
-14 -42 -27
-29 -29 -43
-10 -42 -20
-25 -32 -34
-10 -38 -11
-13 -29 -7
-10 -22 -12
0 -18 5
6 -14 -6
-7 -1 7
2 -10 12
15 4 14
-2 3 2
13 -4 3
9 4 -9
6 7 -11
-10 -10 -7
6 -8 -16
-19 -10 -20
8 -26 -18
-14 -12 -27
-10 -25 -11
-5 -24 -22
-24 -16 -12
-7 -32 -5
-15 -17 -18
1 -24 7
-8 -14 -16
5 -21 7
2 -3 -4
-4 -6 1
8 -20 -1
-2 1 1
4 -14 -10
-3 -11 -18
-5 -6 -10
-13 -17 -27
-12 -21 -23
-7 -26 -33
-22 -25 -40
-13 -43 -34
-15 -27 -33
-10 -33 -34
-25 -37 -23
-7 -23 -16
-12 -21 -8
-3 -26 -12
-9 -16 11
10 -11 11
8 -4 -2
8 2 13
2 7 1
8 -5 -2
4 4 -14
4 -6 -13
-1 -14 -35
-15 -10 -32
-11 -25 -34
-5 -32 -52
-36 -28 -36
-10 -44 -40
-24 -35 -38
-11 -39 -34
-11 -36 -22
-19 -22 -20
0 -29 6
2 -17 -16
1 -12 12
11 -14 -3
-6 3 2
18 -10 15
-9 8 -20
4 -12 18
13 -3 -29
-20 -6 -22
13 -21 -19
-16 1 -39
-10 -30 -19
-19 -20 -52
-16 -28 -19
-21 -33 -64
-21 -32 -30
-15 -37 -42
-25 -33 -33
0 -41 -21
-6 -18 -26
-5 -21 -15
1 -18 3
4 -1 3
11 -15 -4
9 -1 2
7 4 -9
8 -2 -9
11 -3 -18
-7 -2 -5
4 -15 -44
-14 -12 -14
-12 -21 -43
-10 -34 -41
-30 -23 -41
-8 -35 -40
-32 -30 -47
-12 -28 -27
-20 -33 -23
-20 -22 -30
15 9 23
14 16 32
20 20 36
23 28 33
24 22 30
25 21 24
22 17 13
18 23 11
12 19 3
8 8 -5
5 -1 -12
1 -5 -28
-3 -18 -28
-9 -27 -26
-10 -28 -27
-12 -20 -18
-9 -22 -9
0 -21 -7
-1 -13 2
11 -9 14
13 -1 26
12 11 30
18 14 34
23 28 34
28 34 35
29 34 26
31 29 24
24 23 18
16 29 9
6 19 4
13 12 -3
9 7 -17
-1 -6 -19
-2 -10 -16
-2 -14 -16
-7 -16 -18
-1 -20 -14
-1 -17 -2
-1 -14 3
2 -13 12
7 -3 19
16 4 26
18 16 28
18 21 34
21 25 32
23 20 22
21 18 17
15 18 0
8 12 -8
6 -3 -16
0 -11 -27
-6 -17 -30
-12 -24 -31
-16 -32 -33
-19 -43 -34
-17 -38 -33
-12 -35 -27
-11 -30 -18
-7 -23 -2
1 -20 9
8 -6 20
11 2 29
10 14 34
18 16 36
20 24 33
18 20 20
12 16 10
10 11 -6
0 0 -15
-5 -13 -26
-10 -24 -32
-17 -33 -39
-18 -29 -43
-20 -36 -41
-16 -39 -39
-21 -41 -25
-17 -35 -15
-10 -27 -9
-7 -25 3
2 -12 13
7 -7 16
13 1 21
13 9 20
17 17 22
18 12 18
15 12 13
12 9 -2
8 7 -10
6 -2 -20
-2 -11 -24
-8 -18 -33
-16 -28 -32
-24 -34 -43
-22 -42 -42
-20 -45 -36
-17 -47 -28
-12 -38 -22
-11 -27 -13
-2 -19 4
6 -14 12
9 -8 13
11 4 13
18 7 19
23 7 17
16 11 11
10 12 7
13 9 0
6 1 -13
-3 -4 -26
-6 -16 -31
-7 -26 -38
-15 -31 -39
-17 -35 -41
-10 -33 -38
-14 -33 -33
-18 -34 -29
-14 -35 -19
-9 -33 -12
-7 -26 -7
0 -22 -1
8 -15 7
13 -1 10
16 10 15
17 17 16
20 8 8
15 6 1
10 -4 -9
6 -4 -17
3 -2 -25
2 -9 -30
-2 -16 -32
-9 -22 -33
-16 -25 -36
-17 -31 -36
-16 -36 -39
-14 -43 -33
-15 -39 -25
-2 -31 -20
-2 -14 1
5 -10 10
9 4 13
14 12 20
23 18 22
27 21 25
26 25 23
22 22 16
20 22 6
15 14 -7
10 14 -9
6 5 -21
-1 -4 -25
-8 -14 -30
-11 -25 -43
-13 -28 -43
-13 -24 -42
-5 -22 -26
-4 -22 -15
0 -12 -6
3 -8 2
4 -4 12
14 7 16
20 18 30
23 24 31
26 32 32
25 35 28
28 35 18
26 28 13
21 26 1
12 19 -10
4 9 -23
0 2 -32
-7 -12 -37
-7 -19 -41
-8 -23 -41
-11 -26 -38
-13 -28 -30
-14 -25 -19
-3 -21 -4
2 -17 8
11 0 17
23 14 33
24 29 36
33 37 39
45 42 38
46 55 29
40 63 33
37 56 28
29 45 13
17 39 6
9 27 -3
2 13 -17
-8 -2 -23
-10 -17 -29
-8 -22 -32
-11 -19 -24
-12 -22 -20
-9 -22 -9
-1 -26 2
7 -14 5
13 -8 17
21 6 22
27 18 27
27 31 32
30 30 29
27 30 26
19 25 18
23 23 5
22 21 -3
10 19 -2
5 17 -12
7 16 -17
-1 -2 -22
-2 -9 -25
-4 -14 -26
-7 -21 -23
-6 -26 -15
-2 -20 -6
3 -14 0
5 -5 10
14 1 19
22 11 29
25 17 34
21 28 30
25 31 26
27 27 21
23 22 4
21 26 2
18 18 -2
9 14 -11
4 8 -22
4 2 -25
-4 -10 -28
-6 -15 -26
-4 -22 -23
-4 -23 -19
-2 -20 -12
1 -14 -2
4 -3 0
11 0 11
9 9 21
18 10 24
26 21 34
24 24 30
27 26 30
28 30 23
30 31 16
22 35 12
20 29 6
18 25 -3
8 16 -17
25 19 27
20 18 16
9 8 -3
3 -1 -20
-10 -6 -34
-21 -12 -47
-24 -22 -51
-22 -33 -54
-27 -38 -53
-33 -36 -50
-30 -40 -48
-18 -38 -39
-6 -33 -20
3 -23 0
0 -9 22
4 1 30
18 3 36
29 11 34
26 21 38
32 24 40
28 23 31
24 24 18
12 13 -6
6 7 -27
-6 -3 -36
-8 -10 -46
-17 -19 -52
-32 -28 -58
-40 -39 -58
-37 -43 -59
-34 -47 -44
-33 -41 -34
-25 -34 -18
-24 -30 -4
-14 -28 5
-3 -20 15
2 -15 20
12 -4 21
20 6 16
16 9 11
17 4 -4
6 3 -18
1 -2 -33
-5 -14 -62
-22 -21 -72
-35 -36 -78
-47 -46 -82
-52 -53 -81
-54 -51 -78
-42 -51 -65
-42 -46 -51
-38 -43 -34
-31 -39 -29
-25 -31 -16
-19 -27 -9
-19 -22 -7
-16 -14 -11
-15 -12 -20
-21 -18 -34
-27 -26 -49
-35 -34 -70
-46 -46 -93
-53 -54 -113
-61 -61 -115
-73 -70 -126
-82 -78 -123
-84 -86 -128
-82 -83 -123
-74 -81 -106
-71 -80 -97
-56 -74 -80
-41 -63 -61
-31 -51 -41
-18 -38 -13
0 -17 -5
12 -5 9
22 4 18
31 16 22
34 24 18
32 26 13
28 29 2
22 25 -11
10 19 -19
4 13 -24
-2 4 -31
-3 5 -41
-10 0 -39
-12 -9 -33
-11 -8 -24
-6 -7 -17
8 -2 -5
6 8 12
10 11 33
18 11 37
22 16 44
37 23 44
41 33 43
38 31 41
36 31 30
35 29 19
30 25 6
23 23 -9
14 13 -24
3 7 -30
-2 -2 -44
-3 -13 -52
-11 -14 -55
-10 -19 -50
-12 -21 -43
-14 -20 -22
-10 -15 -17
0 -9 -2
10 -4 8
14 -1 19
20 8 34
23 10 41
28 19 36
28 22 29
29 25 18
27 23 17
21 18 5
18 11 -14
10 5 -32
5 -1 -39
-1 -2 -36
-7 0 -40
-6 -6 -39
-4 -4 -35
2 0 -19
12 0 2
13 7 20
18 14 36
28 23 55
38 26 62
45 37 75
51 41 79
53 47 80
54 52 73
56 49 63
49 44 47
41 36 35
41 26 4
25 20 -19
16 10 -28
6 0 -40
-7 -11 -56
-12 -21 -58
-17 -22 -59
-18 -26 -44
-10 -26 -39
-8 -18 -20
2 -12 -1
12 -8 9
16 1 28
28 13 36
34 24 41
34 33 52
37 34 41
34 32 23
21 30 7
15 20 -9
-1 11 -30
-8 0 -43
-18 -14 -60
-37 -24 -68
-42 -35 -73
-47 -42 -77
-50 -49 -72
-37 -52 -70
-40 -46 -55
-39 -42 -36
-28 -41 -25
-26 -36 -12
-8 -32 -4
11 -16 -9
10 -6 2
12 -2 11
11 0 6
16 1 2
17 5 -16
15 8 -30
13 8 -28
-3 8 -38
-25 -1 -38
-24 -19 -53
-28 -23 -68
-46 -32 -62
-52 -36 -49
-46 -38 -37
-9 -43 -35
45 -19 -36
45 21 14
58 48 66
52 55 88
32 45 88
45 38 75
57 41 47
54 51 46
62 55 45
45 56 54
0 57 61
-18 26 12
-19 -2 -41
10 -23 -69
25 -19 -67
9 -4 -33
-3 3 -6
-21 -6 -14
-34 -17 -12
-22 -28 -23
-4 -37 -29
23 -28 -15
42 -7 3
34 17 39
19 30 60
10 22 45
14 8 22
46 6 2
54 19 2
49 34 9
43 46 14
18 45 8
-2 26 2
-2 3 -27
0 -14 -49
12 -12 -53
13 0 -38
6 7 -10
-8 10 16
-10 -2 24
4 -6 21
21 3 25
41 11 43
50 31 63
34 50 81
35 46 89
34 41 71
33 33 58
45 31 43
55 38 27
50 45 25
41 44 20
26 35 9
16 24 -6
13 7 -27
17 -5 -41
12 -6 -39
12 -4 -30
-4 2 -9
-9 3 6
32 8 27
25 13 31
23 12 14
13 13 -5
2 3 -25
-12 -9 -41
-24 -22 -60
-42 -38 -74
-52 -55 -74
-66 -62 -78
-72 -68 -78
-68 -62 -65
-60 -64 -63
-55 -64 -43
-34 -64 -24
-32 -57 -2
-26 -44 14
-18 -25 25
3 -14 28
7 -6 25
12 -2 6
7 -6 -10
0 -14 -28
-8 -23 -47
-32 -26 -67
-43 -31 -78
-60 -45 -98
-73 -61 -105
-91 -73 -113
-93 -89 -103
-88 -91 -93
-79 -83 -86
-75 -73 -64
-55 -61 -51
-28 -53 -24
-11 -43 -4
1 -28 19
18 -7 24
20 0 42
28 16 38
31 20 28
15 18 12
17 13 -17
-4 -2 -47
-20 -24 -76
-40 -36 -103
-58 -58 -116
-82 -79 -124
-91 -90 -128
-104 -98 -118
-93 -101 -104
-81 -101 -80
-62 -90 -61
-46 -70 -41
-28 -55 -20
-14 -38 -8
5 -26 8
19 -11 10
25 -5 4
23 -2 -11
15 -2 -3
-2 10 -23
-20 -1 -32
-34 -11 -72
-44 -34 -76
-50 -47 -101
-58 -60 -91
-71 -62 -107
-81 -73 -86
-77 -72 -88
-68 -79 -56
-57 -70 -59
-36 -59 -38
-18 -49 -22
3 -30 7
25 -7 14
25 4 36
33 12 34
44 19 32
44 25 23
31 25 2
27 23 -15
11 6 -35
1 -2 -55
-19 -16 -76
-37 -30 -86
-52 -44 -104
-52 -65 -103
-60 -67 -98
-63 -66 -83
-60 -74 -68
-54 -63 -56
-44 -56 -29
-27 -39 -9
-14 -25 8
3 -18 16
21 -3 26
24 17 22
23 9 14
17 8 -9
17 -6 -26
0 -10 -54
-11 -24 -84
-31 -26 -104
-58 -51 -106
-69 -60 -123
-87 -75 -132
-94 -86 -136
-98 -95 -139
-78 -94 -125
-75 -92 -107
-57 -77 -82
-42 -56 -52
-16 -40 -16
2 -14 11
26 1 38
45 19 46
57 39 50
66 47 45
66 57 46
60 58 25
54 47 1
36 36 -16
20 21 -41
13 9 -60
-2 -7 -76
-15 -17 -84
-24 -23 -83
-31 -40 -88
-30 -44 -76
-21 -35 -67
-14 -32 -34
-2 -18 -10
17 1 20
30 12 38
46 27 54
52 38 57
62 37 64
61 44 53
66 49 42
56 52 18
51 41 1
29 28 -39
7 6 -58
-13 -14 -85
-30 -33 -104
-43 -49 -123
-48 -59 -116
-66 -72 -110
-70 -65 -94
-71 -65 -62
-60 -61 -47
-38 -55 -14
-3 -19 14
21 -2 41
49 32 64
60 49 84
73 59 80
75 74 76
73 75 48
74 65 22
54 55 -12
31 34 -33
8 16 -63
-17 -5 -74
-32 -30 -91
-55 -41 -94
-61 -53 -96
-64 -56 -82
-50 -59 -65
-36 -47 -39
-15 -26 -19
2 -7 16
18 1 39
28 13 54
43 28 60
56 44 60
65 55 48
63 53 38
49 47 26
35 44 2
23 28 -22
6 6 -53
-6 -1 -68
-20 -6 -83
-33 -18 -92
-39 -35 -100
-57 -44 -88
-51 -56 -83
-53 -61 -64
-35 -44 -50
-11 -29 -21
7 -14 5
25 7 37
39 19 48
55 39 70
64 52 70
96 70 80
100 84 71
93 90 58
87 85 48
67 76 19
45 58 -6
30 45 -22
21 28 -33
2 10 -46
-4 -1 -42
-9 -5 -41
-5 -10 -30
-4 -6 -15
14 3 6
30 8 25
49 23 56
63 41 73
82 63 86
85 72 90
92 78 96
93 81 87
92 82 75
85 82 49
71 78 34
64 66 17
38 54 -5
26 33 -20
18 17 -28
1 13 -39
-8 8 -34
-3 3 -24
-6 -3 -6
-5 3 9
8 3 26
18 12 52
34 18 60
56 36 72
64 42 83
76 55 91
95 69 90
94 76 83
95 74 66
78 64 54
72 63 42
55 57 18
36 51 4
24 33 -12
11 19 -28
1 16 -38
-6 5 -23
-9 1 -16
-7 -1 -1
8 8 18
-27 -11 -58
-19 -22 -45
-4 -19 -21
0 -20 3
15 -4 32
44 18 54
76 42 78
100 58 98
107 83 109
121 92 97
131 105 94
132 123 84
126 120 74
112 101 45
78 92 3
45 65 -16
21 36 -46
-11 0 -62
-40 -27 -70
-52 -46 -66
-59 -42 -53
-57 -46 -36
-34 -48 -17
-8 -27 6
17 -2 38
42 3 70
78 39 90
90 65 95
108 81 101
121 99 107
119 113 90
108 109 63
80 95 37
60 77 19
43 55 -2
18 34 -22
-6 25 -39
-14 17 -48
-23 -6 -38
-19 -11 -25
-10 -8 -11
5 1 16
28 14 41
51 33 74
75 49 97
90 82 125
121 107 137
148 113 145
161 127 147
153 140 134
152 146 109
139 139 95
126 132 77
106 116 49
73 101 18
41 73 -4
19 33 -22
0 12 -17
-17 7 -20
-25 4 -7
-5 3 13
6 1 38
21 11 67
46 30 105
83 57 119
117 79 144
136 108 156
145 127 158
140 136 148
138 133 133
133 134 104
110 126 72
93 113 38
62 90 10
39 54 -3
10 36 -25
-16 15 -26
-21 -10 -31
-15 -17 -17
-20 -19 -2
-12 -14 22
2 -1 56
25 16 89
41 28 108
68 52 125
85 72 130
102 92 137
120 115 141
131 122 126
133 121 111
118 121 84
92 104 55
77 79 28
52 70 9
34 49 -4
10 21 -20
-9 8 -30
-25 -12 -24
-33 -24 -12
-37 -30 4
-21 -22 31
1 -12 55
28 11 77
47 31 107
74 47 121
93 73 143
105 89 145
113 98 138
116 98 118
114 103 91
89 85 53
62 58 18
30 30 -14
-1 4 -39
-23 -19 -47
-45 -38 -35
-68 -31 -24
-78 -28 -15
-79 -25 5
-44 -28 22
-2 -19 48
7 -5 88
32 25 125
55 57 144
82 76 159
108 102 162
125 103 141
128 96 130
130 95 113
105 93 90
72 84 62
48 67 30
33 53 -7
9 19 -33
-14 -16 -36
-48 -41 -36
-65 -44 -35
-68 -38 -40
-65 -37 -22
-51 -48 -6
-22 -39 25
-6 -21 54
9 -11 77
38 17 102
64 41 110
77 56 122
90 89 130
102 104 99
100 94 90
85 86 72
57 65 52
28 50 13
-1 34 -20
-22 8 -39
-50 -29 -42
-72 -49 -57
-86 -59 -70
-95 -71 -63
-85 -81 -35
-69 -75 -17
-49 -63 3
-24 -47 24
6 -31 51
34 -10 72
66 13 98
74 44 105
74 58 100
90 69 110
98 67 87
86 78 66
60 69 41
40 60 17
22 40 -2
-14 10 -22
-34 -15 -49
-57 -34 -54
-57 -46 -44
-56 -52 -28
-57 -53 -14
-50 -52 13
-27 -46 34
2 -25 54
24 5 82
50 21 96
62 27 99
74 45 100
76 55 82
75 49 47
63 50 19
44 32 1
9 6 -27
-21 -14 -49
-56 -38 -73
-85 -67 -94
-101 -91 -92
-100 -94 -70
-109 -91 -51
-125 -79 -25
-112 -66 -11
-74 -51 10
-31 -41 41
-7 -23 59
14 -11 75
37 13 99
57 34 112
75 50 112
75 61 89
70 63 60
64 57 28
57 37 6
29 14 -19
2 -8 -46
-23 -21 -68
-49 -44 -80
-67 -63 -91
-89 -84 -90
-89 -103 -76
-82 -93 -52
-68 -82 -18
-49 -60 8
-23 -34 24
0 -19 33
19 -3 56
45 8 73
57 18 82
65 37 85
66 53 72
53 63 49
27 51 18
14 23 -12
9 -4 -39
-16 -22 -58
-54 -46 -68
-89 -60 -85
-93 -75 -92
-95 -89 -99
-89 -93 -95
-88 -105 -81
-77 -97 -55
-66 -82 -31
-62 -75 -9
-43 -69 1
-17 -58 12
1 -42 26
18 -17 41
29 9 34
33 22 34
31 32 15
25 28 -6
13 16 -24
-44 -39 -27
-43 -44 -10
-33 -29 -7
-20 -23 13
-15 -20 27
-6 -12 42
5 7 47
22 10 55
27 9 54
35 19 56
35 20 44
32 16 33
12 15 15
0 7 -2
-12 -8 -7
-33 -19 -29
-40 -38 -44
-51 -46 -47
-51 -52 -49
-54 -60 -39
-58 -51 -31
-51 -53 -16
-35 -50 4
-17 -32 13
-5 -19 30
19 -10 51
21 12 56
40 28 62
48 21 58
47 44 46
54 34 35
14 24 25
23 20 2
9 -5 -13
-32 -23 -34
-34 -36 -48
-62 -45 -66
-83 -61 -70
-65 -85 -62
-84 -79 -63
-81 -76 -57
-73 -95 -41
-64 -76 -26
-58 -56 -11
-38 -52 -2
-33 -49 13
-21 -28 20
-1 -28 22
-19 -14 9
-3 -9 0
-11 -15 -14
-22 -25 -26
-22 -26 -43
-49 -37 -58
-60 -42 -64
-74 -62 -71
-85 -75 -75
-78 -79 -80
-94 -74 -73
-78 -76 -52
-78 -75 -46
-71 -75 -34
-53 -58 -17
-41 -58 2
-23 -42 10
-3 -33 12
-3 -14 13
19 -11 15
4 -9 11
13 -3 -13
-5 -16 -24
-34 -27 -45
-39 -47 -57
-58 -58 -80
-71 -60 -96
-93 -75 -92
-122 -86 -101
-91 -101 -87
-110 -102 -75
-109 -83 -73
-73 -95 -40
-74 -70 -30
-40 -52 -15
-29 -42 7
-2 -17 22
3 1 29
28 -2 22
42 10 18
15 29 9
13 9 -2
18 -7 -22
-22 1 -46
-33 -31 -69
-52 -64 -77
-81 -64 -98
-79 -84 -107
-100 -107 -101
-93 -91 -101
-103 -105 -83
-88 -103 -76
-75 -86 -56
-61 -83 -42
-35 -73 -16
-20 -38 -5
-2 -25 10
6 -7 18
31 5 25
28 11 24
21 25 9
40 26 -1
9 14 -26
9 14 -29
-5 2 -46
-38 -11 -70
-35 -34 -71
-51 -51 -80
-57 -61 -82
-72 -71 -80
-71 -66 -74
-68 -66 -58
-66 -65 -42
-23 -64 -29
-42 -50 -19
-10 -33 -6
17 -34 10
1 -7 2
36 -5 -2
8 0 4
19 23 -10
33 -5 -14
5 -4 -34
9 4 -51
-18 -16 -61
-16 -17 -69
-28 -22 -76
-57 -36 -83
-34 -44 -68
-57 -47 -66
-53 -57 -64
-43 -68 -41
-38 -49 -34
-34 -28 -26
-23 -34 -6
4 -24 7
4 -19 0
12 -10 1
12 3 -3
13 -11 -18
11 -10 -35
2 -7 -49
-20 -30 -53
-39 -26 -72
-39 -40 -84
-58 -47 -98
-79 -62 -93
-70 -70 -91
-71 -68 -87
-67 -72 -65
-56 -59 -60
-54 -39 -39
-19 -43 -17
-18 -26 -11
18 3 -8
25 2 20
29 6 16
52 28 11
36 30 2
40 27 -5
34 28 -17
2 15 -42
-7 1 -52
-10 -13 -67
-38 -15 -87
-40 -52 -74
-56 -50 -84
-66 -53 -96
-50 -67 -67
-68 -65 -58
-29 -49 -39
-23 -46 -17
2 -13 6
18 -19 22
32 23 32
67 27 37
61 39 43
62 65 26
68 67 35
62 57 9
68 59 3
20 39 -18
22 44 -36
18 6 -42
-23 13 -68
-3 -14 -66
-29 -22 -47
-36 -9 -61
-1 -32 -29
-34 -29 -42
7 -12 -13
18 -25 1
20 5 11
51 5 32
40 22 33
61 37 30
56 29 29
68 33 18
52 26 6
29 31 -14
51 22 -18
14 10 -34
-18 14 -58
18 -15 -46
-44 -22 -69
-31 -10 -80
-30 -44 -50
-40 -13 -49
-13 -4 -30
-21 -17 0
21 19 10
39 26 34
48 48 34
68 69 58
74 60 66
93 72 56
107 68 62
79 79 46
97 68 21
82 50 16
56 73 -14
37 21 -10
26 19 -30
-1 23 -48
-5 -19 -36
-3 -14 -53
-34 -1 -43
-2 -25 -26
2 -12 -13
7 6 2
16 18 22
59 17 35
69 43 54
75 64 54
101 62 77
103 83 63
88 87 56
100 67 50
65 62 19
54 58 -1
39 30 -11
-6 16 -42
-84 -103 -55
-52 -79 -26
-20 -59 2
18 -32 16
40 -7 37
54 17 46
69 34 45
75 40 34
76 43 15
59 33 -8
36 17 -40
6 0 -74
-26 -16 -92
-54 -40 -103
-77 -63 -126
-94 -83 -126
-94 -84 -121
-95 -96 -104
-91 -98 -79
-78 -91 -49
-50 -71 -19
-16 -43 9
12 -20 38
49 10 54
67 50 63
81 63 58
92 70 51
94 66 40
80 63 18
46 58 -13
15 36 -49
-14 3 -83
-36 -25 -97
-58 -48 -110
-77 -72 -115
-87 -85 -112
-75 -86 -95
-75 -81 -77
-57 -66 -50
-36 -46 -10
-1 -27 10
20 -4 31
56 20 47
73 33 57
79 48 54
82 50 52
77 56 38
70 58 20
53 55 -7
22 43 -39
-2 21 -68
-30 -7 -95
-49 -39 -111
-67 -62 -120
-82 -82 -118
-93 -95 -107
-99 -105 -90
-90 -117 -82
-80 -105 -54
-57 -83 -34
-30 -60 -10
6 -26 16
35 2 35
54 25 50
73 51 52
75 70 42
77 80 50
71 78 13
46 57 -22
27 36 -33
13 10 -80
-41 -52 -109
-84 -27 -128
-72 -77 -138
-103 -108 -124
-96 -106 -109
-101 -102 -99
-68 -83 -62
-38 -75 -49
-12 -46 -17
-2 -30 15
43 13 41
46 13 52
53 43 57
84 57 49
69 50 21
72 67 6
67 54 -24
31 32 -39
5 14 -73
-29 -4 -91
-67 -35 -107
-82 -53 -119
-90 -73 -123
-93 -83 -117
-86 -82 -85
-69 -78 -56
-50 -55 -20
-1 -19 0
21 -9 21
42 18 42
66 39 56
79 48 62
88 60 62
93 65 35
92 65 17
79 58 -11
45 48 -26
21 31 -48
-15 6 -71
-33 -18 -86
-55 -36 -106
-59 -55 -101
-57 -67 -101
-60 -62 -82
-49 -59 -57
-28 -45 -25
-10 -18 2
23 1 31
63 25 57
94 53 74
112 80 85
116 92 85
127 103 73
117 105 60
107 98 47
88 89 24
62 82 -1
35 58 -33
1 39 -52
-19 11 -67
-27 -10 -78
-39 -17 -76
-40 -32 -62
-34 -30 -42
-22 -28 -19
-6 -19 5
17 9 34
36 29 61
68 54 91
90 77 103
110 92 111
124 111 108
134 120 83
130 118 56
113 108 33
88 89 6
59 68 -21
36 42 -45
4 9 -62
-21 -16 -69
-43 -25 -72
-62 -33 -70
-70 -48 -55
-59 -52 -35
-36 -45 -14
-19 -27 27
-4 -10 49
35 12 69
55 49 90
92 65 92
112 86 104
123 112 108
127 118 93
122 128 75
103 120 46
75 94 11
55 77 -20
29 48 -45
-5 12 -61
-21 -8 -68
-37 -33 -71
-62 -45 -55
-58 -47 -33
-41 -40 -9
-16 -19 26
16 8 60
55 37 92
89 62 109
114 98 123
135 120 125
149 128 131
157 137 107
153 140 89
132 126 72
113 114 34
86 90 10
45 70 -18
8 45 -26
-25 17 -37
-43 -2 -43
-46 -8 -30
-39 -3 -12
-20 -1 9
3 14 38
31 18 64
69 41 89
96 67 110
122 84 117
128 90 118
132 99 119
128 111 96
113 95 81
94 89 56
67 73 37
25 57 19
3 44 7
-10 28 -12
-34 14 -21
-32 14 -33
-32 6 -28
-19 -4 -22
4 -16 -6
17 -16 -1
43 -11 32
53 12 63
67 34 95
76 63 119
85 82 148
104 112 150
106 127 148
110 134 130
111 126 100
105 104 71
80 84 38
52 54 15
34 41 -7
7 24 -21
-13 12 -30
-21 1 -44
-34 -5 -32
-28 -22 -26
-32 -27 -12
-34 -33 6
-14 -40 34
1 -26 71
20 -5 94
43 34 116
70 64 131
95 87 131
120 100 115
132 110 84
129 108 65
108 94 31
63 67 -2
42 39 -18
13 11 -35
-14 -11 -49
-45 -14 -48
-54 -30 -47
24 30 24
28 24 16
23 20 8
22 4 9
18 -2 12
21 1 8
23 5 4
18 6 -2
22 8 -5
14 5 2
14 4 14
5 10 22
6 18 17
8 28 14
18 22 18
23 16 22
22 16 24
20 25 22
25 27 15
27 31 10
26 28 4
29 22 11
27 20 17
23 15 15
22 18 23
17 13 25
17 9 15
18 6 15
12 2 -2
1 -3 -8
1 -9 -16
-2 -16 -25
-1 -19 -16
0 -13 -23
-4 -9 -23
0 -1 -12
7 6 -16
14 11 -10
18 10 1
28 17 14
25 29 32
29 29 41
30 35 30
33 38 26
34 39 33
30 32 34
31 30 45
26 21 45
27 22 29
27 21 18
24 25 11
18 22 5
15 10 13
9 2 18
13 2 4
11 -2 -1
18 9 2
20 9 8
17 15 18
15 22 26
23 20 31
24 24 37
38 28 31
44 35 29
50 49 32
53 56 43
51 52 53
50 51 50
46 47 47
42 45 45
42 54 39
42 52 47
36 49 47
35 51 55
32 39 56
35 34 49
41 36 45
41 34 43
41 36 45
42 38 44
35 36 45
38 32 42
32 30 36
28 18 31
35 20 25
31 24 21
33 22 17
27 18 18
31 19 20
28 17 25
29 14 30
28 28 42
33 36 47
41 41 50
37 50 50
42 45 38
44 37 48
37 33 48
33 24 38
28 24 42
26 23 21
18 16 17
13 9 21
13 6 7
12 -5 10
2 -6 9
1 -7 -5
-10 -14 -13
-11 -14 -11
-12 -25 -20
-15 -29 -12
-13 -27 -17
-19 -19 -25
-23 -24 -26
-16 -25 -19
-15 -23 -22
-10 -17 -21
-7 -16 -19
-6 -9 -14
2 2 -2
3 4 10
-1 4 14
-2 3 10
1 2 15
2 6 3
7 3 -6
2 0 -2
-3 -2 -12
-11 -11 -19
-23 -21 -21
-24 -19 -38
-28 -21 -40
-24 -28 -36
-24 -27 -39
-24 -34 -23
-24 -26 -21
-14 -20 -22
-11 -20 -20
-5 -13 -19
28 -10 -14
19 -4 -11
8 9 -5
7 1 18
-12 -12 3
-11 -17 -36
-17 -18 -41
-14 -22 -25
-18 -25 -18
-20 -25 -19
-27 -17 -12
-28 -12 -15
-16 -9 -17
-9 -9 -11
4 -13 -5
19 -4 -1
32 -6 2
38 7 -4
23 20 5
16 17 23
9 9 22
0 1 -1
-12 -9 -12
-11 -12 -10
-20 -20 -19
-29 -22 -31
-22 -19 -25
-20 -4 -20
-12 -6 -14
5 -12 -9
17 -15 -15
18 -9 -10
17 -3 -8
13 4 10
14 9 15
19 10 10
15 9 1
9 9 -1
10 5 -1
6 6 6
15 13 14
11 18 17
9 20 11
10 9 7
19 1 4
13 7 0
1 8 7
-3 10 11
2 8 14
12 -2 10
16 1 8
10 1 -5
7 2 -4
1 -4 1
3 -2 -5
15 0 0
10 3 4
7 1 -10
5 -6 -14
0 -16 -13
-1 -17 -15
-5 -8 -5
-12 -2 -4
-7 -1 -14
-3 -11 -6
-4 -19 -23
-6 -15 -26
-15 -13 -26
-11 -13 -26
-8 -13 -13
-13 -20 -18
-2 -24 -35
-10 -19 -34
-17 -16 -35
-12 -21 -30
-16 -21 -17
-19 -24 -12
-17 -27 -23
-21 -30 -29
-23 -27 -34
-19 -26 -32
-16 -14 -18
-8 -8 -14
-5 -4 -14
-7 -11 -16
-7 -14 -26
-10 -11 -32
-13 -16 -31
-11 -10 -26
-6 -13 -19
-2 -13 -22
0 -7 -18
-13 -4 -17
-11 -8 -17
-9 -10 -14
-13 -12 -18
-5 -18 -26
-7 -15 -30
-9 -21 -40
-16 -27 -41
-16 -26 -41
-18 -37 -46
-16 -31 -50
-18 -27 -37
-18 -24 -41
-22 -27 -32
-24 -25 -27
-20 -23 -33
-14 -17 -36
-20 -17 -26
-15 -12 -22
14 22 2
16 10 3
15 3 7
12 12 4
13 14 8
19 12 3
16 13 9
9 7 9
6 4 15
4 3 5
9 4 -6
3 -7 -7
3 -2 3
-6 -2 3
1 1 -1
-1 -2 -17
-2 1 -7
-6 -4 -4
-2 -9 0
5 1 -4
1 10 -10
13 6 -13
12 3 -3
14 7 5
20 13 2
19 16 6
35 21 7
29 17 0
36 17 20
33 22 31
30 35 14
27 29 16
30 23 25
29 17 22
23 15 12
17 21 16
16 18 13
26 10 11
12 6 14
8 6 14
9 4 4
9 4 -12
5 -11 -16
-2 -14 -6
-2 -6 -8
-6 -5 -9
-7 -17 -27
3 -20 -31
-4 -23 -14
-13 -21 -16
-3 -18 -19
-6 -9 -22
-9 -14 -16
-6 -15 -14
-2 -14 -1
-2 -17 -14
-4 -14 -24
-2 -4 -19
0 -7 -10
3 -10 -26
-3 -3 -15
5 -1 -12
9 -3 -7
8 -3 -13
9 6 -8
13 -1 2
18 1 -3
4 8 -11
3 -1 -3
11 -3 -4
8 0 -4
7 -3 -10
7 -4 -7
-6 -2 -8
-4 -10 -12
2 -11 -9
-5 -10 0
-10 0 -4
-9 -9 -10
0 -17 -17
-12 -14 -18
-11 -9 -9
-9 -10 3
2 -7 -13
-3 -2 -16
-3 -2 -11
5 0 5
8 -1 6
13 -1 -11
11 4 -11
8 9 2
15 8 2
22 -5 -1
15 0 -11
15 4 -11
13 -2 -3
14 -5 -7
15 0 -7
14 1 -3
5 2 -9
1 -2 -7
1 -6 -3
11 -5 -1
6 -2 -4
2 4 -8
-2 6 -6
2 8 8
17 2 11
8 6 7
6 13 2
11 14 6
13 10 11
13 5 -8
12 1 6
13 4 8
5 1 -10
5 -6 -13
2 -9 -13
-1 -11 -13
2 -6 -20
-7 -14 -23
-6 -18 -26
-7 -19 -25
-5 -16 -28
-4 -17 -15
-6 -19 -34
-2 -16 -34
-3 -12 -20
-2 -15 -10
4 -8 -5
3 -2 -17
10 4 -13
10 8 13
13 4 15
16 2 7
10 12 5
16 23 -3
17 8 -3
18 -2 -3
12 -2 -8
0 0 -12
-4 -2 -16
-2 -9 -16
-8 -13 -13
-12 -11 -15
-5 -14 -22
-5 -15 -34
-11 -15 -26
-13 -16 -29
-3 -25 -19
-15 -25 -38
-17 -22 -46
-19 -18 -32
-14 -21 -25
-14 -26 -34
-15 -26 -35
-12 -18 -26
-9 -14 -30
-7 -11 -32
-10 -16 -28
2 -17 -25
-7 -19 -28
-16 -8 -35
-9 -17 -28
-2 -23 -24
-14 -29 -30
-26 -25 -39
-19 -23 -27
-13 -28 -37
-21 -28 -45
-20 -30 -35
-27 -22 -22
-17 -22 -38
-27 -25 -52
-29 -24 -42
-28 -28 -25
-28 -29 -28
-23 -23 -50
-21 -24 -47
-23 -23 -37
-21 -24 -38
-13 -32 -39
-17 -29 -45
-19 -22 -47
-20 -25 -44
-16 -33 -39
-8 -30 -38
-11 -20 -29
-10 -22 -32
-3 -23 -26
-2 -18 -27
-6 -14 -28
-2 -15 -19
2 -8 -19
9 -1 -20
5 -6 -21
12 -3 -8
4 -2 -11
6 3 -12
8 1 -15
9 9 -8
12 14 -8
14 6 0
20 2 -3
17 10 -12
11 12 -10
13 9 -1
22 1 2
14 5 -2
10 6 -8
6 8 -10
14 0 -6
10 -4 -11
10 -6 -17
2 -3 -15
-4 -7 -21
0 -9 -14
-1 -14 -13
-6 -11 -22
-8 -10 -25
-2 -19 -30
-14 -24 -30
-18 -19 -35
-23 -16 -42
-14 -16 -45
-11 -19 -54
-11 -26 -50
-11 -26 -46
-15 -24 -46
-11 -28 -57
-11 -29 -46
-11 -17 -45
-13 -21 -42
-8 -23 -41
-9 -23 -46
-11 -22 -38
-12 -20 -17
-11 -18 -20
-11 -14 -26
1 -5 -26
-7 -4 -21
-4 -4 -12
0 -10 -21
-10 -14 -16
-2 -13 -21
-15 -17 -18
-13 -9 -24
-9 -8 -23
-8 -19 -28
-3 -11 -31
77 56 45
81 72 55
86 82 69
82 96 69
71 99 67
71 82 83
51 74 69
20 53 59
12 20 57
-7 -3 30
-28 -11 -2
-30 -31 -11
-30 -42 -26
-45 -43 -42
-42 -51 -44
-41 -55 -41
-52 -48 -47
-54 -57 -54
-48 -71 -53
-51 -62 -57
-49 -54 -56
-33 -44 -43
-20 -21 -43
-4 0 -38
24 7 -12
38 29 -4
42 35 13
53 26 26
59 30 30
58 38 28
66 44 30
68 46 37
64 56 45
59 63 54
58 67 63
47 67 69
40 54 62
33 38 55
20 32 46
7 26 37
4 17 34
-2 9 26
1 13 18
-1 9 18
-6 8 15
-7 0 9
-8 -12 1
-10 -23 -14
-11 -28 -22
-12 -28 -31
-14 -26 -37
-6 -21 -40
8 -16 -37
25 -16 -32
17 -2 -25
36 3 -6
47 9 8
44 22 0
44 25 8
50 29 19
49 37 23
36 34 23
42 42 36
33 47 45
24 44 38
29 31 38
27 22 35
12 18 24
4 14 18
3 5 20
-2 -2 17
-6 -4 15
-8 -4 18
-16 -8 6
-17 -16 -2
-12 -30 -7
-16 -26 -6
-22 -24 -12
-15 -29 -14
-5 -26 -17
-7 -18 -18
2 -9 -9
1 -1 -9
4 5 -3
10 6 3
9 9 4
8 14 2
7 13 4
8 7 4
7 12 -2
2 15 5
1 14 3
-2 7 -4
-6 -2 -1
-16 -11 -7
-25 -18 -16
-34 -28 -13
-47 -43 -34
-54 -58 -45
-59 -68 -59
-59 -66 -69
-59 -72 -68
-47 -82 -75
-39 -72 -81
-36 -66 -78
-15 -65 -68
-11 -60 -62
-13 -46 -53
-7 -37 -51
4 -27 -33
13 -12 -29
20 -3 -22
34 9 -2
38 25 2
37 38 17
48 47 27
48 52 32
35 51 40
36 53 45
31 45 49
22 39 44
21 32 29
22 26 30
16 23 27
6 18 22
3 8 13
2 1 5
-4 -6 -2
-6 -10 1
-3 -14 -9
-2 -14 -14
-6 -19 -14
0 -14 -13
-1 -8 -15
7 0 -6
12 4 0
10 11 2
16 14 9
23 18 16
26 25 19
28 30 27
29 24 24
26 24 25
22 21 21
21 17 17
17 16 8
15 13 2
8 7 0
3 3 -4
-6 -2 -7
-4 -12 -15
-6 -19 -22
-9 -21 -24
-12 -23 -29
-14 -27 -29
-20 -26 -30
-8 -26 -34
-6 -20 -31
-3 -18 -26
0 -11 -20
9 -8 -11
6 -12 -10
7 -4 -3
10 0 -1
7 2 -2
4 5 2
9 5 -1
10 3 1
7 6 10
9 5 4
5 0 6
2 -1 0
1 -4 6
-5 -10 -1
-11 -12 -5
-10 -16 -20
-10 -19 -24
-7 -18 -25
-3 -19 -25
1 -17 -22
2 -15 -18
5 -14 -14
6 -11 -12
4 -2 -3
10 2 -5
18 11 -2
21 17 -3
28 24 6
30 26 10
36 30 19
39 37 21
31 41 29
32 38 33
31 38 34
28 37 29
30 40 26
24 37 27
17 31 26
12 24 31
11 18 18
6 6 11
-7 -5 2
-3 -14 -7
-12 -20 -21
-21 -29 -25
-23 -32 -34
-20 -34 -39
-18 -38 -34
-16 -34 -39
-17 -33 -31
-10 -30 -27
-4 -23 -30
0 -16 -29
-1 -10 -27
8 -9 -23
13 -5 -18
20 1 -11
13 5 -4
21 11 2
20 15 6
19 18 13
20 19 14
17 19 13
13 13 15
14 12 10
12 10 10
15 12 12
8 10 17
9 8 11
7 13 13
7 9 12
7 9 7
13 13 9
11 10 9
13 11 7
15 12 7
18 12 8
19 19 10
21 24 17
21 25 22
25 26 21
29 28 25
29 30 26
34 28 22
38 28 20
34 28 21
32 30 21
29 26 20
31 26 25
29 22 25
-22 -28 -33
-22 -25 -44
-22 -38 -41
-22 -42 -30
-28 -35 -31
-30 -36 -27
-34 -26 -36
-31 -26 -45
-23 -44 -42
-31 -56 -41
-34 -52 -37
-39 -55 -45
-33 -51 -50
-31 -41 -55
-36 -43 -65
-37 -58 -66
-40 -69 -68
-44 -76 -66
-38 -78 -59
-42 -69 -73
-49 -49 -68
-41 -47 -71
-34 -62 -70
-44 -70 -75
-46 -70 -77
-47 -74 -83
-46 -74 -79
-46 -65 -72
-47 -56 -63
-57 -52 -61
-50 -52 -55
-33 -55 -52
-38 -47 -45
-38 -37 -49
-34 -27 -42
-30 -35 -41
-22 -36 -41
-17 -35 -42
-26 -42 -51
-30 -38 -50
-33 -46 -51
-38 -49 -55
-44 -48 -64
-41 -48 -68
-38 -58 -68
-44 -52 -75
-56 -49 -78
-53 -54 -75
-46 -56 -74
-35 -58 -67
-34 -48 -67
-38 -41 -61
-45 -42 -62
-35 -43 -56
-30 -40 -62
-20 -42 -64
-18 -35 -55
-13 -25 -47
-9 -25 -45
-18 -17 -38
-27 -17 -40
-28 -30 -54
-19 -41 -60
-16 -33 -58
-22 -27 -54
-27 -29 -49
-31 -26 -41
-33 -29 -47
-25 -34 -53
-20 -30 -46
-16 -15 -40
-8 -13 -33
-6 -7 -24
-10 1 -20
-13 0 -23
-6 -12 -32
3 -6 -28
1 -8 -28
3 -4 -24
1 -8 -31
-9 -8 -37
-14 -9 -37
-14 -22 -46
-15 -30 -43
-23 -30 -42
-22 -37 -47
-29 -32 -44
-31 -33 -50
-25 -33 -51
-19 -39 -50
-12 -39 -46
-13 -37 -46
-9 -21 -45
-13 -25 -33
-20 -17 -35
-9 -12 -34
-3 -12 -40
-2 -9 -36
0 -17 -41
-8 -23 -49
-14 -22 -49
-15 -30 -46
-18 -30 -49
-18 -27 -54
-10 -22 -57
-7 -26 -50
-12 -27 -50
-14 -25 -42
-12 -19 -31
-7 -11 -32
7 -5 -34
5 6 -19
6 13 -13
9 6 -16
9 3 -12
11 -1 -4
10 -1 -4
17 13 -16
22 22 -19
27 14 -22
34 7 -20
22 -3 -11
7 -8 -19
2 -2 -34
7 -2 -42
1 -9 -47
5 -8 -57
8 -14 -57
2 -33 -61
-5 -39 -62
-13 -33 -51
-14 -16 -42
-15 -6 -21
-5 -4 -19
11 -3 -7
11 1 4
4 5 4
6 14 7
18 30 14
21 28 14
30 37 17
35 36 4
30 22 -2
26 18 -11
15 19 -21
10 17 -29
10 18 -29
21 12 -30
15 7 -28
6 -4 -25
-2 2 -31
-1 2 -16
7 6 -4
14 19 4
29 25 2
32 20 15
38 21 18
33 34 14
20 32 5
22 27 5
40 33 -3
39 28 -8
30 16 -6
23 13 -7
11 12 -20
-3 3 -21
2 -1 -21
4 -3 -28
2 -3 -28
7 -7 -11
6 -6 -9
3 9 -5
1 17 -2
11 17 3
21 17 6
20 22 -4
22 23 0
27 21 2
17 17 -10
18 18 -13
13 17 -14
12 16 -7
10 13 -11
8 9 -10
11 5 -12
9 5 -14
8 4 -17
8 3 -6
8 9 8
17 11 19
19 21 21
24 37 20
26 34 13
38 29 13
36 31 18
41 37 26
53 44 44
47 52 35
54 64 28
56 63 26
57 50 22
55 49 36
50 43 40
44 45 48
36 55 50
37 60 29
48 45 17
47 30 19
50 25 38
43 29 49
40 43 54
49 58 50
53 66 44
51 65 45
65 58 48
67 49 69
61 52 88
62 72 93
69 95 88
76 106 82
88 93 77
98 81 85
91 77 95
82 76 92
73 86 87
77 97 82
80 85 68
85 78 55
89 69 59
72 59 66
62 48 65
61 56 59
57 69 51
55 53 49
75 46 43
81 48 49
70 39 61
51 42 84
39 61 90
34 68 90
46 66 96
75 82 99
82 94 104
80 102 114
85 104 114
92 112 104
89 96 102
93 90 98
101 94 89
99 91 85
34 40 28
37 39 32
41 35 39
40 42 41
40 42 32
44 32 30
41 37 22
61 39 22
55 31 21
52 36 22
39 32 32
36 36 31
30 40 32
33 42 35
42 36 32
42 42 18
39 45 15
33 36 15
34 36 28
35 35 21
35 32 19
35 37 9
49 33 19
38 34 24
39 32 28
43 25 20
34 25 33
31 33 31
31 30 30
28 39 38
38 38 19
35 25 38
29 21 29
14 18 16
25 15 14
23 18 12
26 17 13
20 22 8
22 21 5
32 17 -2
25 19 -3
33 15 4
35 7 3
33 27 14
33 33 28
33 38 34
37 30 25
33 23 12
31 18 11
22 16 14
21 20 14
30 29 12
29 16 24
30 26 30
25 23 17
26 12 13
26 22 16
28 24 18
21 31 21
16 38 24
15 22 21
21 14 27
21 17 27
22 10 19
23 22 14
10 13 22
11 20 35
5 17 28
3 15 25
9 15 24
15 17 31
17 24 26
28 28 36
22 32 34
22 29 22
23 34 19
18 31 19
18 24 10
25 19 13
30 29 27
28 26 35
32 30 33
41 22 28
39 25 28
39 22 22
38 15 18
20 18 13
19 17 32
12 20 25
12 7 20
19 9 5
22 12 9
16 -1 2
9 -1 13
-1 14 27
-2 17 26
13 18 25
22 23 25
17 25 24
16 23 18
28 10 24
31 23 23
32 34 21
29 28 16
19 13 15
12 7 18
3 -1 19
4 -7 15
0 12 14
11 12 7
24 11 6
30 21 11
29 21 14
26 23 30
41 17 25
41 32 35
38 31 33
38 34 35
46 39 50
48 52 63
52 49 73
50 58 85
53 59 71
57 73 66
65 76 62
55 77 72
71 68 74
80 68 78
67 69 81
61 72 73
56 65 66
56 60 74
63 50 69
47 49 65
42 49 64
42 31 51
34 23 41
39 19 37
34 20 46
23 18 47
22 17 46
20 23 53
33 33 57
26 29 48
28 24 45
26 33 44
25 32 52
32 42 65
38 46 53
44 45 45
54 36 49
37 30 42
28 25 41
24 17 33
2 15 32
9 20 21
4 8 10
5 2 6
6 -20 -12
13 -19 4
-3 -21 2
-6 -15 1
-14 -5 5
1 -16 10
4 -14 13
5 -9 13
16 4 13
31 26 21
28 35 26
34 45 47
35 40 52
28 34 59
27 30 60
16 23 40
3 16 40
6 13 42
7 16 28
10 10 40
8 9 40
7 9 17
-1 2 -1
7 -2 13
6 -4 14
4 -1 -1
0 -6 -13
9 -8 3
12 -11 1
9 -1 11
-7 -1 18
-6 1 16
-9 -10 3
-13 -7 -12
-15 -27 -13
-7 -28 -14
-11 -26 -9
-7 -25 10
-17 -25 -1
1 -10 6
-1 -8 -9
-1 -4 -9
0 -18 -13
-2 -16 -20
-7 -18 -14
-12 -25 -12
-12 -18 -23
-8 -8 -17
6 -10 -6
1 -9 4
16 7 7
3 -5 20
5 8 34
1 16 27
19 20 28
18 26 28
23 25 31
22 18 24
29 8 35
16 1 20
19 9 23
2 18 22
9 10 25
13 4 24
8 -1 12
12 -6 9
5 -2 6
-3 -12 11
0 6 14
1 4 4
11 3 -6
9 -2 -7
9 -19 2
-5 -30 4
-19 -23 -8
-13 -24 -4
-11 -18 -11
-10 -12 -20
-9 -22 -15
-4 -13 -11
-7 -26 -11
-2 -13 -12
-6 -27 -9
-11 -27 -20
-14 -22 -31
-18 -38 -30
-24 -40 -26
-25 -44 -27
-25 -45 -33
-32 -42 -17
-12 -46 -35
-19 -30 -19
16 6 -5
21 30 -14
40 19 -2
27 3 4
24 22 4
34 36 2
24 29 -8
-7 5 -11
10 -14 -40
0 -21 -49
-15 -36 -59
-27 -37 -32
-39 -54 -17
-37 -32 -16
-29 -31 -20
-20 -27 -39
-7 -24 -39
-2 -21 -28
-6 -34 -12
-17 -26 9
-41 -18 -29
-38 -17 -40
-38 -18 -61
-24 -28 -90
-23 -65 -87
-30 -85 -94
-26 -58 -89
-40 -61 -77
-51 -52 -42
-63 -47 -62
-71 -69 -77
-73 -63 -48
-58 -48 -39
-51 -21 -8
-29 -17 -11
-19 -10 -12
-2 -14 -25
-4 -31 -29
-15 -32 -26
-4 -35 -42
19 -20 -28
21 1 -12
28 -2 2
23 21 -5
25 9 29
12 12 33
6 13 42
25 30 44
39 64 37
69 69 31
66 52 40
50 40 43
41 14 31
36 13 24
40 13 0
45 25 -20
46 28 -22
46 23 -25
39 9 -7
20 4 8
17 3 33
10 5 38
23 -2 15
26 27 -11
68 33 -16
58 10 -26
21 -25 -15
-8 -28 -11
-15 -41 -39
-3 -25 -47
-15 -15 -78
-4 -41 -92
8 -42 -93
1 -47 -86
-25 -71 -84
-54 -65 -31
-66 -51 2
-77 -51 3
-42 -46 -15
-37 -38 -55
-26 -18 -49
5 -11 -38
-6 -30 -12
12 -24 -17
-12 -6 -25
-11 -19 -1
-9 -20 -9
18 -9 -25
9 -8 -37
-18 -3 -29
-10 2 -35
-17 -7 -19
-12 -9 -6
-14 -1 7
-17 2 -7
8 3 -8
46 3 -4
42 -2 -9
28 11 -2
29 4 21
27 2 27
24 18 38
7 35 45
9 45 22
28 17 7
40 19 -11
24 17 -20
9 -10 -25
11 -1 -19
-21 3 -19
-12 -7 -12
-6 2 0
-1 -8 -17
11 2 -29
11 -16 -49
-31 -34 -47
-28 -47 -46
-61 -56 -58
-59 -54 -81
-72 -64 -89
-58 -62 -101
-57 -61 -79
-47 -55 -90
-44 -64 -95
-40 -62 -51
-35 -59 -74
-34 -49 -87
-31 -56 -86
-44 -64 -96
-77 -65 -102
-78 -70 -96
-74 -96 -110
-87 -88 -75
-73 -69 -83
-54 -47 -87
-38 -45 -79
-18 -52 -66
-9 -56 -50
-15 -40 -26
4 -32 -2
10 7 7
5 30 8
2 28 -10
-12 36 -18
5 21 -32
14 16 -34
8 0 -30
17 -14 -16
17 14 -12
-9 23 -39
-13 14 -42
-10 -7 -41
-21 -22 -38
-12 -33 -23
-11 -23 -20
-4 -11 -24
3 -12 -37
7 -5 -41
-7 -19 -47
-10 -39 -53
-33 -64 -54
-26 -61 -50
-42 -66 -78
-49 -58 -65
-43 -50 -75
-51 -56 -62
-47 -42 -63
-39 -52 -44
-12 -31 -61
-9 -33 -74
-13 -20 -70
9 -23 -62
-2 -23 -62
-42 -46 -91
-42 -58 -89
-33 -81 -99
-47 -90 -103
-32 -83 -115
-36 -54 -122
-19 -63 -107
-47 -51 -92
-56 -48 -50
-61 -41 -32
-61 -22 -17
-55 1 3
-8 26 1
18 29 -12
26 30 -28
25 18 -19
14 13 -19
10 14 6
17 24 28
38 45 19
45 68 20
50 58 0
44 57 -22
40 31 -20
6 21 7
-10 2 0
-11 10 25
4 30 25
28 41 20
35 40 -7
53 33 -2
30 33 8
46 19 20
49 37 51
41 55 43
56 63 45
60 87 14
50 56 -8
56 9 -32
22 -19 -46
-11 -45 -27
-10 -42 -14
-26 -33 -2
4 -11 -12
24 18 -22
25 34 -14
39 12 -30
40 5 -19
42 3 0
27 3 30
25 27 44
11 53 11
34 43 -20
22 27 -53
23 -17 -89
16 -59 -76
-4 -42 -61
-20 -43 -19
-27 -9 -17
-34 12 -6
-15 7 -12
13 -5 -37
12 -6 -28
12 -14 -36
10 -23 -14
-3 -10 7
11 7 16
17 29 -3
15 39 -42
25 26 -33
26 14 -15
41 8 -6
31 17 15
32 40 30
38 50 62
47 62 51
46 75 45
9 -28 -36
-7 -43 -46
-27 -43 -53
-34 -39 -57
-34 -38 -72
-30 -37 -70
-41 -60 -71
-51 -72 -88
-64 -70 -98
-68 -66 -101
-72 -68 -107
-68 -69 -110
-67 -87 -119
-80 -95 -137
-81 -104 -135
-81 -106 -126
-80 -97 -125
-84 -90 -132
-86 -91 -147
-97 -100 -140
-96 -117 -140
-94 -110 -151
-111 -107 -153
-96 -107 -152
-98 -116 -147
-105 -120 -148
-108 -131 -135
-103 -118 -134
-109 -104 -130
-88 -91 -119
-76 -79 -118
-80 -84 -85
-68 -82 -67
-47 -61 -71
-18 -49 -66
-20 -31 -54
-11 -31 -45
-5 -24 -28
9 -12 -24
28 0 -21
37 16 -13
49 19 -6
54 30 7
59 34 4
55 42 -1
62 36 -1
74 34 -7
67 31 -14
44 36 -17
34 23 1
37 22 -17
34 19 -29
17 26 -48
13 17 -40
16 13 -30
18 0 -20
12 1 -32
0 6 -44
9 7 -45
12 4 -40
5 7 -23
9 4 -14
-2 -3 -10
16 4 -9
12 13 -10
19 20 -11
40 26 -2
34 32 11
41 27 10
37 23 2
32 25 2
23 23 2
43 30 8
44 29 9
44 31 -2
25 30 -5
25 28 -6
47 26 -9
48 21 -16
54 36 -20
49 35 -6
37 25 0
39 20 -8
35 15 -20
39 22 -15
43 31 -7
50 34 5
40 27 -1
36 20 -8
35 12 -10
38 13 -7
46 17 -6
45 39 4
41 35 12
51 35 24
51 40 18
51 43 13
51 58 23
48 56 31
50 49 35
65 47 32
65 57 9
66 53 19
56 54 13
40 39 16
48 38 13
41 32 -1
43 30 -14
29 12 -22
28 -2 -25
9 -10 -36
-7 -17 -48
-14 -15 -52
-20 -33 -75
-25 -44 -82
-39 -56 -96
-48 -62 -93
-67 -62 -91
-65 -68 -97
-68 -75 -109
-84 -78 -118
-95 -80 -123
-97 -82 -107
-87 -73 -94
-77 -71 -84
-51 -62 -83
-43 -53 -67
-42 -38 -45
-27 -19 -24
3 -8 -5
30 17 -3
43 28 14
48 35 21
58 42 43
64 60 45
77 66 50
84 76 47
80 69 55
74 76 48
80 71 38
73 73 33
63 66 28
66 58 24
70 56 12
58 53 1
48 42 -1
49 41 3
52 38 -1
48 31 -1
44 16 -16
31 6 -18
24 7 -20
29 13 -9
41 6 -6
37 12 -6
30 4 -10
21 1 -1
17 -4 -7
29 4 -2
29 13 11
29 23 8
36 16 11
39 18 15
38 18 18
36 40 21
45 47 19
44 53 25
50 49 34
51 49 23
46 45 20
39 50 18
37 45 15
45 52 32
46 50 28
54 50 31
49 36 26
40 37 10
49 37 6
47 40 21
57 41 20
45 33 27
42 37 17
46 28 8
32 23 -5
36 12 5
35 9 3
23 5 5
25 5 1
19 9 3
30 8 5
39 16 19
45 32 22
48 43 36
47 51 32
44 44 42
52 55 29
70 56 33
66 65 37
61 57 30
50 42 25
45 36 19
34 31 13
31 35 2
32 34 -1
19 30 2
22 19 -2
25 4 -4
10 1 -24
10 -2 -32
-5 -10 -36
-11 -15 -30
-26 -23 -37
-27 -28 -43
-41 -29 -54
-46 -35 -55
-45 -44 -47
-37 -51 -42
-26 -51 -44
-13 -24 -31
-12 -24 -19
-17 -12 22
-11 -8 37
26 20 47
46 38 49
32 47 50
50 50 67
54 51 75
63 58 70
80 73 65
74 76 70
62 72 67
57 66 57
60 57 48
59 51 38
60 51 41
52 51 34
35 50 29
26 42 22
29 41 25
35 33 25
39 27 19
37 31 13
30 41 -7
24 9 -1
29 8 -6
15 0 -1
18 1 3
10 11 6
10 9 11
18 13 19
6 3 -14
1 1 -10
2 1 -22
1 6 -11
5 10 -15
6 6 -13
7 6 -14
7 0 -17
2 -1 -18
-5 1 -15
-9 -7 -24
-8 -10 -36
-16 -13 -43
-15 -16 -42
-25 -23 -46
-27 -31 -53
-28 -31 -53
-34 -40 -57
-44 -38 -50
-39 -43 -35
-36 -36 -19
-14 -26 1
16 -7 16
25 9 30
42 26 41
54 49 61
71 60 77
90 76 80
100 88 82
94 96 92
99 89 87
85 89 90
85 98 76
82 99 74
80 90 75
80 80 69
75 81 72
75 73 71
66 64 67
73 64 64
72 58 65
73 59 70
75 62 65
74 66 56
65 54 51
57 42 50
61 40 54
60 42 59
56 35 47
49 43 42
47 37 37
45 33 39
50 34 40
43 38 39
29 41 35
32 35 43
39 39 51
38 42 52
47 49 58
52 50 52
56 50 59
58 51 57
59 44 55
52 51 51
49 53 52
50 47 44
47 38 49
48 27 36
37 25 24
22 18 25
25 10 19
18 13 18
23 9 20
28 8 27
31 13 30
28 25 38
33 26 35
27 27 30
27 21 32
28 13 31
30 21 21
22 22 21
21 19 24
18 16 24
25 17 28
19 11 23
12 7 12
2 7 16
-4 3 10
-1 -3 10
0 -8 12
-3 -9 2
-10 -7 2
-3 2 6
9 3 12
14 2 16
7 5 18
9 14 23
19 17 28
18 15 21
25 16 23
27 12 21
18 10 26
13 13 25
21 12 17
25 16 22
18 17 20
17 8 24
15 7 5
4 -6 7
-7 -7 8
-6 -5 -10
-10 -12 -4
-15 -20 -10
-15 -28 -13
-21 -27 -19
-18 -23 -19
-19 -24 -22
-24 -24 -28
-30 -20 -18
-23 -31 -22
-32 -34 -23
-34 -33 -33
-35 -38 -47
-38 -35 -53
-50 -45 -61
-47 -52 -61
-51 -56 -69
-56 -56 -75
-70 -52 -72
-63 -68 -83
-72 -77 -89
-84 -86 -96
-97 -94 -105
-106 -94 -113
-98 -97 -99
-92 -104 -92
-82 -98 -84
-74 -97 -66
-56 -84 -52
-45 -63 -57
-34 -49 -45
-23 -38 -30
-12 -30 -7
8 -16 16
15 5 25
22 17 24
24 32 25
37 30 31
36 28 25
35 27 22
40 30 16
23 24 15
28 23 18
23 26 18
14 18 23
18 17 22
13 11 10
13 15 2
9 15 3
8 6 16
13 1 12
22 0 12
15 5 8
15 4 9
13 -1 -1
16 8 -2
6 -1 -2
-2 -6 -6
-5 -3 -9
-15 -3 -8
0 -6 -6
1 2 0
2 1 -2
-10 -2 -7
-7 -6 -9
-13 -8 -8
-8 3 -5
-8 -6 -4
-6 -10 0
-7 -4 -1
3 -4 -6
7 -9 -10
5 -13 -16
8 -12 -23
-2 -17 -25
-8 -21 -25
-6 -23 -20
-9 -14 -15
-14 -16 -20
-10 -15 -25
-5 -10 -25
-7 -13 -14
2 -11 -13
8 -11 -2
7 0 2
18 4 6
20 12 2
23 13 7
31 13 -2
31 17 10
34 20 10
29 28 9
25 31 26
26 21 23
25 23 19
22 13 8
16 7 2
13 10 4
12 7 2
10 2 8
11 -3 -1
1 -2 -5
4 -1 -10
6 -7 -2
3 -13 -3
7 -7 -10
4 -6 -8
-5 -11 -8
-1 -16 -7
-2 -10 -14
1 -15 -16
5 -18 -23
-7 -13 -18
-3 -10 -13
1 -8 -17
-2 -15 -16
-8 -11 -20
-4 -16 -18
-5 -16 -24
-5 -15 -34
-1 -20 -30
-11 -28 -39
-26 -28 -36
-25 -29 -34
-28 -31 -44
-33 -28 -40
-33 -37 -50
-36 -43 -47
-49 -43 -53
-41 -42 -51
-38 -46 -61
-48 -55 -68
-54 -58 -84
-60 -62 -89
-63 -70 -89
-68 -71 -89
-72 -75 -96
-78 -81 -104
-63 -73 -104
30 18 59
32 23 55
30 27 53
39 31 57
39 33 43
49 32 54
36 30 44
54 33 50
46 46 41
37 37 54
45 35 53
36 28 44
47 33 36
36 35 31
33 36 36
13 38 35
4 27 35
9 15 34
21 8 28
18 14 27
-1 10 12
7 -1 14
-3 -3 12
-2 -23 18
-8 -9 18
-14 8 5
-2 -4 7
4 -2 7
15 -10 5
8 2 3
16 -9 7
25 -9 1
25 -17 -5
19 -16 -10
16 -11 -6
4 -17 8
13 -6 3
7 -6 1
8 -4 9
-2 -1 11
8 -14 -4
7 -19 0
4 -19 -11
12 -15 -14
7 -23 -8
1 -17 2
3 -13 -5
-8 -14 4
-20 -7 -5
-19 -18 -14
-36 -31 -20
-36 -43 -22
-33 -42 -28
-31 -28 -26
-39 -31 -24
-37 -39 -22
-37 -33 -34
-38 -29 -32
-25 -43 -37
-28 -44 -41
-33 -43 -49
-41 -51 -39
-21 -43 -26
-28 -41 -24
-29 -31 -34
-31 -20 -30
-22 -35 -35
-34 -36 -38
-36 -41 -32
-50 -39 -44
-44 -39 -50
-34 -40 -37
-26 -35 -39
-7 -32 -27
-14 -16 -17
-7 -15 -18
-7 -8 6
7 -5 -15
17 -3 -6
25 -7 1
10 -2 -5
3 2 12
11 4 18
2 3 30
12 14 29
13 20 26
25 25 45
30 24 41
33 30 28
39 31 21
35 20 32
30 18 29
38 16 35
23 13 28
31 23 34
20 25 32
20 30 42
26 29 39
29 30 27
38 21 30
30 22 27
27 16 22
15 19 13
20 5 15
19 -3 6
-5 3 15
0 -8 13
-1 1 13
-13 1 13
10 16 13
16 25 29
11 18 25
21 12 12
13 17 13
15 13 10
11 -4 3
1 -12 4
-6 -13 -2
4 -7 0
13 -9 1
0 -10 7
-10 -3 -1
-18 -9 9
-23 -22 -9
-16 -13 -6
-7 -19 -21
-20 -10 -13
-17 -32 -23
-8 -39 -34
-10 -39 -25
-4 -32 -28
-15 -14 -31
-18 -27 -29
-17 -33 -18
-14 -24 -29
-25 -34 -38
-25 -28 -33
-28 -34 -44
-28 -39 -53
-34 -45 -50
-42 -49 -60
-47 -66 -68
-57 -66 -78
-66 -87 -93
-75 -74 -85
-61 -69 -89
-66 -78 -73
-62 -80 -91
-58 -76 -93
-50 -74 -87
-62 -72 -72
-74 -83 -84
-79 -82 -86
-93 -77 -94
-90 -81 -94
-81 -84 -104
-102 -78 -97
-82 -83 -104
-95 -82 -103
-88 -79 -94
-79 -63 -90
-72 -62 -70
-59 -61 -73
-46 -44 -69
-43 -44 -70
-39 -44 -67
-31 -43 -71
-34 -53 -68
-38 -57 -65
-51 -57 -63
-46 -52 -63
-45 -37 -67
-43 -51 -73
-41 -50 -76
-48 -58 -82
-43 -65 -67
-39 -60 -70
-31 -63 -65
-28 -57 -62
-29 -45 -58
-36 -38 -57
-23 -36 -51
-20 -29 -50
-19 -36 -30
-19 -17 -30
-13 -18 -30
-9 -14 -28
-3 0 -17
1 11 -18
-2 6 -16
7 1 2
26 6 2
21 11 19
36 18 2
36 34 8
35 22 13
37 32 1
31 23 2
37 23 12
36 26 18
19 26 32
41 38 25
37 41 33
46 48 25
54 40 17
73 50 27
62 41 40
82 48 47
69 55 55
74 57 48
58 62 45
66 44 40
65 33 29
52 28 28
43 31 23
35 30 29
34 29 22
42 32 25
37 24 24
42 25 16
30 21 7
42 34 9
27 17 21
20 4 15
15 7 4
-1 8 4
-9 7 -10
-11 6 -5
-15 -16 -10
-28 -32 -10
-7 -17 -14
-25 -24 -25
-23 -22 -23
-18 -24 -19
-26 -16 -20
-9 -4 -25
0 -10 -34
5 -20 -26
-3 -15 -22
-2 -9 -28
-13 -6 -25
1 -13 -36
-4 -16 -19
-9 -17 -40
-14 -14 -31
-27 -10 -25
-1 -14 -18
1 -13 -26
-2 -3 -10
6 4 -26
-44 -65 -34
-46 -57 -30
-39 -39 -26
-26 -39 -29
-20 -26 -27
-22 -16 -23
-13 -7 -22
-10 -6 -22
-8 -12 -17
-14 -29 -15
-21 -24 -16
-20 -23 -15
-25 -17 -14
-18 -45 -14
-26 -62 -14
-20 -52 -16
-26 -48 -18
-26 -57 -12
-26 -37 -17
-31 -34 -9
-20 -43 -8
-40 -37 -9
-17 -20 -2
-27 -37 -3
-16 -47 -5
-30 -32 -7
-20 -12 -13
-19 -33 -11
-29 -14 -11
1 -15 -11
-21 -31 -10
-28 -18 -13
-18 -14 -16
-25 -4 -14
-17 2 -14
1 -1 -16
-8 3 -15
-14 -13 -18
-10 -18 -24
-16 -8 -20
-24 8 -26
-19 0 -29
-20 13 -22
-12 -15 -28
-8 -11 -24
-15 -14 -27
-10 -8 -31
-11 -5 -21
-1 6 -23
5 21 -32
-2 4 -22
5 -14 -30
-12 -29 -25
-23 -15 -29
-24 -14 -26
-4 0 -25
-2 7 -26
-12 13 -30
6 -18 -21
-4 -23 -25
21 -29 -23
0 -8 -19
-2 0 -26
-7 -23 -27
-10 -34 -26
-21 -28 -27
-18 -43 -27
-35 -30 -24
-32 -22 -30
-10 -20 -26
-2 -4 -29
9 -30 -30
11 -55 -24
-15 -58 -23
-24 -49 -27
-38 -33 -14
-17 -16 -27
-5 -33 -24
-21 -20 -26
-30 -33 -26
-23 -62 -21
-26 -39 -18
-16 -2 -22
-4 2 -20
-11 3 -19
7 -4 -17
4 -25 -18
5 -30 -13
-4 -26 -16
-4 -27 -20
4 3 -18
8 20 -20
3 -10 -24
2 -36 -18
4 -33 -23
5 -34 -18
-5 7 -19
5 12 -17
10 5 -15
16 1 -19
16 -5 -21
-1 -35 -20
-25 -18 -23
-2 -3 -20
-12 3 -19
-4 16 -22
14 18 -20
7 9 -26
13 -1 -19
-2 6 -22
6 13 -20
24 23 -19
14 38 -18
33 25 -18
26 20 -23
12 20 -25
25 -7 -25
6 -15 -22
-6 0 -24
12 32 -30
21 48 -23
32 39 -18
20 27 -15
12 33 -19
27 39 -13
36 29 -20
55 64 -12
43 68 -7
47 73 -10
54 81 -9
48 75 -6
63 66 -10
45 55 -10
48 76 -9
55 91 -10
74 93 -1
79 107 0
73 97 0
72 96 4
70 96 -1
79 96 1
67 92 2
82 96 -2
70 96 2
66 91 -1
52 83 4
67 79 4
58 82 7
57 88 2
80 85 8
74 91 9
73 86 5
68 81 12
76 83 6
69 81 4
74 88 5
60 100 7
63 88 11
61 76 8
48 68 2
65 73 13
57 54 -2
63 51 9
49 51 5
41 57 6
41 41 12
35 25 5
43 30 7
41 16 13
66 29 5
68 23 8
60 45 15
69 46 12
57 66 14
77 75 13
63 59 14
66 54 17
64 58 15
51 74 15
47 47 15
46 40 9
59 63 11
42 47 11
62 50 13
61 71 18
65 85 25
58 92 24
57 109 25
64 125 21
55 121 32
68 114 26
66 106 18
65 110 34
65 101 25
61 90 28
52 92 29
32 70 26
46 49 30
40 60 26
56 63 28
49 71 31
52 69 26
74 88 33
63 82 36
68 57 36
64 72 39
52 77 36
62 65 35
62 60 38
81 73 37
74 70 34
70 45 34
83 55 40
76 58 32
74 67 45
87 89 39
84 83 49
88 71 40
74 76 42
95 73 40
105 75 44
110 69 44
121 89 41
97 114 37
90 89 47
92 57 34
88 54 54
83 53 45
80 70 46
59 62 47
75 79 45
68 66 44
58 75 52
78 79 54
52 48 52
82 55 56
85 83 58
80 70 48
61 62 41
60 53 37
54 25 38
41 9 41
54 33 42
36 25 53
34 22 45
44 67 45
39 82 45
30 53 47
26 60 38
50 98 41
15 55 30
15 57 22
12 57 24
13 56 20
13 57 21
14 49 19
15 55 16
15 61 18
14 56 20
15 57 18
17 47 25
18 52 20
16 65 17
17 55 20
19 52 30
19 51 25
16 47 24
16 46 27
16 43 19
13 37 20
10 33 15
11 26 13
10 23 9
13 41 9
13 36 19
14 36 13
15 45 18
14 49 23
19 43 14
20 51 17
15 48 23
19 42 25
16 44 18
18 58 26
18 62 22
21 60 21
22 73 20
22 68 25
21 67 26
20 81 26
21 83 25
22 79 29
24 66 19
22 64 21
24 67 22
23 62 24
19 58 29
21 60 33
22 58 32
22 70 19
25 74 15
24 71 24
25 68 26
24 63 30
25 66 30
24 62 30
25 62 27
22 53 30
25 42 21
24 43 22
21 42 26
21 38 26
18 37 27
25 50 25
30 48 25
32 54 32
29 47 31
31 36 34
30 30 33
32 34 26
31 41 31
34 37 23
33 40 22
32 36 23
31 36 20
31 40 23
29 39 28
29 35 22
30 41 22
29 40 23
27 31 25
29 32 21
27 32 16
30 31 23
28 19 23
28 25 25
26 32 29
26 38 26
27 41 31
27 45 39
24 45 36
25 38 36
24 42 32
22 34 35
21 38 35
23 50 37
28 46 41
29 40 37
25 33 43
23 32 41
23 40 43
23 40 37
23 47 33
25 30 36
24 20 38
24 33 33
22 36 29
25 39 37
25 38 36
25 40 31
23 47 34
21 34 33
32 40 36
36 45 29
26 45 34
25 46 42
33 32 30
31 51 30
30 46 33
29 38 36
34 37 36
34 27 34
31 31 35
31 42 32
32 37 40
35 31 34
38 30 30
33 24 33
30 23 33
31 30 37
30 25 33
28 33 33
32 34 41
29 39 42
33 42 37
34 47 40
32 55 46
33 50 52
30 48 53
29 54 52
29 48 58
30 46 58
27 49 55
28 36 56
27 36 54
28 33 51
25 27 46
26 28 45
23 13 48
23 13 44
25 19 47
28 14 46
28 25 50
28 26 55
27 30 58
30 25 57
28 24 59
28 26 52
27 17 54
29 13 44
26 11 39
23 9 40
23 12 44
23 18 46
22 11 41
23 18 46
24 23 45
22 24 47
26 21 50
24 25 50
25 26 46
24 21 47
24 19 42
23 12 46
22 16 46
19 13 47
22 9 47
22 7 45
21 13 45
21 14 49
21 21 48
23 19 51
25 24 54
23 32 55
19 32 50
20 34 54
21 24 51
22 24 47
21 15 52
21 8 44
20 16 46
19 23 45
21 21 41
22 26 40
19 27 36
19 20 37
20 13 38
20 14 40
18 13 46
16 21 44
18 20 40
17 14 38
16 17 39
16 18 39
13 9 38
16 9 43
18 13 42
18 1 41
18 2 40
20 -2 33
18 -5 39
16 -8 38
14 -10 36
13 -9 34
15 -15 34
12 -22 32
12 -15 36
14 -17 34
13 -20 30
14 -16 24
15 -21 29
16 -21 24
17 -18 31
14 -13 33
12 -14 30
12 -19 27
14 -13 26
12 -20 24
13 -22 23
9 -23 20
9 -15 13
6 -13 11
10 -18 13
9 -28 14
10 -24 10
9 -8 12
10 -10 21
10 -12 14
10 -19 15
10 -13 14
9 -18 17
9 -22 5
7 -22 1
6 -23 7
7 -19 0
5 -23 2
6 -23 -3
5 -26 -10
4 -30 -14
4 -32 -11
End
