0 0 1 0
716 11 11
4 11 8
11 4 10
10 10 11
11 8 8
8 10 8
8 8 11
8 11 11
10 11 11
11 11 11
11 8 10
10 11 11
10 10 11
4 4 11
8 11 11
11 11 11
4 8 11
8 8 11
10 11 8
8 11 11
8 10 11
8 11 11
8 10 11
8 8 11
10 11 11
10 11 11
10 10 11
8 11 11
10 11 11
11 11 10
10 4 11
8 4 10
8 10 11
11 11 11
11 11 10
11 10 11
8 10 11
11 11 11
10 8 11
8 11 11
8 8 11
4 11 4
4 8 11
8 4 10
4 11 11
8 11 11
10 11 11
11 8 11
8 10 11
8 11 11
11 8 11
4 11 8
11 11 11
11 11 8
10 10 11
8 11 8
10 11 11
11 11 11
4 11 11
8 11 10
11 11 8
10 10 11
11 10 11
11 11 11
10 11 11
11 11 10
8 11 11
8 11 11
11 11 11
10 8 11
8 11 11
8 11 11
8 8 11
10 10 11
11 11 10
11 11 11
8 11 11
8 11 10
4 10 11
11 11 11
11 11 11
8 11 11
10 8 11
10 11 11
11 10 11
11 10 11
11 4 11
11 8 11
4 10 11
10 11 11
11 4 11
8 11 11
4 10 11
8 11 4
11 11 11
11 11 8
11 11 11
8 10 11
11 8 11
11 11 11
11 11 11
-4 11 11
11 11 10
10 11 11
10 11 11
8 11 11
10 11 11
8 11 11
8 11 11
8 11 11
8 11 8
11 11 11
11 11 11
11 11 11
10 11 11
8 11 11
10 11 11
10 11 11
11 11 11
11 11 11
8 11 11
11 11 11
11 11 11
11 11 11
11 11 11
10 11 11
11 11 11
8 11 11
11 11 11
11 11 11
11 11 11
11 11 11
11 11 11
11 11 11
11 11 11
8 11 11
11 11 11
4 11 11
4 11 11
4 11 11
11 11 11
11 11 11
11 11 11
10 11 11
-4 11 11
8 11 43
11 11 43
11 11 11
11 11 11
11 11 11
8 11 11
11 11 11
11 11 11
10 11 11
8 11 11
11 11 43
8 11 11
10 11 11
11 11 43
11 11 11
10 11 11
11 11 11
11 11 43
11 11 11
10 11 43
11 11 60
10 11 11
11 11 60
8 11 11
11 11 68
11 11 11
11 11 -213
11 11 43
10 11 43
11 11 51
11 11 43
4 11 60
11 11 11
11 11 43
11 11 68
10 11 60
11 11 60
11 11 51
11 11 11
11 11 43
11 11 51
11 11 68
11 11 43
11 11 43
11 11 43
11 11 11
11 11 43
11 11 11
11 11 60
11 11 60
11 43 11
11 11 43
11 11 43
11 11 51
11 11 51
-45 -20 8
-20 -20 -4
-20 -20 -4
-17 -20 -20
-20 -20 -4
-19 -20 -4
-20 -20 4
-20 -20 -4
-20 -20 4
-20 -20 8
-20 -20 -4
-20 -20 8
-20 -4 10
-20 -20 4
-20 -20 4
-20 -20 4
-19 -20 -4
-20 -20 -4
-20 -20 4
-20 -20 -4
-4 -20 -17
-20 -20 8
-20 -20 4
-20 -17 4
-20 -20 4
-20 -20 -4
-20 -20 -4
-20 -20 -4
-20 -20 -4
-20 -17 4
-20 -20 -4
-20 -20 -4
-20 -4 -17
-20 -4 -4
-19 -20 -4
-19 -20 -4
-20 -20 4
-45 -20 -4
-17 -4 -4
-20 -20 -17
-20 -4 -4
-20 -20 -4
-20 -19 -17
-4 -19 4
-19 -20 -4
-4 -20 -4
-20 -17 -20
-20 -20 -4
4 -20 -20
-20 -20 -20
-4 -17 -20
-4 -4 -20
-17 -4 -4
4 -4 -19
-4 -4 -20
-20 -4 -4
-4 -20 -4
-19 -17 -20
-4 -20 -4
-4 -4 -20
-20 -20 -20
-4 -19 -20
-4 -20 -19
-4 -4 -20
-4 -4 -20
-4 -4 -20
-20 -4 -4
-4 -4 -20
-19 -20 -20
-4 4 -19
-17 -4 -20
-20 -20 -20
-4 -19 -45
-17 -20 -20
4 -17 -45
4 -20 -20
-19 4 -20
4 4 -20
-20 4 -20
-17 -4 -19
-20 -4 -20
-4 -4 -20
-4 8 -20
-19 -4 -20
-19 -4 -20
-20 -4 -20
-4 -4 -20
-4 -4 -20
-4 4 -20
-4 -4 -20
4 10 -20
-4 -4 -20
-4 4 -17
-4 -4 -20
-4 4 -20
-4 4 -20
-20 -4 -17
-20 4 -20
-4 8 -20
-4 8 -20
11 11 10
11 11 11
11 11 8
11 11 10
11 11 11
11 11 11
11 11 8
11 11 11
11 10 10
11 10 11
11 11 8
11 11 11
11 11 8
11 10 11
11 11 10
11 11 11
11 11 11
11 11 11
11 11 11
11 11 4
11 8 8
11 8 11
10 11 11
11 11 4
11 8 11
11 11 11
11 8 11
11 11 4
11 11 10
11 10 11
11 11 11
11 10 11
11 10 11
11 11 11
11 8 11
11 11 11
11 11 11
11 11 11
11 11 11
11 11 8
11 11 11
11 11 11
11 10 11
11 11 11
11 8 11
11 11 11
11 11 10
11 10 11
11 11 11
11 11 11
11 11 11
11 11 11
11 11 11
8 11 11
11 10 11
11 11 11
11 11 11
11 11 11
11 11 4
11 8 4
11 11 11
11 11 11
11 8 11
11 11 11
11 10 11
11 11 11
11 11 8
11 11 10
11 10 4
11 11 11
11 11 11
11 11 11
11 11 11
11 11 11
11 11 10
11 11 11
11 10 11
11 11 11
11 11 10
11 10 4
11 10 11
11 11 11
11 11 11
11 11 11
11 11 11
11 10 11
11 11 10
11 11 11
11 11 11
11 11 11
11 11 11
11 10 11
11 10 8
11 11 11
11 10 11
11 11 4
11 11 10
11 11 8
11 10 11
11 11 11
8 -20 4
8 -19 -4
4 4 -19
4 -4 -4
4 -4 -19
10 -4 -4
4 4 -19
4 4 -20
8 4 -4
4 4 -4
4 -4 -4
8 4 -4
8 4 -4
8 4 -4
11 4 4
4 8 -4
8 4 -4
4 4 -17
8 4 -4
8 8 8
-4 8 10
8 4 -20
10 8 4
8 8 4
8 4 -4
10 4 4
8 -4 4
11 8 4
10 8 8
4 4 -4
11 4 4
11 8 -4
10 8 4
8 8 8
11 4 -4
4 8 -4
10 4 4
8 4 -4
11 11 8
8 8 4
11 10 4
11 8 4
8 8 4
10 4 -4
10 8 4
11 4 -4
11 8 10
10 4 4
11 4 -4
11 11 4
8 8 -4
10 4 4
4 8 -4
8 4 4
8 8 4
10 11 8
11 10 -4
11 10 -17
11 8 -4
8 11 -4
11 10 4
8 11 -4
10 4 -4
11 8 4
10 8 -20
4 10 4
4 8 4
11 10 11
11 4 -4
10 10 10
11 8 8
8 4 -4
8 11 8
4 4 4
8 8 -19
11 8 -4
8 10 10
11 4 11
10 8 -19
10 10 8
11 10 8
-4 4 -4
8 8 8
4 4 11
8 10 -4
10 10 -4
4 11 4
8 10 -4
10 8 11
8 10 8
11 8 -4
10 11 8
8 11 8
8 11 -4
8 11 4
4 -4 8
11 8 10
10 11 8
8 11 11
11 10 4
8 10 8
11 4 11
8 11 10
8 10 8
4 8 8
8 8 4
11 8 8
11 10 8
8 11 11
8 4 4
11 11 11
8 4 11
4 8 8
4 8 11
11 8 11
4 8 8
4 11 10
4 11 8
8 4 8
11 8 4
4 11 4
8 10 11
10 8 4
-4 11 11
4 10 11
10 11 10
10 11 8
10 10 4
4 8 8
11 11 11
10 11 8
8 11 11
4 8 11
4 8 10
11 8 11
10 11 8
8 11 8
8 8 11
11 11 4
8 10 8
8 11 8
8 11 11
8 8 11
4 11 11
4 11 11
11 11 8
10 11 10
4 10 11
11 8 11
10 8 11
11 8 11
8 8 11
4 8 8
4 8 11
11 10 11
4 11 11
11 11 11
10 11 11
8 11 11
10 11 10
-4 10 11
11 11 11
8 10 11
10 10 4
4 11 4
8 4 11
11 11 -4
11 8 10
11 11 11
11 8 10
11 8 4
10 11 8
11 8 8
4 10 11
8 -4 11
11 11 11
8 11 11
11 10 11
-4 11 4
10 10 10
8 11 11
10 11 8
8 10 11
11 10 8
11 11 8
8 11 10
10 8 8
10 8 10
4 4 4
8 11 4
4 11 10
10 8 11
11 10 8
8 11 8
8 11 4
4 11 11
11 8 10
11 -4 8
11 8 11
11 4 11
11 10 11
11 11 11
11 4 11
11 11 10
8 11 4
11 4 10
11 8 10
8 11 11
8 11 4
8 11 4
8 11 11
8 11 8
4 10 11
11 8 4
11 4 4
11 11 11
8 10 8
8 10 10
10 8 8
11 11 -4
8 11 11
8 4 8
4 4 11
4 10 8
10 8 11
4 11 4
11 4 8
8 4 11
11 11 11
11 10 4
-4 8 11
8 4 4
11 10 4
8 11 10
8 10 11
4 4 8
8 8 11
11 11 11
11 11 10
8 11 11
11 10 11
10 11 11
8 11 10
8 8 11
8 11 10
8 4 8
4 11 11
4 4 8
8 4 11
10 8 11
-4 10 8
8 11 11
8 11 10
10 11 4
8 11 11
8 10 11
11 11 10
10 11 11
11 11 11
10 8 11
8 8 11
11 10 11
10 8 8
10 8 11
11 11 8
11 8 11
11 11 8
11 10 8
11 8 4
4 11 10
11 8 11
11 8 11
11 11 8
10 10 11
11 11 11
11 11 8
11 10 11
8 10 8
11 11 8
8 11 -4
8 8 8
8 11 8
11 8 8
10 11 10
11 8 11
11 8 8
11 8 4
4 10 8
11 8 11
11 11 10
8 11 11
11 11 11
11 11 11
10 11 4
8 11 -4
11 4 10
11 8 4
4 10 11
11 8 8
11 8 11
11 11 11
11 11 11
8 11 11
10 11 11
8 11 10
11 11 4
11 10 11
11 11 11
11 11 11
11 11 11
10 11 11
11 8 11
11 8 8
11 11 8
8 10 11
8 11 4
11 11 11
11 11 11
11 11 11
8 11 10
11 11 11
10 10 11
11 11 11
10 11 11
11 4 11
11 11 4
11 11 10
4 8 11
8 11 10
10 4 11
11 10 8
11 11 4
11 11 11
11 10 11
8 11 11
8 10 11
10 11 8
11 10 10
11 10 11
10 11 11
11 11 8
11 8 10
11 8 11
11 10 11
8 11 11
11 11 11
8 4 11
11 11 11
11 11 11
11 8 11
11 10 11
11 11 11
11 10 4
8 10 11
10 10 11
11 11 11
11 11 4
11 4 8
11 11 11
10 11 8
11 11 4
11 11 11
11 4 11
11 10 11
11 11 11
11 10 8
8 11 11
11 10 11
8 10 11
8 11 10
11 11 11
10 11 11
10 11 11
11 10 11
11 11 4
11 10 11
11 11 11
10 11 10
11 10 8
11 11 10
8 11 11
11 11 11
11 11 11
11 8 11
11 10 10
11 11 11
11 11 4
11 11 11
11 8 11
10 11 8
11 11 8
11 4 11
11 11 11
11 11 11
8 11 8
11 10 11
11 11 11
11 11 11
11 11 8
11 11 8
-4 8 8
8 -4 8
8 8 11
-4 4 8
4 -4 11
4 4 8
10 8 4
8 8 10
-4 4 -4
4 8 4
11 8 10
8 4 4
10 4 8
8 4 4
8 8 -4
4 11 4
8 4 4
4 -4 10
10 -4 4
11 8 8
4 4 8
10 8 8
4 4 -4
10 8 10
11 8 4
-4 4 8
8 -4 11
8 4 8
11 -4 4
4 8 8
8 10 4
8 8 -17
8 8 8
10 4 11
10 4 11
8 -4 4
4 4 11
4 10 8
11 8 4
4 4 4
4 -4 4
11 8 10
8 4 10
10 4 11
8 4 11
10 -4 4
4 4 -4
8 4 10
4 4 8
4 8 8
10 -4 10
8 10 10
10 10 8
11 -4 4
11 8 -4
4 4 8
8 8 4
8 8 10
11 8 8
-4 10 -4
11 -4 4
11 8 -4
4 4 -4
11 10 4
8 10 -4
8 10 8
11 4 -17
8 10 10
11 8 10
11 10 4
11 4 11
4 4 -4
11 8 -4
4 4 -4
10 8 4
10 8 -4
4 8 8
10 8 10
8 8 -4
4 4 4
11 10 4
4 11 8
8 11 4
10 11 4
4 10 8
8 10 -4
4 8 4
8 -4 4
11 8 8
4 8 4
-4 4 4
8 4 -4
8 4 8
4 8 4
4 10 10
10 8 8
10 8 4
8 11 8
10 4 4
-4 8 -4
8 8 11
10 11 4
11 10 8
4 11 10
11 11 11
4 10 10
8 11 4
10 11 11
11 11 4
4 8 11
10 11 4
11 4 10
11 8 11
8 8 11
4 10 11
8 11 10
8 10 8
4 8 11
11 11 10
11 8 11
8 10 10
8 4 8
-4 4 4
10 10 10
11 8 4
8 4 8
11 4 11
8 11 4
10 4 11
8 4 10
11 10 10
10 8 11
11 10 11
11 -4 8
11 8 8
11 8 11
11 -4 11
11 8 10
11 4 -4
8 4 11
11 10 10
4 4 11
11 -4 11
4 10 11
10 8 10
11 8 11
11 4 11
11 4 11
11 8 4
11 4 10
11 8 10
10 4 8
8 11 10
4 8 11
11 8 4
11 10 8
11 4 4
8 8 11
11 11 4
11 -4 11
11 8 11
8 8 8
8 11 8
11 11 11
8 4 11
11 8 4
10 8 11
8 8 11
10 10 10
11 8 4
4 10 10
10 8 4
11 10 4
11 4 8
11 4 10
11 8 4
11 8 4
8 8 11
11 11 10
10 11 8
11 8 11
11 4 4
11 -4 8
8 4 10
8 4 4
8 10 11
10 8 11
11 10 11
11 8 11
10 11 -4
10 10 4
10 4 4
4 10 4
8 4 4
10 -4 8
10 4 8
10 4 4
8 8 4
11 -4 4
10 4 -4
10 8 11
8 11 11
-4 11 11
4 10 11
8 4 11
8 10 11
-17 8 11
11 11 8
8 11 4
4 11 10
10 11 11
11 10 4
4 8 4
10 8 8
11 11 8
11 10 11
11 10 -4
10 11 10
4 4 4
11 8 8
8 10 11
4 8 8
11 11 11
8 8 11
8 4 11
8 10 11
8 8 11
10 11 11
4 8 11
4 11 8
8 11 11
11 8 11
11 10 10
11 8 11
8 8 10
10 4 11
8 8 11
4 10 11
11 10 11
4 11 8
4 8 10
11 11 10
8 11 10
11 10 -4
-4 10 11
4 8 11
11 10 11
8 4 11
10 10 11
-4 11 11
11 10 8
8 4 10
10 11 11
11 8 11
10 11 11
4 11 8
4 11 11
11 -4 11
11 8 11
8 11 11
4 11 11
4 8 11
4 11 11
8 8 -4
10 4 8
8 11 8
8 11 11
4 8 8
4 4 11
8 11 10
8 11 10
8 10 4
8 11 10
4 4 11
10 11 11
10 8 11
8 8 11
11 10 11
8 8 11
11 10 11
8 8 -17
8 8 11
10 -4 8
8 8 11
4 11 11
11 11 11
8 4 4
8 8 8
4 8 8
11 8 11
8 11 11
11 11 8
11 8 11
11 11 11
8 11 10
4 4 8
8 4 8
11 11 10
11 10 11
11 11 4
4 11 10
4 10 4
10 10 10
4 8 8
4 4 4
8 11 11
10 4 11
4 11 8
-4 8 8
-4 8 4
4 4 11
10 11 11
8 4 8
10 11 11
4 4 4
8 -4 4
4 11 11
10 8 11
8 11 8
10 8 11
11 8 11
8 10 10
-4 11 11
8 11 4
4 4 10
8 10 -4
8 4 11
4 8 -4
10 4 10
10 11 4
8 4 8
4 11 8
-4 4 11
10 10 11
8 8 11
8 11 -4
4 8 8
11 10 8
11 8 10
8 8 10
8 8 11
10 8 10
8 8 8
8 4 8
8 4 4
8 11 11
8 4 8
8 8 8
11 11 8
8 10 10
8 8 -4
8 11 8
8 4 10
4 8 8
-4 11 8
-4 4 8
10 4 10
8 11 4
11 8 11
8 8 8
8 11 11
8 11 -4
8 4 11
4 11 8
8 8 11
8 10 11
10 11 4
10 11 11
10 4 8
4 8 11
11 4 10
8 8 11
11 4 4
10 8 11
10 8 4
11 11 11
11 10 11
11 8 11
11 11 8
11 8 11
11 11 11
11 11 11
-4 11 4
11 11 4
11 8 11
11 4 11
10 4 11
11 10 4
11 8 11
8 4 11
11 11 4
4 11 10
10 11 -4
11 4 11
11 4 11
11 4 10
11 -4 4
10 4 11
11 11 4
8 4 11
10 10 8
11 10 4
10 4 11
10 8 4
8 4 4
8 -4 11
11 4 10
10 10 4
11 11 8
8 4 11
10 11 11
4 8 -4
11 10 8
10 8 10
11 10 8
11 10 11
11 4 4
8 8 -4
11 10 11
10 4 11
11 4 10
8 8 8
11 11 4
8 11 8
11 11 11
11 10 11
8 11 10
10 8 8
10 4 11
4 4 4
11 10 11
10 11 10
4 10 11
10 8 10
10 4 10
11 4 11
10 4 4
10 4 8
10 8 -4
11 8 11
10 11 11
10 10 4
8 10 8
11 8 4
10 11 8
11 11 10
11 11 11
11 8 8
11 4 10
11 4 4
11 8 4
11 8 4
10 8 -4
8 8 11
11 8 11
8 8 10
4 4 11
11 8 10
10 10 11
11 8 11
11 8 4
10 4 8
8 11 4
11 11 8
8 8 11
11 10 8
11 -4 10
11 10 4
10 4 4
8 4 8
8 11 11
11 11 8
8 8 10
11 4 4
11 10 10
11 11 11
11 4 8
11 -4 11
11 11 4
11 11 10
11 11 10
11 10 11
11 10 11
11 10 10
11 10 8
11 8 4
11 4 11
11 11 10
11 8 4
4 8 10
11 8 8
8 11 11
11 8 11
11 10 11
10 11 11
10 8 10
8 4 8
11 10 4
8 8 11
11 11 11
-4 4 11
-4 8 11
8 -4 11
11 10 8
8 4 10
-4 -4 8
8 11 11
4 10 11
-4 8 11
4 -4 11
8 -4 10
4 4 8
8 8 8
4 4 11
-17 -4 10
4 -4 10
11 4 8
4 4 4
8 4 4
8 10 8
10 4 8
10 8 11
8 8 11
4 8 11
4 8 8
4 4 8
10 11 11
8 4 -4
4 4 8
4 10 10
10 4 11
4 4 10
8 4 8
-4 -4 11
4 4 11
4 8 4
-17 10 11
8 8 10
8 4 11
4 4 8
4 -4 8
8 4 4
8 4 11
11 4 10
10 4 10
-4 4 11
8 8 10
8 11 11
8 8 10
4 4 11
8 4 11
10 11 4
10 10 11
10 10 11
4 10 10
8 10 11
-4 4 11
8 10 8
4 4 11
4 -4 11
4 8 8
4 8 11
8 4 11
8 4 4
-4 4 11
4 8 11
8 4 4
8 4 11
-4 4 8
11 4 11
8 10 11
4 4 -17
4 4 4
4 -4 8
10 -4 10
4 -4 11
4 4 -4
4 8 8
4 8 10
10 8 4
-4 8 4
-4 11 8
4 8 4
11 10 -4
8 8 4
8 4 10
8 4 4
-4 10 4
8 8 8
4 8 10
4 8 8
10 -4 10
-4 11 4
4 11 4
4 4 -4
11 11 8
11 4 -4
10 8 11
11 11 -4
10 -4 8
8 10 11
8 8 8
4 11 10
-17 11 11
10 10 11
8 11 -4
11 4 10
10 -4 11
11 10 11
11 11 -4
8 8 10
8 11 8
4 8 11
10 11 8
8 11 4
10 10 4
8 11 11
11 10 8
11 11 8
10 11 10
10 11 4
8 10 8
11 8 8
8 4 8
10 8 11
8 11 8
11 4 11
8 10 11
8 8 11
4 11 -4
10 8 8
8 4 -4
8 10 4
11 8 10
11 11 11
11 10 11
10 8 4
10 11 10
8 11 11
4 11 11
-4 11 11
8 11 10
11 11 11
8 11 11
4 11 -4
11 11 8
11 11 4
11 11 10
11 11 11
10 11 10
8 8 4
8 8 4
8 11 8
8 11 11
8 11 8
8 11 4
11 11 4
8 11 8
11 11 4
10 11 8
10 8 10
11 11 10
4 10 10
10 10 8
11 10 8
8 11 8
8 11 -4
4 11 4
10 11 4
10 8 4
11 11 -4
11 8 8
4 4 11
11 11 4
4 8 10
8 4 -4
10 4 8
8 10 11
10 8 -4
11 4 8
8 8 8
10 8 -4
10 10 11
11 11 4
8 10 8
10 4 8
11 8 4
10 4 10
4 10 8
8 4 8
8 8 4
8 -4 -4
11 10 -19
10 10 -4
11 11 4
11 4 8
10 10 -4
8 8 -4
11 8 4
11 10 -4
11 11 11
11 11 8
11 11 10
11 10 11
11 11 11
11 11 10
11 11 10
11 10 11
8 11 11
11 10 11
11 11 11
11 10 11
8 11 11
11 11 11
4 10 11
10 11 11
10 11 11
10 8 11
11 11 10
10 11 11
11 11 11
11 4 11
11 11 11
8 11 11
11 8 11
8 8 11
10 11 10
11 11 11
11 11 11
8 10 11
11 11 11
11 11 11
10 11 11
11 11 11
11 11 8
11 11 11
11 11 11
11 11 11
8 11 11
11 11 11
11 11 11
11 11 11
11 10 11
10 11 11
10 8 11
11 11 11
8 11 8
8 11 11
11 11 11
11 10 11
11 11 11
11 11 11
8 10 11
11 8 4
11 11 11
8 11 11
10 8 11
10 11 11
8 10 11
11 4 11
8 11 11
10 11 11
11 8 8
11 10 11
11 11 11
11 4 11
11 10 8
11 11 11
11 11 8
11 11 11
11 11 11
11 8 11
11 10 11
11 10 11
11 11 11
11 11 11
11 11 11
10 11 11
11 11 11
11 11 11
10 10 11
11 11 11
11 11 11
11 10 11
11 11 11
11 11 11
11 11 10
11 11 4
8 11 11
8 11 8
11 11 11
11 11 10
11 11 10
10 11 11
10 10 10
11 11 8
11 11 11
11 10 11
11 11 8
11 8 10
11 11 11
11 11 11
10 11 10
8 11 11
8 10 11
4 11 8
11 11 11
10 11 4
10 10 8
8 11 8
8 11 11
8 11 8
11 11 11
4 10 8
4 8 11
8 -4 11
-4 11 11
11 11 8
10 8 8
11 11 4
10 11 11
8 8 11
4 4 4
10 10 4
11 8 10
8 4 10
11 4 11
10 8 8
8 8 8
11 10 11
4 10 11
11 4 11
8 -4 11
11 10 4
8 8 11
11 11 4
4 4 11
4 8 8
-17 8 10
11 8 8
4 8 11
4 8 8
4 4 11
8 8 8
4 10 11
10 11 11
8 8 8
10 8 11
8 8 8
-4 4 11
11 8 8
8 11 11
8 4 10
4 4 4
10 10 11
11 10 11
8 10 11
8 11 8
11 10 11
10 11 8
4 4 11
-4 10 10
11 8 8
8 8 -4
11 10 4
11 10 4
4 8 11
8 11 11
-4 11 4
4 4 4
10 4 8
11 11 4
8 10 11
8 10 11
4 4 10
11 8 10
8 4 8
11 4 11
11 4 8
8 10 11
10 -4 10
8 8 -4
4 10 11
11 8 11
-4 8 8
11 4 4
8 10 8
4 4 8
11 10 11
-4 4 8
11 4 11
10 10 10
4 11 8
4 8 11
4 11 11
-4 10 4
4 4 4
10 4 10
10 4 4
4 11 8
10 4 11
11 11 4
8 4 8
11 8 11
11 11 -4
8 11 4
10 4 8
10 8 4
8 8 11
8 8 4
8 8 8
8 4 8
11 11 11
11 8 4
4 8 11
11 8 11
10 11 10
11 11 10
10 11 8
4 11 11
11 11 8
10 11 4
11 11 8
11 11 10
11 11 10
11 11 10
11 11 11
11 8 8
8 10 11
10 11 10
11 8 8
11 11 11
11 11 11
10 11 10
11 11 11
8 11 11
11 11 11
11 11 8
10 11 11
10 11 11
11 11 11
10 10 10
11 10 11
8 11 11
8 11 11
11 11 4
8 10 11
11 11 11
10 10 11
11 11 11
11 4 11
8 8 11
11 8 11
11 11 10
11 11 11
4 11 11
11 11 4
11 11 11
11 11 11
4 11 11
11 11 10
11 11 11
11 11 11
10 11 10
4 11 11
8 11 11
8 11 8
11 11 11
11 11 11
4 11 8
8 11 11
10 11 10
10 11 11
11 11 8
11 11 11
11 11 11
11 11 11
11 11 11
11 11 11
11 8 11
11 11 11
11 11 10
11 11 11
11 4 11
11 11 10
8 11 4
11 11 11
8 11 11
11 11 8
10 8 11
10 11 10
10 8 11
8 11 4
11 10 11
8 11 11
11 8 11
11 8 11
11 11 8
8 11 11
11 4 10
8 -4 8
8 -4 8
11 4 -20
8 4 4
-4 -4 8
4 4 4
8 -4 4
4 4 11
4 8 11
-4 4 -4
4 -4 10
4 4 8
8 4 8
10 4 4
11 4 -4
4 4 4
8 -4 8
-4 8 4
10 -4 4
4 4 8
4 10 10
-4 4 11
10 8 4
4 -4 11
4 4 10
11 -4 4
8 4 10
8 -19 10
8 4 -4
8 4 8
-4 8 8
4 -4 11
-4 10 8
8 11 4
8 8 10
-4 4 8
-4 8 -4
4 -4 10
8 10 4
4 -4 4
-4 -4 -4
-4 8 8
4 8 10
11 -4 -4
4 8 11
4 4 4
4 4 4
4 -4 8
4 4 10
4 4 8
11 11 10
-4 10 4
8 8 8
-4 4 4
4 -4 8
8 11 8
8 8 11
8 -4 4
8 10 4
4 -4 10
10 -4 4
4 10 4
8 4 11
8 -4 11
-4 4 10
4 -4 4
11 4 11
8 -4 4
11 4 10
11 4 10
8 4 4
8 4 -17
11 4 -4
11 -4 11
8 -4 4
8 11 8
4 4 11
4 4 8
8 4 -19
-4 -4 4
4 4 10
8 4 8
11 -4 8
4 4 4
11 4 -4
11 4 8
11 4 -4
10 -4 4
10 4 4
4 4 4
8 11 8
4 8 -20
4 8 4
10 4 4
10 8 4
-4 -4 4
8 10 11
4 10 10
4 8 10
10 8 11
11 11 10
8 4 8
10 8 11
10 4 10
8 11 11
8 8 4
8 8 -4
10 10 11
8 4 8
10 11 8
8 10 4
11 10 -4
10 11 4
11 11 10
11 4 -4
11 10 4
8 8 -4
11 11 8
4 11 4
10 8 10
11 8 8
11 8 11
8 8 4
8 11 8
11 11 4
10 8 11
11 11 11
11 4 8
11 11 -4
11 8 4
11 4 8
11 11 8
11 4 10
11 11 4
11 11 8
10 11 8
11 8 -4
11 11 -4
11 10 4
10 11 4
11 11 8
10 8 4
11 4 8
8 8 4
11 4 4
8 -4 4
10 4 11
4 11 8
8 4 8
-4 8 8
11 11 8
4 4 8
10 10 10
4 11 10
11 11 8
8 11 11
4 4 4
11 8 4
10 8 8
8 8 -17
11 4 8
-4 4 8
11 8 11
4 8 8
4 10 8
11 11 8
11 4 11
8 11 10
4 10 8
11 11 8
4 10 -4
8 11 8
8 8 4
8 11 11
8 8 4
11 10 4
11 11 4
8 8 4
8 10 11
11 11 4
11 8 8
8 11 11
8 8 -4
8 10 -4
8 8 8
10 8 10
10 4 8
11 10 10
11 10 10
10 4 11
10 8 8
11 11 4
11 4 8
10 10 10
11 4 8
11 -4 8
8 4 11
10 10 8
11 10 10
4 8 10
8 11 11
10 8 4
10 10 8
8 10 11
8 4 4
10 8 8
4 11 11
11 8 8
11 8 10
4 4 4
11 10 4
11 8 11
8 4 10
11 11 4
11 4 8
10 11 8
-4 4 8
11 -4 -4
11 10 10
8 4 -4
11 8 11
11 8 11
11 -4 4
10 -4 10
4 4 8
8 10 11
8 10 11
11 8 4
8 8 4
8 -4 4
11 8 11
10 4 8
11 8 11
8 4 11
4 8 4
4 10 8
11 4 4
8 4 11
8 8 8
11 4 11
8 8 8
8 8 11
11 8 10
11 4 4
8 8 8
10 4 8
10 -4 8
8 10 11
10 8 11
11 8 11
8 -4 8
11 11 10
11 -4 10
10 -4 11
11 8 11
11 8 8
11 11 4
8 8 8
10 8 8
11 11 11
4 -4 10
11 8 8
11 8 11
-4 10 8
11 4 11
8 4 8
4 -4 11
10 8 11
8 4 8
4 4 11
8 -4 -4
4 8 10
8 4 4
10 -4 4
8 4 11
4 11 8
8 8 8
4 4 8
8 -4 8
11 4 11
10 -4 8
4 4 8
4 8 4
4 4 8
10 10 10
8 4 4
10 10 10
11 -4 10
10 4 11
8 -4 8
11 8 8
11 -4 -20
11 4 -4
11 4 8
10 4 4
4 -4 4
10 4 4
11 -4 -4
8 4 10
10 4 8
8 11 11
8 11 4
8 11 10
10 8 11
11 11 8
11 8 4
8 8 11
8 10 4
11 11 8
4 10 8
11 8 4
10 10 -17
11 4 10
4 11 10
8 8 -4
11 4 8
11 8 8
4 4 8
8 10 4
11 11 8
10 8 8
8 8 11
11 4 11
11 8 -4
8 8 11
11 11 4
8 10 10
8 8 4
11 4 4
11 10 10
4 11 4
4 8 11
8 4 11
8 8 10
10 4 11
11 4 8
4 8 11
10 8 11
4 11 11
8 10 8
8 8 8
11 4 4
4 4 4
10 8 -4
11 4 -4
11 4 10
11 8 -4
11 10 11
10 8 11
8 4 -4
8 8 11
8 4 10
11 8 4
11 8 -4
10 10 -4
11 10 8
10 8 11
11 8 4
10 4 -4
11 4 4
10 4 8
8 8 4
11 4 8
11 4 11
11 -4 -4
11 -4 4
11 10 4
11 11 11
11 4 10
8 8 8
8 4 11
8 4 4
8 4 4
4 -4 8
11 -4 4
8 -4 4
11 4 11
10 -4 8
8 4 4
11 8 11
11 10 4
8 4 4
11 4 8
4 -17 11
11 4 11
11 8 4
11 8 8
11 4 4
10 -4 8
4 4 4
11 8 11
8 8 8
11 4 4
8 4 11
10 4 8
11 8 -4
8 8 10
10 11 8
10 4 4
8 8 4
10 10 8
11 8 10
11 10 8
10 8 8
11 10 4
11 8 11
11 4 10
8 8 11
11 8 8
11 8 10
11 11 8
11 8 4
10 11 11
11 10 8
11 8 8
11 10 8
11 8 4
10 10 10
11 8 4
-4 8 4
11 11 8
8 8 8
11 11 10
11 8 8
11 11 8
10 10 10
11 8 8
8 4 4
10 4 10
11 4 8
11 4 10
10 11 11
4 10 11
11 8 4
11 11 4
11 11 4
10 10 10
11 11 4
11 11 8
11 8 11
10 10 11
11 4 8
11 8 11
10 4 8
8 10 11
11 11 11
11 11 11
11 10 11
11 10 10
11 10 -4
11 8 11
11 10 10
11 11 8
11 8 11
11 4 11
8 8 4
11 11 10
11 10 8
11 11 8
11 11 8
10 11 11
11 10 11
8 10 11
11 11 11
11 11 11
11 10 10
8 11 8
11 8 10
10 4 4
11 11 11
11 11 8
11 11 4
11 10 11
8 11 10
10 11 10
8 10 11
11 11 8
11 10 8
8 11 8
11 8 11
11 11 11
10 11 8
4 11 4
4 11 -4
8 11 4
11 11 11
11 11 8
11 11 -4
11 11 11
8 10 4
8 4 11
10 11 8
8 11 10
10 11 4
11 10 11
8 11 8
10 11 8
11 11 4
-4 8 8
8 11 11
End
