0 0 1 0
773 69 198
262 5 -87
68 -151 -243
-243 -91 -235
-243 -26 -190
141 134 134
262 134 258
261 134 254
261 54 230
262 5 134
212 5 -219
-243 -126 -243
-243 -55 -235
-243 69 134
261 165 258
262 134 258
262 37 205
262 5 149
213 5 -190
-243 -130 -243
-243 -55 -222
-243 -26 -58
233 149 230
261 162 258
261 134 246
262 37 198
262 5 -26
134 -151 -247
-243 -114 -243
-243 -26 -218
4 134 69
261 165 258
261 135 258
261 62 233
261 5 134
246 5 -179
-243 -130 -243
-243 -58 -235
-243 4 -91
246 141 212
261 164 258
261 134 254
262 5 165
262 5 -10
134 -138 -243
-243 -123 -243
-243 -10 -190
-2 134 45
261 164 258
262 137 258
262 62 230
261 37 164
246 5 -154
-219 -138 -243
-243 -58 -235
-243 -26 -123
198 141 198
262 165 258
261 134 254
262 37 199
261 5 5
162 -57 -247
-243 -123 -243
-243 -26 -220
-171 134 5
261 164 258
261 141 258
261 69 246
262 5 137
260 5 -130
-123 -138 -243
-243 -58 -243
-243 2 -151
205 137 198
261 165 258
261 134 258
261 5 198
262 5 5
141 5 -243
-243 -123 -243
-243 -26 -202
-243 134 5
260 164 258
262 149 258
261 69 233
261 37 198
261 5 -123
-26 -154 -243
-243 -58 -226
-243 85 -25
260 162 258
262 149 258
261 77 254
261 5 149
262 5 -91
5 -151 -243
-243 -91 -243
-243 2 -154
198 134 134
261 165 258
262 5 5
141 -138 -243
-243 -123 -243
-243 -10 -190
2 134 5
260 165 258
262 134 258
262 5 198
262 5 5
149 -124 -243
-243 -123 -243
-243 -26 -154
198 141 134
262 165 258
262 134 254
262 37 198
262 5 -154
-243 -130 -243
-243 -58 -235
-243 4 -107
230 149 198
262 164 258
262 45 213
262 5 149
230 5 -171
-243 -130 -243
-243 -55 -222
-243 37 -91
261 165 258
262 134 254
262 54 230
262 5 134
233 5 -188
-243 -130 -247
-243 2 -154
158 134 134
261 165 258
262 134 258
262 5 198
262 -130 -91
-58 -153 -243
-243 -122 -235
-243 69 -58
246 158 230
262 162 258
262 62 231
262 5 134
246 5 -171
-243 -130 -243
-243 -58 -235
-243 37 77
261 134 258
262 134 258
262 37 205
261 5 149
213 5 -187
-243 -91 -244
-243 -26 -190
134 134 134
262 165 258
262 134 254
262 54 230
262 5 -91
-58 -153 -243
-243 -91 -243
-243 2 -154
165 134 134
261 198 258
262 69 233
262 5 198
261 5 -235
-151 -138 -243
-243 -58 -235
-243 134 5
261 165 258
262 141 258
261 69 246
262 5 137
261 5 -123
-243 -123 -243
-243 -10 -190
2 134 5
261 165 258
262 141 258
262 62 198
262 5 -10
149 -154 -247
-243 -123 -243
-243 -26 -215
5 134 37
261 164 258
262 134 254
262 5 164
262 5 -26
134 -154 -243
-243 -123 -243
-243 69 -58
237 158 230
262 162 258
262 85 246
198 5 -215
-243 -123 -243
-243 -26 -222
-10 134 -26
258 158 231
262 134 254
261 37 213
262 5 54
198 5 -215
-243 -123 -243
-243 -26 -222
198 135 134
261 162 258
262 134 258
262 5 149
262 5 -58
5 -123 -243
-243 -26 -202
5 134 -26
254 158 230
262 141 258
262 69 233
261 5 5
198 -58 -235
-243 -123 -243
-243 -26 -220
5 134 -10
258 162 258
262 134 254
262 5 198
262 5 2
134 -138 -243
-243 -123 -243
-243 66 -123
198 141 162
262 149 258
262 85 246
262 37 198
262 5 -10
-243 -124 -243
-243 -55 -235
-243 69 -91
233 149 198
262 149 258
262 85 198
262 5 77
198 5 -187
-243 -123 -243
-243 -26 -219
-153 85 -58
233 162 258
262 134 254
262 37 213
262 5 62
201 5 -202
-243 -123 -243
-243 2 -154
198 134 134
261 162 258
262 134 254
262 5 198
262 5 5
-138 -138 -243
-243 -58 -235
-243 -26 -187
149 134 134
261 158 258
261 134 246
262 5 137
258 5 -123
-226 -130 -243
-243 -58 -244
-243 5 -138
198 158 258
262 134 258
262 54 230
262 5 162
246 5 -130
-243 -130 -243
-243 -26 -202
5 134 5
261 162 258
262 134 254
261 37 198
262 5 -153
-243 -126 -243
-243 -58 -235
-243 66 -123
213 141 162
261 149 258
261 5 201
262 5 134
213 5 -179
-243 -126 -243
-243 -51 -222
-243 69 66
261 162 258
262 134 254
261 45 230
261 5 68
262 165 258
262 134 254
262 37 205
262 5 134
-151 -154 -247
-236 -91 -243
-243 5 -154
198 134 198
262 164 258
262 134 258
262 5 198
262 -123 -126
-243 -151 -243
-243 -58 -235
-243 5 -187
198 134 230
262 164 258
262 66 246
262 5 134
262 -138 -138
-243 -138 -243
-243 -58 -236
-243 134 134
262 164 258
262 134 258
262 45 213
262 5 142
260 -151 -243
-236 -94 -243
-243 -26 -202
5 134 134
262 165 258
262 134 254
262 54 258
262 5 -58
-236 -151 -243
-243 -91 -243
-243 2 -92
258 158 258
262 134 258
262 5 199
262 5 141
5 -151 -243
-243 -126 -243
-243 -26 -247
5 134 149
262 165 258
262 134 254
262 37 213
262 5 134
-94 -151 -243
-243 -58 -243
-243 37 -151
198 137 205
262 165 258
262 134 258
262 5 165
261 -138 -172
-243 -130 -243
-243 -58 -226
-243 68 -154
198 149 230
262 141 258
262 62 230
262 5 164
261 -138 -187
-243 -138 -243
-243 -58 -202
5 134 66
262 134 258
262 134 258
262 62 231
262 5 134
213 -151 -243
-243 -92 -243
-243 2 -171
62 134 134
262 198 258
262 134 258
262 37 198
262 5 -98
-243 -138 -243
-236 -58 -235
-244 -26 -187
5 134 258
262 149 258
262 69 246
262 5 141
262 -26 -123
-243 -138 -243
-243 -23 -194
62 134 5
261 134 258
262 149 258
262 66 230
262 -219 165
-243 -151 -247
-244 -123 -243
-243 -26 -202
5 134 69
262 54 230
262 5 134
5 -138 -58
-236 -126 -243
-243 -57 -235
5 134 -55
258 162 254
262 134 254
262 54 230
262 5 134
5 -138 -58
-243 -91 -243
-243 5 -179
62 134 -10
258 162 258
262 134 258
262 5 134
-2 -151 -91
-243 -126 -243
-243 -51 -235
5 69 -123
198 149 141
261 134 258
262 5 198
262 5 141
-126 -151 -124
-243 -123 -243
-243 -26 -187
5 134 37
261 158 258
261 134 254
262 37 199
262 5 134
-202 -130 -243
-243 -58 -235
5 66 -138
66 137 69
261 149 258
262 134 254
262 5 149
5 -138 -58
-243 -130 -243
-243 -55 -222
62 69 -154
137 141 258
261 134 254
262 37 230
262 5 134
-55 -151 -123
-243 -124 -243
-243 37 -154
62 134 5
261 149 258
262 134 254
262 5 198
262 5 137
-243 -138 -243
-243 -58 -235
5 62 -187
5 134 54
261 149 258
262 134 254
262 5 134
260 -138 -25
-243 -138 -243
-244 -58 -243
5 62 -153
62 134 233
262 134 258
262 37 213
262 5 158
134 -138 -57
-243 -130 -243
-243 5 -202
5 134 -26
260 158 258
262 134 254
262 45 230
262 5 134
-235 -151 -244
-243 -91 -243
-243 5 -171
62 134 4
260 162 258
262 5 198
262 5 141
-58 -151 -123
-243 -124 -243
-243 -26 -219
62 85 -138
261 162 258
262 134 254
261 37 201
262 5 134
-187 -153 -130
-243 -123 -236
5 62 -151
62 137 66
261 149 258
262 134 254
5 162 5
262 198 258
262 134 254
262 37 198
262 5 134
4 -179 -243
-243 -91 -235
-243 37 -179
5 149 5
261 198 258
262 134 254
262 5 134
262 -154 5
-235 -154 -243
-243 -58 -235
-243 69 -126
62 165 258
262 141 258
262 37 201
262 5 137
258 -172 -26
-243 -154 -243
-243 -26 -187
5 141 -26
260 198 260
262 135 258
262 45 230
262 5 134
-226 -154 -243
-243 -91 -243
-243 45 -138
62 162 4
261 198 258
262 134 230
262 5 149
262 -154 5
-243 -154 -243
-236 -58 -235
-243 69 -154
5 198 258
262 148 258
262 62 230
262 5 134
262 -171 -26
-243 -154 -243
-243 2 -154
62 141 -58
254 198 258
262 137 258
262 5 198
262 5 134
-222 -180 -243
-243 -98 -243
-236 -26 -187
5 141 -26
260 198 258
262 134 246
262 5 134
262 5 134
-226 -172 -243
-243 -92 -243
-243 37 -151
261 198 258
262 134 254
262 37 198
262 5 134
2 -179 -154
-243 -126 -235
-243 66 -154
5 165 5
262 198 258
262 134 254
262 37 198
262 -154 -2
-243 -154 -243
-243 -58 -235
-91 77 -123
62 198 134
262 198 258
262 5 198
262 5 135
149 -171 -58
-243 -151 -243
-243 -51 -220
37 134 -10
261 198 258
262 134 254
262 37 201
262 5 134
5 -187 -123
-243 -91 -243
-243 54 -138
62 162 5
261 198 258
262 134 258
262 5 165
262 -171 4
-243 -154 -243
-243 -58 -242
-151 69 -153
62 134 -123
66 198 162
262 198 258
262 85 246
262 37 198
5 -154 -98
-243 -126 -243
-243 -26 -202
62 134 -123
134 198 134
262 198 254
262 37 198
262 5 134
2 -171 -154
-243 -123 -243
-243 -26 -219
5 165 62
261 198 258
262 134 254
262 5 162
262 5 134
-187 -154 -202
-243 -51 -220
62 134 -130
5 198 134
262 198 258
262 102 246
262 37 134
2 -154 -94
-243 -126 -243
-243 -26 -222
5 134 -92
198 198 205
262 134 258
262 5 198
262 5 134
5 -154 -126
-243 -123 -243
-243 -10 -188
5 134 134
262 198 258
262 134 254
262 37 198
262 5 6
-126 -171 -243
-243 -57 -235
5 102 -123
102 198 158
262 198 258
262 85 254
262 5 134
5 -171 -98
-243 -130 -243
-243 -26 -202
62 134 -123
165 198 205
262 134 254
262 37 199
262 5 134
-2 -154 -154
-243 -123 -243
-243 -2 -194
62 198 68
262 201 258
262 134 258
262 5 198
262 5 137
-26 -138 -236
-243 5 -187
5 162 -26
258 213 260
262 198 258
262 69 246
262 5 134
-138 -151 -187
-243 -91 -235
-243 54 -187
5 162 -23
261 201 258
262 134 254
262 5 149
262 -51 134
-219 -154 -222
-243 -122 -243
-26 134 -123
199 198 246
262 198 258
262 69 233
262 5 164
262 -151 68
-243 -123 -243
-243 5 -202
5 135 -58
254 198 258
262 162 258
262 68 164
262 5 134
-187 -154 -202
-243 -92 -243
-243 45 -154
262 54 230
262 5 134
5 -130 -55
-243 -123 -243
-243 -26 -222
5 135 5
261 198 258
262 134 254
262 54 230
262 5 134
2 -130 -58
-243 -58 -235
-138 66 -138
62 149 68
261 198 258
262 134 258
262 5 134
198 -126 5
-243 -123 -243
-243 -51 -222
54 77 -153
134 162 134
262 135 258
262 62 233
262 5 134
5 -130 -26
-235 -123 -243
-243 -26 -222
62 141 5
261 198 258
262 134 258
262 5 198
262 5 149
5 -138 -243
-243 -58 -226
2 69 -154
5 149 85
262 134 258
262 134 254
262 5 135
69 -130 -26
-244 -123 -243
-243 -51 -235
5 76 -123
198 162 141
262 134 258
262 5 201
262 5 149
5 -138 -58
-243 -123 -243
-243 -26 -202
5 135 5
261 134 258
262 134 254
262 37 230
262 5 134
2 -138 -243
-243 -58 -235
-26 66 -138
62 149 69
262 165 258
262 134 254
262 -123 134
-194 -138 -154
-243 -92 -243
-243 -26 -202
5 134 -55
258 198 258
262 134 246
262 37 198
262 5 134
-222 -138 -194
-243 -91 -235
-243 102 -123
198 164 198
262 158 258
262 84 254
262 5 158
262 -123 134
-243 -123 -243
-243 -10 -194
62 134 -123
213 165 230
262 141 258
261 62 198
262 5 134
-194 -138 -171
-243 -94 -243
-243 -2 -202
5 134 -51
258 158 258
262 78 254
262 5 162
262 5 134
-222 -138 -219
-243 -122 -243
62 134 -130
198 165 201
262 149 258
262 69 233
-235 54 -190
5 134 5
262 158 258
262 134 246
262 37 198
262 -154 -23
-243 -171 -243
-243 -91 -236
-58 62 -187
5 134 68
262 162 258
262 54 230
262 5 134
198 -171 -87
-243 -154 -243
-243 -58 -235
5 69 -10
260 198 258
262 134 258
262 5 198
262 5 135
-91 -154 -138
-243 -58 -235
-190 66 -179
5 141 37
261 198 258
262 134 254
262 37 198
260 -154 -58
-243 -138 -243
-243 -58 -235
5 69 -126
134 162 134
262 165 258
262 37 198
261 5 54
-235 -154 -243
-243 -123 -243
-243 5 -194
198 164 198
262 149 258
262 69 246
262 5 134
261 -123 -10
-236 -171 -243
-243 -26 -202
62 134 -91
230 162 230
262 134 258
262 37 205
262 5 54
-235 -179 -243
-243 -123 -243
-243 4 -202
5 134 -26
260 198 258
262 69 246
262 5 137
262 -26 4
-236 -154 -243
-243 -91 -243
-243 37 -202
205 198 230
262 141 258
262 54 230
262 5 149
262 -154 -58
-243 -123 -243
-243 -26 -219
5 134 -55
258 164 258
262 134 254
262 37 212
262 5 5
-235 -187 -247
-243 -123 -243
-243 5 -187
62 134 5
260 149 258
262 62 233
262 5 134
262 -126 -26
-243 -187 -243
-236 -123 -243
-194 5 -123
230 149 230
262 134 258
262 5 198
262 5 134
230 -187 -91
-243 -123 -243
-243 -2 -219
5 134 -26
258 158 258
262 134 254
262 37 199
262 -58 -10
-243 -187 -243
-243 -123 -243
-243 5 -172
5 134 -123
62 198 5
261 198 258
262 134 254
262 5 162
230 -138 -26
-235 -123 -243
-243 -26 -222
5 134 -92
62 198 45
261 198 258
262 5 198
262 5 141
-2 -138 -58
-235 -123 -243
-243 5 -187
62 134 -2
260 198 258
262 134 254
262 37 198
262 -123 134
-190 -153 -130
-243 -26 -226
5 134 -123
62 198 5
261 165 258
262 85 254
262 5 149
-26 -153 -87
-243 -123 -243
-243 2 -190
62 134 -123
134 198 134
262 149 260
262 37 198
262 -123 134
-190 -154 -138
-236 -94 -243
-98 54 -190
5 198 5
261 164 258
262 5 198
262 5 141
5 -154 -55
-243 -126 -235
62 66 -179
5 141 -58
246 198 205
262 134 254
262 37 198
262 -154 5
-235 -151 -243
-243 -58 -235
5 69 -126
62 158 -10
258 164 258
262 5 198
262 5 137
5 -154 -51
-243 -130 -243
-236 -26 -219
62 6 -92
246 165 201
262 134 254
262 37 198
262 -51 134
-154 -154 -123
-243 -58 -236
5 68 -130
62 149 -26
254 162 246
262 102 254
262 5 149
-243 -154 -51
-243 -138 -243
-243 -51 -220
62 85 -138
5 164 5
261 149 258
262 5 198
262 5 134
-51 -154 -92
-243 -126 -243
-243 -26 -202
62 134 -51
254 165 230
262 134 254
262 37 198
262 -126 134
-202 -154 -151
-243 -58 -235
5 69 -123
62 162 4
260 162 258
262 77 254
262 5 141
-57 -154 -91
-243 -130 -243
-243 -26 -215
62 134 -126
-243 5 -220
5 134 -26
258 198 258
262 142 258
262 62 231
262 -138 5
-235 -187 -247
-243 -124 -243
-126 37 -202
5 134 -2
261 198 258
262 102 254
262 5 137
134 -154 -51
-235 -187 -247
-243 -123 -243
5 37 -58
237 198 233
262 134 254
262 37 198
262 -26 45
-235 -187 -235
-243 -58 -236
5 69 -126
198 165 137
262 198 258
262 134 254
262 5 134
-194 -187 -187
-243 -154 -243
-243 -51 -220
62 134 -123
205 198 205
262 134 254
262 37 198
262 -55 37
-235 -187 -243
-243 -130 -243
-243 5 -220
198 165 141
262 198 258
262 134 254
262 5 149
262 -153 -10
-236 -187 -243
-243 -26 -219
62 134 -98
212 198 205
262 165 258
262 69 231
262 -58 5
-235 -187 -243
-236 -130 -243
-243 37 -219
5 134 -26
260 198 258
262 134 254
262 5 140
254 -154 -26
-244 -187 -243
-236 -123 -243
5 5 -114
230 198 230
262 165 258
262 69 230
262 5 158
5 -171 -91
-243 -126 -243
-235 37 -219
5 134 -25
260 198 258
262 149 258
262 62 231
230 -151 -26
-235 -187 -243
-243 -123 -243
5 -219 -154
62 149 37
261 198 258
262 85 246
262 5 134
5 -154 -58
-243 -179 -243
-243 -91 -243
5 62 -26
254 198 258
262 134 254
262 37 198
262 -126 5
-235 -187 -243
-243 -58 -226
62 77 -138
158 198 149
262 198 258
262 134 246
262 37 134
-222 -187 -188
-243 -138 -243
-243 -26 -226
5 134 -58
262 37 198
262 -92 85
-194 -187 -188
-243 -126 -243
-154 37 -202
5 198 85
261 198 258
262 134 254
262 5 149
5 -171 -2
-244 -171 -243
-87 37 -202
5 137 -51
258 198 260
262 149 258
262 54 230
262 -154 69
-235 -187 -243
-243 -98 -243
5 54 -138
62 164 5
261 198 258
262 66 230
262 5 141
5 -172 -26
-243 -154 -247
-243 -58 -242
62 77 -26
260 198 258
262 141 258
262 45 230
262 5 134
2 -187 -123
-243 -92 -243
5 62 -138
62 165 37
261 198 258
262 134 258
262 5 165
5 -187 -51
-236 -154 -243
-243 -58 -226
62 78 -130
68 198 134
262 198 258
262 62 230
262 5 134
2 -187 -58
-243 -154 -243
-236 -58 -235
5 134 5
261 198 258
262 134 258
262 5 198
262 5 134
-58 -187 -154
-243 -58 -235
62 77 -138
5 198 134
262 198 258
262 134 254
262 37 198
2 -187 -94
-243 -154 -243
-243 -26 -226
5 134 -92
198 198 198
262 198 258
262 5 198
262 -2 134
-138 -187 -171
-236 -126 -243
-242 5 -187
62 198 134
262 198 258
262 134 246
262 5 134
2 -179 -26
-243 -154 -243
5 5 -154
62 149 -23
260 198 258
262 141 258
262 5 198
262 -154 5
-236 -171 -247
-243 -87 -235
62 69 -154
5 134 66
262 198 258
262 62 231
262 5 134
2 -179 -58
-243 -154 -243
-243 -58 -235
5 134 -123
260 198 258
262 141 258
262 54 230
262 5 134
-244 -194 -243
-243 -94 -235
62 69 -138
5 198 134
262 230 258
262 69 231
262 5 137
5 -190 -51
-243 -188 -247
-243 -58 -235
62 134 -126
261 230 258
262 198 258
262 54 230
262 5 134
2 -202 -126
-236 -171 -243
5 68 -124
62 198 85
262 230 258
262 148 258
262 5 165
262 -194 -58
-243 -187 -243
-243 -58 -222
62 134 -123
162 213 198
262 230 258
262 45 213
262 5 85
-87 -202 -154
-243 -154 -243
-243 -10 -220
5 137 134
262 230 258
262 135 258
262 5 158
262 -151 134
-222 -202 -235
-243 -51 -220
62 134 -123
198 230 213
262 213 258
262 134 246
262 5 149
-243 -202 -187
-243 -151 -243
-243 5 -202
5 149 -26
258 230 258
262 198 258
262 37 198
262 -154 69
-235 -202 -235
-243 -126 -243
2 54 -187
5 198 230
262 205 258
262 134 254
262 5 134
-26 -202 -154
-243 -154 -243
5 68 -123
62 198 85
262 230 258
262 141 258
262 5 164
262 -51 -58
-243 -187 -243
-236 -58 -222
62 134 -123
162 230 198
262 230 258
262 54 213
262 5 85
-91 -202 -154
-243 -154 -243
-243 -10 -219
5 137 -51
262 230 258
262 134 258
262 5 158
262 -154 134
-222 -202 -235
-243 -130 -220
62 134 -123
198 230 213
262 205 258
262 134 246
262 -219 149
69 -202 -188
-243 -154 -243
-243 5 -202
5 149 -26
258 230 260
262 198 258
262 5 141
262 -171 69
-235 -202 -247
-243 -123 -243
-243 -219 -247
-243 -92 -235
62 134 -123
230 230 246
262 246 258
262 69 233
262 5 85
-215 -222 -194
-243 -202 -243
-243 -58 -235
5 134 -51
262 254 258
262 198 258
262 5 198
262 -154 37
-235 -236 -247
-243 -187 -235
62 134 -123
213 230 246
262 246 258
262 134 254
262 37 164
37 -235 -235
-243 -190 -243
-243 -10 -226
5 134 -10
261 246 258
262 230 258
262 5 149
246 -187 2
-236 -243 -243
-243 -154 -243
5 5 -171
62 198 258
262 230 258
262 134 246
262 5 141
5 -202 -91
-243 -235 -243
-243 -26 -220
5 149 5
262 246 258
262 205 258
262 69 233
262 5 102
-243 -235 -247
-243 -151 -243
5 -219 -138
69 198 134
262 254 260
262 198 258
262 5 141
5 -218 -235
-236 -226 -247
-244 -123 -247
5 137 4
261 254 258
262 165 258
262 5 165
262 -154 5
-235 -243 -243
-243 -187 -243
62 134 -123
230 230 254
262 237 258
262 134 254
262 5 162
5 -194 -243
-243 -190 -243
-243 5 -226
5 134 -2
261 246 258
262 230 258
262 5 149
213 -187 -2
-236 -243 -247
-243 -154 -243
5 5 -154
62 198 134
262 230 258
262 134 246
262 5 141
5 -202 -123
-243 -226 -247
-243 -123 -247
5 158 5
261 246 260
262 205 258
262 69 233
262 5 85
-202 -235 -243
-243 -138 -243
5 37 -138
134 198 137
262 254 258
262 198 258
262 5 134
2 -219 -138
-243 -220 -247
-236 -98 -235
261 230 258
262 230 258
262 134 246
262 5 149
-130 -194 -154
-243 -154 -243
62 37 -202
85 162 134
262 246 260
262 199 258
262 69 233
5 -187 -123
-243 -219 -247
-243 -130 -243
62 62 -171
198 198 205
262 254 258
262 134 254
262 5 134
-219 -202 -194
-243 -202 -243
-243 -91 -243
5 198 165
262 246 258
262 198 258
262 54 199
262 -124 -219
-235 -219 -247
-243 -123 -243
62 69 -91
233 201 258
262 246 258
262 158 254
262 -154 -51
-244 -220 -247
-243 -154 -243
62 37 -194
137 165 141
262 246 258
262 134 254
262 5 134
-58 -188 -138
-243 -219 -243
-243 -123 -243
5 66 134
262 246 258
262 205 258
262 69 230
262 5 134
-222 -215 -222
-243 -130 -243
62 54 -179
198 198 205
262 246 258
262 198 258
262 45 205
-215 -202 -190
-243 -211 -243
-243 -91 -243
5 85 -26
260 230 258
262 237 258
262 54 201
262 -123 37
-235 -219 -247
-243 -187 -243
-58 5 -219
62 201 258
262 246 258
262 149 258
262 37 198
5 -154 -58
-243 -220 -247
-243 5 -235
5 134 5
261 230 258
262 230 258
262 134 254
262 5 134
-235 -222 -247
-243 -243 -243
5 37 -220
5 141 134
262 237 258
262 205 258
262 5 149
4 -187 -91
-243 -222 -243
-243 -138 -243
5 5 -154
201 231 258
262 230 258
262 134 246
262 5 141
-179 -202 -187
-243 -218 -247
62 37 -194
141 165 158
262 246 258
262 198 258
-243 -171 -243
5 5 -190
165 148 149
262 231 258
262 198 258
262 5 162
2 -154 -92
-243 -219 -243
-243 -130 -243
5 5 -154
198 198 201
262 230 260
262 134 246
262 37 158
-190 -187 -194
-243 -190 -243
-243 -91 -194
137 134 162
262 246 258
262 198 258
262 69 233
262 -123 54
-235 -194 -247
-243 -123 -243
5 68 -58
258 198 258
262 246 258
262 162 258
262 -58 134
-222 -202 -235
-243 -190 -243
-235 5 -226
62 134 5
261 213 258
262 162 258
262 37 198
84 -153 -10
-243 -220 -243
-243 -154 -243
62 85 4
261 205 258
262 230 258
262 134 258
262 5 141
2 -187 -123
-243 -187 -243
5 5 -215
62 134 134
262 230 258
262 198 258
262 69 230
5 -154 -55
-236 -220 -247
-243 -154 -243
62 37 -194
162 164 198
262 246 258
262 54 205
261 -123 5
-235 -202 -247
-235 -171 -247
-10 5 -202
254 198 258
262 237 258
262 162 258
262 5 165
5 -154 -58
-243 -219 -247
-243 5 -226
62 134 5
261 230 258
262 230 258
262 134 254
262 -130 -10
-243 -202 -243
-243 -154 -243
62 37 -202
134 162 141
262 246 258
262 137 258
262 5 149
2 -154 -123
-243 -202 -247
-243 -123 -243
5 54 134
262 230 258
262 199 258
262 69 230
262 5 134
-219 -215 -219
-243 -153 -243
62 37 -190
198 165 230
262 230 258
262 198 258
262 54 230
-154 -190 -171
-243 -194 -243
-243 -91 -243
5 69 -26
262 135 254
262 37 198
-123 -154 -154
-243 -202 -247
-243 -123 -243
62 134 134
262 230 258
262 230 258
262 134 246
262 5 149
-220 -187 -220
-243 -153 -243
62 37 -202
198 158 230
262 230 258
262 198 258
262 62 134
-219 -187 -194
-243 -202 -243
-243 -123 -243
5 66 -26
261 198 258
262 198 258
262 66 230
262 -123 5
-235 -202 -247
-243 -187 -243
-26 5 -222
254 198 258
262 233 258
262 164 258
262 37 199
5 -138 -91
-243 -202 -243
-154 37 -235
5 134 62
262 230 258
262 230 258
262 134 258
262 -126 -58
-236 -202 -247
-243 -154 -243
5 5 -188
198 149 198
262 231 258
262 134 254
262 37 198
-126 -179 -154
-243 -219 -247
-243 -124 -243
62 62 -58
262 230 258
262 198 258
262 5 198
149 -126 -26
-243 -219 -247
-243 -123 -243
62 68 -10
260 198 258
262 230 260
262 141 254
262 37 198
-243 -202 -247
-243 -187 -243
2 37 -235
5 134 134
262 230 260
262 230 258
262 5 198
5 -138 -107
-243 -194 -243
-243 -138 -243
5 5 -171
213 230 258
262 230 258
262 134 254
262 -219 162
-194 -187 -194
-243 -202 -243
62 37 -220
134 137 198
262 230 260
262 198 258
262 66 230
262 -123 -171
-243 -219 -247
-243 -124 -243
5 45 -58
258 198 258
262 230 258
262 69 231
262 -58 62
-235 -190 -243
-243 -188 -243
-187 5 -226
62 134 62
262 233 258
262 198 258
262 54 212
37 -130 -58
198 141 198
262 231 258
262 198 258
262 62 205
262 -123 5
-236 -222 -247
-243 -154 -243
5 5 -154
246 198 254
262 233 258
262 165 258
262 -26 134
-226 -219 -243
-243 -215 -243
-243 5 -235
62 85 5
261 205 258
262 198 258
262 54 212
-202 -190 -194
-243 -220 -247
-243 -123 -243
165 137 162
262 230 258
262 198 258
262 66 230
262 -123 5
-235 -219 -247
-243 -130 -243
62 54 -91
246 198 258
262 233 258
262 158 258
262 -94 68
-235 -219 -247
-243 -202 -243
-187 5 -236
5 134 37
262 213 258
262 198 258
262 5 198
5 -154 -58
-243 -226 -247
-243 -179 -243
5 5 5
261 205 258
262 230 258
262 134 254
262 5 162
-154 -190 -187
-243 -187 -243
62 37 -222
134 134 141
262 230 258
262 198 258
262 69 246
-94 -187 -154
-243 -222 -243
-243 -138 -243
5 37 -123
254 198 258
262 233 258
262 77 233
262 -58 134
-235 -215 -243
-243 -218 -247
-243 5 -235
62 198 233
262 233 258
262 198 258
262 45 205
54 -151 -58
-243 -226 -243
-243 -26 -243
5 69 4
261 205 258
262 230 258
262 134 258
262 5 137
-243 -220 -247
-243 -190 -243
37 -219 -235
5 134 134
262 230 258
262 205 258
262 5 149
2 -171 -126
-243 -219 -243
-243 -91 -235
62 13 2
262 246 258
262 198 258
262 62 230
198 -130 -26
-243 -219 -247
-243 -187 -243
5 68 -26
260 198 258
262 231 258
262 141 258
134 -130 -55
-243 -235 -247
-236 -202 -243
62 37 -123
246 165 258
262 205 258
262 85 246
262 -98 5
-236 -222 -243
-243 -222 -243
-187 -2 -187
246 162 254
262 230 258
262 165 258
262 5 198
5 -154 -94
-244 -247 -243
-243 5 -243
62 68 5
261 198 258
262 213 258
262 134 254
134 -151 -55
-243 -247 -247
-243 -247 -247
5 5 -226
77 134 137
262 205 258
262 134 254
262 37 164
-123 -194 -179
-243 -247 -247
-243 -179 -243
62 134 134
262 205 258
262 198 258
262 69 246
262 -98 66
-235 -226 -247
-243 -187 -243
5 5 -187
246 149 254
262 230 258
262 198 258
262 5 134
-226 -219 -243
-236 -235 -247
-243 5 -236
62 69 5
261 201 258
262 198 258
262 54 230
69 -130 -26
-243 -222 -247
-243 -188 -243
62 37 -226
261 201 258
262 246 260
262 149 258
262 5 149
-58 -179 -154
-243 -222 -247
5 5 -219
198 134 198
262 246 258
262 230 258
262 134 246
262 -154 -123
-243 -219 -243
-243 -130 -243
62 54 -55
262 237 258
262 258 258
262 54 230
5 -126 -58
-236 -202 -247
-243 -154 -243
62 37 -123
230 237 258
262 258 258
262 141 258
262 5 149
-187 -171 -179
-243 -194 -243
5 5 -187
230 198 230
262 258 260
262 258 258
262 102 237
262 -87 -154
-236 -194 -247
-243 -123 -235
62 69 2
260 230 260
262 258 258
262 134 254
262 -58 69
-235 -187 -247
-243 -172 -243
5 37 -226
262 205 258
262 230 258
262 134 254
262 5 158
-247 -243 -247
-243 -138 -243
5 37 2
261 198 258
262 230 258
262 148 258
262 -126 -10
-243 -243 -247
-243 -247 -247
5 5 -235
85 134 149
262 230 258
262 149 258
262 37 198
5 -187 -153
-243 -247 -247
-243 -187 -243
62 37 -98
262 205 258
262 230 258
262 134 254
262 5 134
-226 -219 -243
-243 -247 -243
5 5 -202
230 141 246
262 233 258
262 198 258
262 62 212
85 -202 -222
-243 -243 -243
-243 -126 -243
62 62 5
261 198 258
262 246 258
262 69 233
149 -123 -10
-243 -226 -243
-243 -215 -243
62 5 -235
134 134 258
262 254 258
262 134 258
262 5 164
-10 -171 -154
-243 -235 -247
-243 5 -226
13 134 141
262 233 258
262 233 258
262 134 254
262 -58 134
-243 -242 -247
-243 -154 -243
62 37 -123
246 198 258
262 258 260
262 201 258
262 -55 134
-235 -194 -243
-243 -219 -243
-243 5 -243
5 77 54
262 258 258
262 205 258
262 66 213
5 -124 -58
-243 -222 -243
-243 -188 -219
198 134 198
262 246 258
262 231 258
262 134 246
262 -87 5
-235 -226 -247
-243 -151 -243
62 45 -58
254 198 258
262 258 260
262 198 258
262 -58 45
-236 -202 -247
-243 -219 -247
-123 5 -243
5 134 69
262 230 258
262 205 258
262 62 204
5 -126 -58
-243 -222 -243
-243 -190 -247
5 5 5
261 213 258
262 254 258
262 149 258
262 37 198
4 -130 -87
-243 -243 -247
-243 -219 -243
5 5 -220
198 134 258
262 258 258
262 158 258
262 37 198
-202 -188 -219
-243 -247 -243
-243 37 -235
165 134 198
262 246 260
262 230 258
262 134 246
134 -123 -10
-243 -247 -247
-243 -154 -243
5 5 -26
261 198 258
262 258 258
262 198 258
262 -58 54
-236 -219 -247
-243 -243 -247
2 5 -243
5 69 69
262 230 260
262 201 258
262 45 198
2 -138 -123
-243 -247 -247
-243 -194 -247
5 69 68
261 230 258
262 258 260
262 149 254
262 4 165
-220 -194 -235
-243 -202 -243
62 37 -226
198 137 212
262 254 258
262 230 258
262 85 141
-222 -190 -222
-243 -247 -247
-243 -123 -243
5 -219 -2
261 198 258
262 230 258
262 84 231
37 -123 -25
-244 -235 -247
-243 -243 -247
5 5 -235
260 198 258
262 258 258
262 198 258
262 37 198
-58 -172 -154
-243 -247 -247
62 5 -243
5 134 134
262 231 258
262 246 258
262 134 254
262 -219 -247
-243 -247 -247
-26 5 -243
62 69 69
262 230 258
262 258 258
262 62 230
5 -138 -107
-243 -247 -247
-243 -202 -243
62 37 -226
198 230 258
262 258 258
262 149 258
262 -23 137
-226 -194 -235
-243 -247 -247
5 5 -219
205 137 230
262 254 258
262 230 258
262 77 230
5 -123 -222
-243 -243 -247
-243 -123 -243
62 54 -2
261 198 258
262 258 258
262 77 246
54 -123 -26
-243 -235 -247
-243 -243 -243
62 5 -243
262 258 260
262 198 258
262 37 198
-219 -171 -226
-243 -243 -243
-243 5 -235
198 134 198
262 230 260
262 258 258
262 134 254
230 -58 5
-243 -243 -247
-243 -187 -243
62 37 -51
258 162 258
262 258 258
262 212 258
230 -58 -151
-243 -244 -247
-243 -202 -247
5 5 -154
254 135 258
262 258 258
262 149 258
262 -26 134
-235 -190 -247
-243 -247 -247
-26 5 -171
231 134 258
262 246 258
262 230 258
262 85 246
5 -123 -92
-243 -247 -247
-51 5 -243
5 5 62
262 198 258
262 258 260
262 198 258
2 -123 -91
-243 -235 -243
-243 -243 -247
5 5 -235
201 134 230
262 231 258
262 198 258
262 37 198
-219 -179 -226
-243 -247 -247
-243 -55 -243
62 134 205
262 231 258
262 233 258
262 134 254
54 -87 -26
-243 -219 -247
-243 -26 -243
5 5 -2
261 198 258
262 254 260
262 198 258
262 37 -26
-243 -220 -243
-243 -247 -247
5 5 -243
134 13 158
262 230 258
262 198 258
262 54 230
-123 -151 -187
-236 -247 -247
-243 -194 -243
62 37 -58
262 230 260
262 246 258
262 135 258
262 -55 5
-235 -202 -247
-243 -247 -243
62 37 -154
233 134 258
262 246 258
262 230 258
262 77 246
5 -123 -247
-243 -247 -247
5 5 -242
230 134 230
262 233 260
262 231 258
262 5 134
-222 -171 -220
-243 -247 -247
-243 -91 -247
5 5 -10
261 165 260
262 246 260
262 134 246
69 -58 -26
-243 -220 -247
5 5 -243
198 69 149
262 230 258
262 254 260
262 137 254
262 -124 -138
-243 -235 -243
-243 -202 -243
5 5 -58
254 134 254
262 246 258
262 158 258
262 -23 5
-235 -187 -247
-243 -243 -247
-154 5 -243
62 54 254
262 246 260
262 230 258
262 102 246
5 -123 -123
-236 -226 -247
-243 5 -243
5 37 69
262 198 258
262 258 258
262 198 258
262 5 135
-243 -226 -247
-243 -219 -243
5 5 -220
230 134 230
262 246 260
262 246 260
262 5 134
-226 -172 -235
-243 -243 -243
-243 -51 -243
62 37 5
261 233 260
262 233 258
262 134 254
5 -91 -58
-243 -220 -247
-243 -242 -247
262 5 5
261 198 258
262 258 258
262 198 258
262 5 198
-222 -154 -202
-243 -235 -247
5 5 -235
198 149 258
262 254 258
262 230 258
262 -10 37
-235 -187 -247
-243 -243 -247
-187 5 -243
5 5 66
261 198 258
262 230 258
262 85 233
5 -123 -123
-236 -222 -247
-244 -220 -243
5 5 68
262 198 258
262 258 260
262 198 258
262 37 141
-226 -171 -222
-243 -219 -243
62 5 -226
199 134 213
262 246 258
262 246 258
262 134 254
-235 -171 -243
-243 -243 -247
-243 -51 -243
5 5 5
261 198 258
262 258 260
262 134 246
5 -91 -58
-243 -219 -243
-243 -226 -243
5 5 -235
198 198 258
262 258 260
262 198 258
262 54 205
-219 -154 -202
-243 -243 -247
262 5 -243
165 85 198
262 230 258
262 254 258
-243 -219 -247
-243 -247 -243
62 5 -58
246 69 258
262 230 258
262 230 258
262 66 102
-235 -126 -243
-243 -243 -243
-243 -2 -243
62 37 45
262 213 258
262 258 260
262 162 258
5 -26 -91
-243 -188 -247
-243 -247 -247
5 5 54
262 137 258
262 254 258
262 230 258
262 77 205
-235 -190 -247
-243 -247 -247
5 5 -243
230 62 205
262 201 258
262 258 260
262 77 164
-226 -123 -235
-243 -235 -247
-243 -151 -247
62 -219 5
261 134 258
262 258 258
262 134 258
37 -26 -58
-243 -187 -247
-243 -247 -247
62 -58 5
261 134 258
262 254 258
262 246 260
262 134 230
-222 -123 -215
-243 -247 -247
5 5 -243
198 54 198
262 246 258
262 254 258
262 -10 -51
-243 -179 -247
-243 -243 -247
62 5 -243
149 5 149
262 198 258
262 258 258
262 134 246
-219 -91 -190
-243 -220 -247
-243 -222 -247
5 5 165
262 198 258
262 258 258
262 198 258
262 5 -10
-243 -154 -247
-243 -222 -247
62 5 -26
258 134 258
262 233 258
262 254 258
262 134 254
-243 -154 -247
-243 -247 -247
37 5 -247
134 5 134
262 198 258
262 258 258
262 134 258
-123 -58 -151
-243 -215 -247
-243 -243 -247
62 5 -58
246 69 258
262 258 258
262 205 258
262 37 5
-235 -138 -247
-243 -243 -243
-154 5 -58
258 77 258
262 230 260
262 258 260
262 141 254
-2 -57 -123
-243 -243 -247
-94 5 -243
62 37 85
262 158 258
262 134 254
-219 -87 -190
-243 -202 -247
-243 -138 -243
62 5 -25
258 158 258
262 233 258
262 198 258
141 -10 4
-236 -130 -247
-236 -222 -243
62 5 -43
258 69 258
262 205 260
262 230 258
262 134 254
-154 -57 -247
-243 -219 -247
62 5 -247
134 5 134
262 149 258
262 231 258
262 134 254
-194 -58 -154
-243 -194 -247
-243 -219 -247
5 5 -58
258 69 254
262 231 258
262 198 258
141 -10 -2
-236 -130 -243
-243 -220 -247
62 5 102
262 141 258
262 230 258
262 198 258
262 -219 5
-236 -124 -247
-243 -219 -247
5 5 -58
254 69 246
262 198 258
262 230 258
262 134 5
-235 -126 -243
-243 -220 -247
5 5 -243
62 37 69
261 134 258
262 230 258
262 134 258
-130 -55 -138
-243 -187 -243
-243 -219 -247
62 5 -94
262 137 258
262 230 258
262 198 258
262 37 5
-236 -123 -247
-243 -219 -247
5 5 -58
254 69 246
262 198 258
262 231 258
262 135 254
-58 -124 -243
-243 -219 -243
5 5 -243
62 37 69
261 134 258
262 230 258
262 134 258
-94 -51 -126
-243 -187 -247
-243 -219 -243
62 5 -92
230 62 230
262 230 258
262 201 258
262 68 69
-226 -123 -235
-243 -215 -247
-124 5 -94
230 62 230
262 198 258
262 233 258
262 149 258
5 -26 -91
-243 -219 -247
2 5 -243
5 5 54
261 134 258
262 230 258
262 205 258
-10 -26 -123
-243 -187 -247
-243 -222 -247
5 5 -187
-10 5 -247
5 5 5
261 134 258
262 199 258
262 198 258
262 -2 -58
-243 -130 -243
-243 -194 -247
62 5 -243
149 5 141
262 141 258
262 199 258
262 134 213
-226 -58 -202
-243 -187 -243
-243 5 -243
5 5 165
262 149 258
262 230 258
262 162 258
2 -26 -55
-243 -126 -243
-243 5 -243
62 5 2
260 85 258
262 198 258
262 201 258
262 134 254
-236 -138 -247
-243 -202 -243
62 5 -243
164 5 158
262 149 258
262 165 258
4 -26 -26
-243 -124 -243
-243 -194 -247
5 5 -243
165 37 134
262 198 258
262 201 258
262 134 254
-194 -58 -187
-243 -243 -247
-243 -123 -243
149 5 137
262 141 258
262 230 258
262 198 258
5 2 -26
-244 -187 -247
-243 5 -247
5 5 -26
260 69 258
262 198 258
262 205 258
2 -26 -51
-235 -126 -247
-243 -194 -243
5 5 -243
198 37 134
262 137 258
262 205 258
262 134 254
-187 -51 -154
-243 -171 -247
-243 -188 -247
62 5 134
262 135 258
262 213 258
262 198 258
5 2 -2
-243 -123 -243
-243 -58 -243
5 5 -26
260 69 258
262 198 258
262 213 258
262 134 254
-236 -123 -243
-243 -194 -247
5 5 -243
164 37 134
262 134 258
262 213 258
262 134 254
-194 -58 -179
-243 -179 -247
-243 -130 -247
62 5 -51
254 137 258
262 230 258
262 198 258
5 2 -25
-243 -123 -247
-243 -194 -247
5 5 -26
260 69 258
262 198 258
262 205 258
262 198 258
262 198 258
262 85 54
-235 -58 -236
-243 -154 -243
-23 5 -247
198 5 198
262 134 258
262 201 258
262 162 258
5 2 -58
-243 -154 -247
-94 5 -247
5 5 5
261 69 258
262 198 258
262 198 258
-51 -26 -94
-243 -123 -243
-243 -187 -247
5 5 -226
213 37 198
262 198 258
262 198 258
262 85 62
-235 -58 -226
-243 -154 -243
-91 5 -243
205 5 198
262 141 258
262 201 258
262 149 258
-26 -2 -98
-243 -123 -247
5 5 -247
5 5 54
261 102 258
262 198 258
261 198 258
262 5 -123
-243 -126 -243
-243 -187 -247
5 5 -98
246 37 205
262 141 258
262 198 258
237 37 5
-235 -58 -243
-243 -179 -243
-2 5 -243
62 37 62
262 141 258
262 201 258
262 149 258
-26 -2 -98
-243 -123 -247
-243 -187 -247
5 5 54
261 85 258
262 198 258
262 198 258
262 85 62
-235 -171 -247
-26 5 -243
62 -219 5
261 69 258
262 198 258
262 198 258
-10 -2 -94
-243 -123 -243
-243 -187 -243
62 5 -219
198 5 198
262 198 258
262 198 258
262 85 62
-235 -58 -226
-243 -154 -247
-58 5 -243
231 37 201
262 137 258
262 198 258
262 149 258
-58 -26 -98
-243 -123 -247
-10 5 -243
62 5 54
261 85 258
262 198 258
262 198 258
262 -10 -123
-243 -126 -243
-243 -187 -243
62 5 -98
230 5 201
262 141 258
262 198 258
246 62 5
-236 -58 -243
-243 -171 -247
-243 -91 -243
-243 -154 -247
62 5 -243
134 5 69
261 134 258
262 198 258
262 134 258
-154 -10 -123
-243 -126 -243
-243 -179 -247
62 5 -94
262 134 258
262 198 258
262 198 258
134 5 5
-236 -58 -243
-243 -154 -243
5 5 -58
254 54 213
262 149 258
262 198 258
262 134 254
-194 -91 -243
-243 -154 -243
5 5 -243
149 37 77
261 134 258
262 198 258
5 4 -10
-243 -87 -243
-243 -154 -243
62 5 -243
134 5 69
262 162 258
262 198 258
262 134 254
-219 -26 -154
-243 -130 -243
-243 -154 -243
165 37 134
262 134 258
262 198 258
262 164 258
5 -26 -26
-236 -91 -247
-243 -26 -243
62 5 -26
254 54 231
262 164 258
262 198 258
262 2 -55
-243 -98 -243
-243 -171 -247
62 5 -243
149 5 134
262 134 258
262 198 258
262 134 134
-226 -51 -187
-243 -138 -243
-243 5 -247
5 5 141
262 134 258
262 198 258
262 149 258
-26 -26 -58
-243 -123 -243
-243 5 -243
62 5 5
260 69 254
262 198 258
262 198 258
262 134 69
-243 -123 -243
-243 -172 -243
62 5 -130
198 5 158
262 134 258
262 198 258
262 134 69
-235 -57 -194
-243 -153 -243
-138 5 -243
5 5 -2
261 69 258
262 198 258
262 149 258
-91 -25 -58
-243 -123 -243
-243 -171 -247
5 37 5
261 69 258
262 198 258
262 198 258
262 85 62
-226 -57 -215
-2 5 -243
5 5 5
261 69 258
262 198 258
-243 -154 -243
62 5 -92
213 5 198
262 134 258
262 198 258
262 77 5
-235 -57 -222
-243 -138 -243
-26 5 -243
5 5 5
261 69 258
262 198 258
262 135 258
-187 -26 -123
-243 -123 -243
-243 -154 -247
5 5 62
261 69 254
262 165 258
262 165 258
213 5 5
-235 -58 -236
-243 -154 -243
62 5 -58
230 5 198
262 134 258
262 198 258
262 134 258
-243 -123 -243
-243 -154 -247
5 5 -87
246 37 198
262 134 258
262 164 258
66 -23 -10
-236 -58 -243
-243 -154 -247
5 5 -243
141 37 69
262 141 258
262 198 258
262 134 201
-194 -25 -154
-236 -124 -247
-243 -154 -243
141 5 134
262 134 258
262 198 258
262 162 258
5 4 -26
-243 -126 -243
-243 -23 -247
5 5 -26
260 62 246
262 149 258
262 198 258
-43 -25 -58
-243 -91 -243
-243 -154 -247
5 5 -243
198 37 134
262 134 258
262 198 258
262 134 66
-226 -26 -202
-243 -138 -247
-222 5 -243
62 -2 162
262 134 258
262 198 258
262 141 258
-123 2 -91
-243 -98 -243
62 5 -247
5 5 5
261 69 258
262 164 258
262 198 258
262 85 5
-243 -235 -247
-243 -154 -243
62 5 -123
198 5 162
262 134 258
262 198 258
262 69 5
-236 -58 -235
-243 -138 -243
2 5 -243
5 5 5
261 134 258
262 198 258
262 134 258
-190 -26 -123
-243 -123 -243
-243 -154 -247
230 5 198
262 134 258
262 198 258
262 134 258
5 5 -26
258 62 230
262 134 258
262 149 258
262 69 69
-235 -91 -243
-243 -151 -243
62 5 -243
141 5 134
261 134 258
262 158 258
262 69 77
-226 -51 -187
-243 -124 -243
-55 5 -247
5 5 -26
258 62 258
262 162 258
262 134 254
-151 -26 -58
-243 -94 -243
-243 -151 -247
5 5 4
258 66 246
262 137 258
262 149 258
134 -10 5
-235 -55 -215
-243 -151 -243
62 5 -123
198 5 149
262 134 258
262 164 258
262 134 5
-236 -58 -226
-243 -138 -243
62 5 -243
134 5 37
261 77 258
262 162 258
262 134 201
-219 -26 -138
-243 -123 -243
-243 -123 -243
5 5 -91
261 85 258
262 149 258
262 135 258
2 -26 -26
-244 -58 -243
-243 -138 -247
134 5 54
261 84 258
262 149 258
262 141 258
5 4 5
-243 -123 -243
-243 -26 -243
5 5 -58
254 54 198
262 134 258
262 162 258
5 4 -10
-243 -58 -243
-243 -138 -243
62 5 -243
134 5 54
261 77 258
262 149 258
262 85 134
-222 -26 -171
-243 -124 -243
-243 5 -243
5 37 134
261 134 258
262 164 258
262 137 258
-26 -26 -51
-243 -58 -243
-26 5 -243
62 5 -10
258 62 230
262 141 258
262 162 258
262 69 -58
-243 -94 -243
-243 -154 -243
62 5 -154
165 5 134
262 134 258
262 149 258
85 5 5
-235 -58 -215
-243 -130 -243
37 5 -243
5 5 4
262 134 258
262 164 258
262 134 254
-187 -26 -123
-243 -123 -243
-58 5 -243
62 5 -26
254 37 213
262 134 258
262 134 254
-138 -26 -58
-243 -58 -243
-243 -130 -243
5 5 -243
198 37 134
262 134 258
262 137 258
246 45 37
-242 -26 -190
-243 -123 -247
-26 5 -124
198 5 134
262 134 258
262 141 258
262 134 258
-154 -2 -94
-243 -126 -243
62 5 -243
69 5 5
261 68 246
262 134 258
262 135 258
-235 -58 -222
-243 -126 -247
5 5 -243
134 37 5
260 66 246
262 141 258
262 134 134
-194 -23 -130
-243 -123 -243
-243 -130 -243
62 5 -87
261 69 258
262 137 258
261 134 258
-10 4 -26
-243 -58 -243
-243 -130 -243
5 5 -51
254 54 199
262 134 258
262 141 258
262 77 69
-226 -91 -243
-243 -130 -247
5 5 -243
198 37 134
261 85 258
262 141 258
198 5 5
-235 -51 -194
-243 -124 -247
-26 5 -243
62 5 2
258 54 258
261 141 258
262 134 258
-154 -2 -123
-243 -94 -243
-243 -138 -243
62 -51 5
261 69 254
262 135 258
262 135 258
5 4 4
-236 -58 -222
-243 -126 -243
5 5 -58
246 37 198
262 134 258
262 141 258
262 134 134
-243 -58 -235
-243 -130 -243
62 5 -243
134 5 54
261 69 258
262 137 258
262 102 102
-222 -26 -154
-243 -123 -243
-243 2 -247
5 5 -58
254 85 258
262 141 258
262 134 258
-130 -26 -58
-243 -58 -243
-243 -130 -243
149 5 134
261 6 258
262 141 258
262 134 258
262 137 258
262 134 230
-190 -26 -123
-243 -92 -243
-243 -124 -243
5 5 5
260 69 233
262 134 258
262 134 258
149 5 5
-235 -58 -202
-243 -123 -243
5 5 -92
230 54 149
262 134 258
262 137 258
262 102 -23
-236 -58 -235
-243 -123 -247
5 5 -243
149 37 62
261 77 254
262 134 258
262 69 77
-219 -26 -154
-243 -123 -243
-243 -2 -243
62 5 -51
261 134 258
262 137 258
262 134 258
-124 -2 -58
-243 -91 -243
-243 -124 -247
5 5 -2
260 69 230
262 134 258
262 134 258
254 37 5
-235 -92 -243
-243 -124 -243
5 5 -123
213 37 141
261 134 258
262 137 258
-2 -26 2
-235 -58 -222
-243 -123 -243
5 5 -243
137 37 5
260 69 254
262 135 258
262 85 134
-219 -26 -126
-243 -98 -243
-243 -123 -243
5 5 165
262 134 258
262 134 258
262 85 134
-194 -26 -130
-243 -123 -243
5 5 -243
149 37 62
261 85 254
262 135 258
262 134 254
-26 -26 -154
-243 -123 -243
-243 -2 -243
62 -219 -51
246 54 198
262 134 258
262 134 258
-124 -2 -58
-243 -91 -243
-23 -124 -243
62 5 -187
158 5 134
262 134 258
261 134 258
254 37 5
-235 -58 -190
-243 -123 -243
5 5 -123
213 45 137
262 134 258
261 137 258
262 134 230
-190 -26 -123
-243 -123 -243
5 5 -243
141 37 5
261 69 254
262 134 258
262 134 254
-202 -26 -138
-243 -123 -247
-243 -87 -243
62 37 -58
End
