0 0 1 0
724 11 11
11 8 4
11 11 10
10 4 11
4 8 11
10 8 4
4 10 8
8 8 8
8 4 10
11 8 -4
8 11 8
10 8 4
8 8 10
4 4 11
4 8 11
4 4 4
10 4 4
4 -4 11
10 -20 8
11 -4 11
8 11 10
8 8 11
4 8 11
10 -4 11
8 4 11
8 4 11
10 4 8
10 8 4
8 8 10
10 8 8
8 8 11
10 10 11
10 8 11
11 8 11
11 11 8
4 11 4
4 10 11
11 11 11
10 8 11
4 10 11
11 11 11
8 10 11
10 4 10
10 11 11
4 8 8
8 8 8
10 11 11
10 11 11
8 8 11
10 8 10
11 8 8
11 11 8
11 8 8
11 10 11
10 11 11
10 10 11
8 4 11
11 8 11
11 10 11
4 4 11
11 11 11
11 10 8
10 11 11
11 11 4
11 11 10
11 8 10
10 11 11
8 10 8
10 11 8
11 11 11
11 11 8
8 11 11
11 11 11
11 4 11
10 11 11
4 11 11
10 11 11
11 4 11
8 8 11
4 11 8
8 11 11
10 8 11
11 11 11
10 11 11
11 8 11
8 11 10
8 11 10
4 8 11
4 11 11
11 11 11
11 11 11
4 11 11
11 11 11
10 11 11
10 8 11
4 11 8
4 11 11
8 11 11
11 11 11
11 11 11
8 11 8
4 10 11
11 11 10
8 10 11
10 11 11
4 8 11
11 11 11
11 11 4
4 8 8
11 11 11
11 11 11
11 11 11
11 8 -4
11 11 10
11 4 11
10 8 8
11 10 10
8 10 8
10 11 8
11 11 8
11 8 10
4 8 11
4 11 11
4 11 4
11 8 11
11 10 8
11 11 10
11 11 11
11 10 11
11 10 11
10 11 11
10 11 11
11 8 11
-4 11 11
11 8 11
11 4 11
11 10 11
11 11 10
8 10 11
11 11 11
11 11 11
10 8 11
10 8 11
11 11 11
11 10 4
11 10 10
11 8 11
11 8 11
11 8 11
11 8 11
11 8 11
11 10 11
11 4 8
11 11 11
11 4 11
11 8 11
11 8 11
11 8 11
10 11 11
11 4 10
11 8 8
-4 11 8
11 11 -4
11 10 4
8 4 11
11 11 4
10 4 8
11 10 4
11 10 8
11 8 -4
11 4 8
11 10 8
11 4 -4
4 8 4
8 10 4
11 4 10
11 4 4
8 8 11
11 8 8
11 4 4
11 4 11
11 8 8
10 10 11
10 4 10
8 8 8
11 10 4
11 10 -4
4 10 -4
11 4 4
10 10 4
11 4 10
11 10 8
8 11 4
11 11 10
8 10 11
11 11 10
10 11 10
8 11 -4
11 4 4
8 8 10
68 -117 11
60 -117 11
60 -117 11
68 -117 11
60 -120 11
11 -117 11
43 -120 11
43 -117 11
11 -117 11
11 -117 11
11 -117 10
11 -117 11
11 -117 4
11 -117 8
11 -117 8
11 -92 4
11 -117 4
11 -92 4
11 -117 -4
11 -92 -4
11 -86 -4
8 -117 -17
8 -101 -20
8 -101 -4
-4 -117 -19
-4 -117 -20
-20 -85 -20
-17 -85 -20
-4 -86 -20
-20 -86 -20
-20 -52 -20
-20 -116 -45
-20 -52 -37
-20 -49 -52
-20 -20 -49
-20 -20 -52
-20 -4 -51
-20 11 -49
-20 11 -52
-38 11 -52
-51 -213 -52
-52 43 -52
-52 68 -52
-52 75 -52
-52 72 -81
-92 75 -81
-117 72 -88
-117 83 -86
-117 75 -117
-117 91 -88
-117 140 -117
-117 140 -88
-88 140 -117
-117 140 -85
-88 140 -117
-117 140 -52
-92 140 -86
-86 140 -52
-85 140 -85
-86 140 -52
-88 140 -81
-92 140 -52
-92 140 -85
-117 140 -52
-117 140 -85
-117 140 -52
-117 108 -52
-117 140 -52
-118 91 -52
-117 140 -52
-117 140 -52
-117 140 -52
-86 140 -52
-52 108 -52
-52 12 -52
-49 108 -52
-20 108 -52
-19 140 -52
-4 12 -45
10 108 -20
11 75 -17
11 91 -4
11 75 4
11 75 11
11 83 11
-213 75 11
11 75 11
11 75 68
11 72 74
11 60 72
51 43 75
51 11 75
68 11 83
74 11 140
75 -4 91
75 -4 140
140 -17 140
140 -19 140
140 -20 140
140 -20 140
11 11 11
11 11 10
8 10 11
11 11 8
11 11 11
11 11 8
11 11 11
11 11 10
11 11 11
8 11 11
8 8 11
11 10 11
4 11 11
11 11 11
11 10 11
8 4 11
11 8 11
11 11 11
4 8 11
11 11 11
11 11 8
11 11 11
8 11 11
8 10 11
4 11 11
10 11 4
11 11 4
11 10 11
11 11 10
11 11 8
11 10 11
10 11 11
11 11 11
10 11 11
4 11 8
8 11 10
11 11 11
11 11 10
8 11 11
11 11 11
8 11 8
10 11 11
11 11 11
8 11 11
8 8 11
10 11 11
11 11 11
8 10 11
11 8 11
11 11 4
8 11 11
10 11 11
4 11 8
11 11 8
11 10 10
10 11 11
11 11 10
10 10 10
10 10 10
4 11 11
8 4 11
8 11 10
11 10 8
11 10 8
8 11 11
11 8 11
8 11 10
10 11 11
10 10 8
8 8 11
11 4 11
8 11 4
11 4 8
10 11 8
8 8 11
10 4 10
10 8 4
11 11 8
10 8 11
11 8 8
10 8 4
8 11 11
8 11 10
8 10 11
10 8 4
8 10 11
8 4 11
4 8 11
4 8 10
8 11 8
11 11 8
8 4 4
4 11 11
4 4 11
10 -4 11
11 4 10
8 11 8
11 8 8
11 11 4
8 10 -4
43 10 4
11 8 8
11 4 10
11 4 11
11 -4 11
11 -4 11
11 -4 11
11 -4 11
10 -4 11
8 -4 11
4 -4 11
4 -4 11
4 -4 11
-4 -4 11
4 -4 11
-4 4 11
4 8 11
8 4 11
8 10 11
10 8 11
10 8 11
11 11 11
11 10 11
11 10 11
11 11 11
11 11 11
11 11 11
11 10 11
11 10 11
11 8 11
11 8 11
11 4 11
11 4 11
11 4 11
11 -4 11
11 -4 11
11 -4 11
11 -17 11
11 -20 11
11 -20 11
11 -20 10
11 -20 8
11 -20 -4
11 -20 -4
11 -20 -17
11 -20 -4
11 -17 -4
11 -19 -17
11 -17 -4
43 -4 -4
11 4 -4
-213 8 8
-213 8 8
11 10 8
43 11 8
51 11 10
43 11 10
51 11 8
43 11 11
51 11 8
60 11 8
60 11 4
51 11 4
60 11 4
60 11 4
60 11 4
68 11 4
60 11 4
68 11 4
60 11 4
68 11 8
60 11 10
51 11 11
51 11 11
43 11 11
43 11 11
43 11 11
11 11 11
11 11 43
11 11 43
11 11 60
11 11 60
11 11 68
11 11 72
11 11 74
11 11 74
8 11 74
4 11 74
4 11 75
-4 11 75
-4 11 75
-4 11 75
-17 11 75
-20 11 75
-20 11 74
-20 11 74
-20 11 75
-20 11 74
-20 10 72
-20 11 74
60 -20 -20
68 -19 -52
68 -4 -49
68 8 -49
43 11 -52
60 11 -52
68 11 -45
11 11 -49
11 11 -49
11 11 -20
11 60 -20
11 60 -20
11 43 -20
11 43 -20
11 43 -20
11 51 -20
11 11 -20
11 11 -20
11 11 -20
11 11 -4
11 11 -20
11 11 -19
11 11 -19
60 11 -20
60 11 -20
68 11 -20
68 60 -20
68 43 -19
75 60 -17
75 68 -20
72 60 -4
74 60 -4
60 60 -4
43 72 -4
11 68 -4
11 72 -4
11 60 -4
11 11 4
11 43 8
8 43 4
10 11 -4
-4 11 8
-4 11 8
-4 11 4
4 11 -4
4 4 -4
-4 8 4
-4 4 -4
-20 -4 4
-4 -4 4
-20 -19 -4
-4 -20 4
-17 -20 8
-20 -20 4
-20 -45 4
-4 -20 8
-17 -20 8
-20 -45 8
-4 -20 10
-4 -45 11
-4 -52 4
-4 -52 -4
-4 -52 4
8 -52 4
4 -52 10
-4 -52 -4
4 -86 -4
-4 -88 -4
-4 -101 -19
4 -92 -20
-4 -85 -20
-4 -88 -20
-20 -88 -20
4 -85 -20
-4 -88 -45
-19 -85 -37
-20 -85 -20
-20 -52 -20
-20 -52 -20
-17 -52 -20
-20 -52 -20
-20 -52 -20
-20 -52 -4
-20 -52 -4
-20 -52 8
-20 -20 8
-20 -45 11
-20 -20 11
-19 -17 11
-20 -4 11
-20 4 11
-20 4 11
-20 11 11
-20 11 11
-20 11 8
-20 11 4
-49 11 -4
-49 11 -4
-45 -213 -20
-49 51 -20
10 11 10
11 11 8
10 11 11
11 11 11
11 11 11
8 11 11
10 11 11
10 11 11
11 43 11
4 11 11
11 11 11
10 11 11
4 11 11
10 11 11
8 11 11
4 11 11
8 11 11
-4 11 -213
4 11 11
4 11 43
8 11 60
-4 11 60
-4 11 60
8 11 72
-4 11 60
-20 11 72
4 11 74
4 11 74
4 11 72
-4 10 72
-17 11 83
-20 8 72
-20 11 75
-20 11 74
-20 10 75
-4 4 91
-17 8 75
-4 11 75
-20 4 75
-20 11 74
-17 8 75
-4 11 72
-4 11 74
-19 11 72
-17 10 75
-4 11 75
-4 11 75
4 11 75
4 11 75
-20 11 75
-4 11 91
-4 10 83
4 11 75
-4 11 75
8 10 91
-4 11 83
-4 11 12
-4 10 140
-4 10 90
-4 11 75
-4 11 91
-4 8 91
-20 11 140
-4 10 140
-19 10 91
-17 8 91
-19 11 91
-4 -4 75
-20 4 75
-20 8 83
-4 4 75
-4 10 75
-20 -4 83
-20 -4 60
-17 4 68
-20 4 68
-20 -4 60
-20 10 68
-20 10 68
-17 4 11
-17 8 43
-20 8 60
4 10 43
-4 11 11
-20 8 60
-4 4 43
8 8 43
-4 4 -213
4 8 11
4 8 51
-20 4 11
4 8 11
-4 10 11
4 10 11
8 10 11
10 11 11
8 11 11
4 8 11
4 11 11
8 11 11
4 11 -51
4 11 -45
-4 11 -45
-17 11 -52
-4 11 -45
-20 11 -20
-4 11 -45
-19 11 -45
-4 11 -49
-20 11 -20
-20 11 -20
-19 11 -20
-20 11 -20
-20 11 -20
-20 11 -4
-20 11 -20
-20 11 -19
-20 11 -4
-20 11 -4
-20 8 4
-20 11 -4
-20 8 4
-20 8 -20
-20 11 4
-20 8 8
-20 4 4
-20 8 4
-20 4 4
-20 -4 4
-20 8 8
-20 -4 10
-20 4 8
-20 -4 11
-38 -4 10
-20 -17 11
-20 -4 11
-20 -20 11
-20 -20 11
-20 -20 11
-20 -20 11
-20 -20 11
-20 -20 11
-20 -20 11
-20 -20 11
-20 -20 11
-20 -20 11
-20 -20 11
-20 -37 11
-20 -20 11
-20 -20 11
-20 -20 11
-20 -20 60
-20 -20 11
-19 -20 43
-20 -20 43
-20 -20 43
-20 -20 43
-20 -20 43
-20 -20 68
-19 -20 68
-20 -20 60
-4 -20 43
-17 -20 68
-17 -20 68
-17 -20 60
-17 -20 68
-4 -20 60
4 -20 60
4 -20 60
8 -19 74
8 -20 68
4 -17 72
4 -20 68
-4 -20 74
8 -19 60
-4 -4 72
10 -4 72
11 -4 60
11 -4 60
11 -4 60
11 8 43
11 -4 60
11 8 51
11 -4 68
11 4 68
11 10 -213
11 8 43
11 4 60
11 10 11
11 11 43
11 10 43
11 11 11
11 4 11
11 11 11
11 10 11
11 11 11
11 11 11
11 11 11
43 11 11
11 11 11
68 43 11
60 11 11
68 43 11
75 51 11
68 68 60
74 60 11
68 43 11
74 60 11
75 43 11
72 -213 11
72 11 11
75 43 11
72 43 11
72 60 11
74 60 43
74 43 11
75 51 11
75 72 11
83 51 11
83 43 11
75 68 8
91 60 11
74 72 11
83 -213 8
74 68 11
74 19 11
68 43 11
74 43 8
74 51 11
75 60 10
75 11 11
72 11 10
75 11 11
75 43 11
19 11 8
75 11 11
75 11 8
75 11 11
72 11 11
74 11 11
72 11 11
74 11 11
72 11 11
74 43 11
72 11 11
68 11 11
74 43 11
68 11 11
51 11 11
60 11 11
60 11 11
11 11 11
43 11 11
11 11 11
11 10 11
11 11 11
11 11 11
43 11 11
11 11 11
43 11 11
11 11 11
11 11 -4
11 11 11
11 11 8
11 11 10
11 11 8
11 11 -4
11 11 -20
11 11 -20
11 11 -20
11 11 -4
11 11 -20
11 11 -4
11 11 -20
11 11 -4
11 11 -20
4 11 -4
4 11 10
8 11 8
4 11 11
-4 11 11
4 11 11
-4 11 11
-20 11 11
-20 11 11
-4 11 11
-20 11 11
-4 11 11
-20 11 11
-20 11 11
-17 11 11
-20 11 11
-20 11 11
-20 43 11
-20 11 11
-20 11 11
-20 11 11
-20 11 11
-20 11 11
-4 11 10
4 -4 -4
4 -4 -4
-4 -4 -20
-4 -20 -19
-4 -4 -20
-4 -4 -20
-4 -4 -20
-17 -19 -20
-19 -19 -20
-4 -4 -20
-19 -4 -20
-19 -4 -20
-20 -17 -20
-20 -19 -20
-4 -4 -20
-17 4 -20
-4 4 -20
-4 -4 -20
-20 -20 -20
-20 -4 -20
-4 -20 -20
-17 -20 -20
-20 -20 -38
-4 -20 -49
-20 -20 -45
-20 -20 -45
-20 -20 -52
-20 -20 -37
-20 -20 -49
-20 -20 -51
-17 -20 -49
-20 -19 -52
-20 -4 -51
-19 -4 -45
-20 -20 -45
-17 -4 -49
-20 -4 -45
-4 -4 -45
-4 -4 -49
-17 -19 -52
-4 -19 -49
-4 -20 -45
-4 -17 -45
-4 -17 -49
-4 -20 -52
4 -17 -49
-4 -20 -49
-17 -4 -51
4 -4 -45
-4 -4 -45
-4 -4 -51
-4 -19 -49
4 -4 -52
4 4 -52
4 -4 -52
4 -4 -52
-4 4 -52
4 -4 -52
4 4 -52
-4 -4 -52
-4 -4 -52
-4 -4 -52
-4 -17 -52
-4 -19 -52
-20 -20 -52
-4 -20 -51
-17 -4 -45
-4 -17 -49
-4 -4 -45
-17 -20 -45
-17 -17 -49
-17 -20 -37
-4 -19 -45
-4 -4 -45
4 -17 -20
4 -4 -20
-4 -4 -20
8 4 -20
8 8 -20
4 4 -20
4 -4 -20
4 -4 -20
4 -4 -20
8 -20 -20
8 -4 -20
4 -4 -20
4 -20 -20
4 -4 -20
-17 4 -20
-4 -4 -20
-4 -4 -20
-4 4 -17
-4 4 -20
4 10 -20
-19 4 -4
4 10 -17
-4 10 -4
4 4 -4
4 4 -4
-4 4 -4
10 11 8
11 10 11
11 4 11
11 4 11
10 4 11
11 10 11
11 4 11
11 -4 11
11 4 11
4 10 11
10 8 11
10 4 11
10 4 11
10 8 11
4 8 11
10 4 11
8 4 11
8 8 11
10 4 8
8 4 11
8 4 11
4 8 10
11 -4 4
8 8 11
8 -4 4
-4 4 8
8 -4 10
4 8 11
-4 -4 10
4 8 11
4 -4 8
8 4 4
11 4 11
-4 4 -4
4 4 4
-4 8 4
-4 8 -4
11 8 10
8 4 8
8 8 11
8 8 4
4 4 8
4 -4 8
11 4 11
4 10 4
-4 4 4
-4 -4 8
4 4 -4
-4 8 8
4 4 -4
4 8 8
-4 8 8
-4 4 8
4 10 4
-4 -4 4
-4 4 11
4 -17 8
-4 8 4
4 4 10
4 4 11
4 4 11
4 4 11
4 8 8
-4 -4 8
4 4 11
4 10 11
8 8 11
-4 4 11
11 8 11
-20 8 8
11 8 10
4 4 11
-4 10 8
8 8 11
4 4 11
4 4 11
8 4 11
4 4 11
4 4 11
-4 10 11
8 4 11
11 -4 11
10 8 11
8 -20 11
8 8 11
-4 8 11
8 4 11
8 -4 11
11 -4 11
8 -4 11
4 10 11
10 -4 8
8 -4 11
-4 4 8
8 -4 11
8 -4 11
11 -4 11
11 8 8
8 4 11
11 4 11
11 11 8
11 11 11
10 8 11
8 10 8
11 11 8
10 11 11
4 11 11
11 8 11
11 10 8
8 11 11
10 8 11
10 11 8
11 10 11
11 8 11
8 11 11
8 11 11
8 8 11
11 10 11
11 11 11
11 10 11
11 11 11
11 8 11
11 11 11
8 11 11
8 11 11
8 11 8
10 11 11
11 11 11
11 10 11
11 8 11
11 11 11
4 10 10
11 8 8
8 11 11
4 11 11
4 4 4
11 11 10
11 8 8
8 10 11
8 8 11
4 11 11
11 10 11
10 10 10
-4 11 8
10 11 11
-4 8 8
10 8 11
4 11 10
11 8 11
4 11 11
11 11 10
4 11 4
10 11 8
11 11 10
11 10 8
10 8 11
8 11 8
10 11 11
10 8 4
4 11 8
11 11 11
8 10 11
8 11 11
11 11 -4
11 11 11
11 8 8
4 8 11
8 11 10
10 10 11
4 11 11
11 8 11
11 10 10
11 11 11
8 11 11
11 11 11
11 -4 4
11 8 11
11 11 -4
4 10 11
11 10 4
8 8 11
10 10 10
11 11 11
10 10 11
11 10 11
10 11 10
11 8 11
8 8 11
8 11 8
11 8 11
10 10 11
4 8 11
10 11 8
11 11 11
10 8 8
8 11 11
11 8 4
11 10 8
8 4 11
4 11 10
10 8 10
8 11 11
11 11 8
11 11 11
11 11 11
11 10 10
8 11 11
11 10 11
11 10 11
10 10 8
11 11 8
10 11 10
8 11 11
11 11 11
8 11 11
11 10 11
11 11 11
10 10 11
11 4 11
8 8 11
11 11 11
11 11 11
8 8 8
11 8 10
11 11 11
8 11 11
11 11 4
8 4 11
8 8 11
4 11 10
8 8 8
10 11 11
8 11 11
11 11 11
11 11 4
8 11 11
11 8 11
10 11 10
11 10 11
8 11 11
11 8 11
8 8 11
11 11 11
11 11 11
11 8 11
10 11 11
10 11 11
8 11 11
11 4 11
10 11 11
11 11 11
10 11 11
4 10 11
11 4 8
10 11 11
8 10 10
11 11 11
11 10 11
10 11 11
11 11 11
11 11 10
11 11 11
8 10 11
10 11 10
11 10 11
8 11 11
8 11 11
11 11 10
8 11 10
10 11 10
11 11 8
8 11 10
10 11 11
11 10 11
4 11 10
10 10 11
10 10 11
10 11 11
11 11 11
8 11 11
11 8 11
10 10 11
11 11 11
11 11 11
4 11 11
11 11 8
11 10 11
11 10 10
10 10 11
11 10 11
11 8 11
11 8 11
11 4 4
11 -4 11
11 11 4
10 8 11
11 11 10
11 8 8
10 8 8
11 10 11
-52 4 -51
-52 -4 -52
-52 -4 -52
-52 -4 -45
-85 -4 -52
-85 -4 -52
-52 4 -52
-52 -4 -52
-85 -4 -52
-52 -4 -52
-85 -4 -51
-52 4 -51
-52 8 -51
-52 -4 -49
-52 -4 -52
-52 4 -49
-116 -4 -51
-52 -4 -45
-52 4 -49
-52 4 -45
-52 4 -45
-52 -4 -20
-52 4 -20
-52 -4 -20
-52 8 -20
-52 -4 -20
-52 -4 -20
-52 4 -20
-52 -4 -20
-52 -4 -20
-52 -4 -17
-52 -4 -17
-52 -4 -17
-52 -4 -4
-52 -4 -4
-52 -4 -4
-49 -4 4
-51 -4 8
-49 -4 4
-45 -20 8
-45 -4 4
-20 -20 4
-20 -17 10
-20 -4 10
-20 4 11
-20 -4 11
-20 4 4
-19 -4 11
-17 -4 11
-4 -4 11
-4 -4 11
-4 -4 11
4 -4 11
4 -4 11
8 -4 11
8 -4 11
11 -4 11
11 -4 11
11 -4 11
11 -4 11
11 -4 11
11 -4 11
11 -4 11
11 4 11
11 4 11
11 4 11
11 -4 -213
11 -4 43
11 -4 72
11 -4 51
11 8 74
11 8 68
11 4 74
11 8 75
11 11 83
11 8 74
11 10 75
11 8 75
43 8 75
43 4 75
11 4 91
11 -4 75
51 4 83
43 -4 83
51 4 91
60 4 91
51 -4 140
60 8 140
60 -4 75
60 -4 91
68 -4 83
60 4 91
68 -4 91
68 -4 83
60 4 140
60 -17 91
60 -4 100
72 -4 91
60 -4 83
74 -4 91
-20 10 -20
-20 11 -20
-20 10 -20
-20 11 -20
-20 11 -20
-20 11 -20
-20 11 -20
-20 11 -20
-20 11 -37
-20 11 -45
-49 11 -51
-37 11 -52
-20 11 -52
-20 11 -52
-20 11 -52
-20 11 -52
-19 11 -81
-20 10 -85
-20 10 -52
-20 4 -85
-20 -4 -86
-17 8 -92
-19 4 -92
-17 -4 -85
-20 -17 -86
-20 -4 -85
-20 -4 -88
-20 -4 -85
-20 -20 -81
-20 -20 -52
-20 -4 -52
-20 -4 -52
-20 -4 -52
-20 -20 -52
-20 -20 -52
-20 -4 -52
-17 -17 -52
-19 -4 -52
-4 -4 -52
-20 4 -51
-20 8 -49
-20 -4 -37
-20 -17 -20
-4 -17 -19
-4 -19 -4
-4 -4 4
-19 -19 10
-20 -20 8
-20 -4 11
-20 -4 11
-20 -4 11
-45 -4 11
-45 -4 11
-20 -17 11
-52 -20 11
-52 -17 11
-52 -20 11
-52 -20 11
-52 -20 11
-52 -45 11
-52 -20 11
-52 -38 11
-52 -37 11
-52 -45 11
-85 -45 11
-85 -38 11
-86 -20 11
-86 -37 11
-85 -45 11
-85 -20 11
-85 -45 11
-86 -49 11
-117 -51 19
-86 -51 68
-86 -45 43
-88 -45 68
-92 -20 60
-86 -20 68
-86 -20 51
-88 -37 60
-52 -52 60
-51 -49 60
-20 -49 43
-20 -52 51
-20 -38 43
-20 -45 43
-4 -52 43
-20 -52 60
-17 -52 68
4 -52 60
10 -52 51
11 -52 68
11 -52 68
11 -52 43
11 -52 43
11 -51 11
11 -52 11
11 -52 11
11 -52 11
43 -52 11
8 -20 -52
11 -20 -52
11 -20 -52
11 -20 -52
11 -20 -52
11 -20 -52
11 -20 -52
11 -49 -52
11 -45 -52
11 -49 -52
11 -52 -52
11 -45 -52
11 -52 -52
11 -52 -52
11 -52 -52
11 -52 -52
10 -52 -52
10 -52 -52
8 -52 -52
4 -52 -52
8 -52 -52
8 -52 -52
11 -52 -52
8 -45 -52
11 -45 -52
11 -38 -52
11 -45 -52
11 -45 -52
11 -49 -51
11 -20 -20
11 -45 -20
11 -45 -20
11 -45 -20
11 -20 -20
11 -20 -4
11 -45 -4
11 -38 4
11 -37 10
11 -20 11
11 -45 11
11 -20 11
11 -45 11
11 -20 11
11 -20 11
11 -45 11
11 -20 11
11 -45 11
11 -45 11
11 -49 11
8 -49 11
8 -52 11
10 -49 11
8 -52 11
10 -52 11
8 -52 11
-4 -52 11
4 -52 11
4 -52 11
4 -52 11
4 -52 11
-4 -52 11
-17 -52 11
-17 -51 11
-20 -52 11
-20 -45 11
-49 -20 68
-49 -20 68
-52 -37 60
-52 -20 68
-52 -20 72
-52 -20 68
-52 -17 74
-52 -4 75
-52 -4 75
-52 -4 75
-52 4 74
-52 10 72
-52 11 72
-52 11 68
-52 11 72
-52 11 60
-52 43 43
-52 11 60
-49 43 11
-45 11 51
-49 60 11
-20 11 11
-45 43 11
-20 11 11
-45 11 11
-45 11 11
-45 11 11
-52 11 11
-52 11 11
-52 11 11
-49 11 8
-52 11 4
-52 11 4
-52 10 -4
-52 10 -20
-4 -4 8
-4 -20 8
-4 -17 -4
8 -20 4
4 -20 -19
-4 -20 8
-4 -20 8
-4 -20 -4
-4 -20 -20
4 -20 -19
-17 -20 -4
-19 -20 -20
-20 -20 -4
-20 -45 -20
-20 -45 -20
-20 -52 -20
-20 -45 -20
-20 -45 -20
-20 -52 -20
-20 -52 -20
-20 -52 -20
-20 -52 -45
-20 -52 -20
-20 -52 -37
-20 -52 -20
-46 -52 -45
-20 -52 -20
-20 -52 -52
-20 -52 -52
-45 -52 -45
-38 -52 -45
-20 -116 -52
-38 -52 -37
-20 -52 -52
-20 -52 -51
-20 -52 -51
-20 -81 -52
-20 -52 -49
-20 -85 -52
-20 -81 -45
-20 -81 -52
-20 -85 -52
-20 -86 -52
-4 -88 -52
-17 -85 -52
-20 -85 -52
-20 -52 -49
-19 -81 -52
-20 -85 -51
-20 -85 -52
-20 -52 -52
-20 -52 -52
-20 -52 -45
-20 -81 -49
-45 -81 -52
-38 -52 -52
-20 -116 -52
-20 -52 -52
-20 -52 -52
-20 -52 -52
-20 -52 -52
-20 -52 -52
-20 -52 -52
-19 -52 -52
-4 -52 -52
-4 -52 -52
-4 -52 -52
4 -52 -52
-19 -52 -49
-4 -52 -49
4 -52 -20
4 -52 -20
4 -52 -20
4 -51 -49
-4 -51 -20
-19 -45 -20
-17 -49 -20
-19 -20 -20
8 -49 -20
-4 -45 -20
4 -52 -49
-4 -51 -20
-19 -45 -20
-4 -20 -20
-17 -45 -20
4 -20 -20
4 -20 -20
4 -20 4
4 -19 -20
4 -17 -20
11 -4 -20
10 -17 -20
-4 -20 -4
8 -4 4
8 -4 4
10 4 4
4 -4 4
11 4 4
10 4 8
4 -4 4
-20 -52 11
-20 -52 11
-20 -52 11
-4 -85 11
4 -85 11
4 -85 11
-4 -88 11
10 -88 11
10 -88 11
11 -88 11
11 -229 11
11 -86 11
11 -117 4
11 -117 4
11 -92 11
10 -117 -4
11 -117 -4
11 -117 -20
10 -117 -4
4 -118 -4
8 -117 -20
4 -120 -4
4 -117 -20
4 -117 -19
-4 -117 -20
-20 -117 -20
-19 -117 -20
-19 -117 -20
-4 -117 -20
-20 -92 -20
-20 -88 -4
-38 -88 -17
-20 -86 -17
-20 -81 -4
-37 -85 4
-20 -85 -4
-19 -52 -4
-20 -81 -17
-17 -52 -20
-20 -52 -19
-20 -52 -20
-20 -52 -20
-20 -52 -19
-20 -52 -4
-45 -85 -20
-20 -52 -20
-20 -52 -20
-20 -52 -38
-45 -52 -45
-45 -52 -45
-37 -52 -52
-45 -52 -49
-20 -52 -52
-51 -45 -52
-52 -20 -49
-45 -45 -52
-20 -20 -52
-45 -20 -52
-52 -20 -52
-49 -20 -45
-52 4 -45
-45 8 -49
-49 8 -45
-52 11 -49
-52 11 -49
-52 11 -38
-52 11 -20
-52 11 -20
-52 11 -20
-52 11 -20
-52 11 -45
-52 11 -38
-52 11 -20
-45 11 -20
-52 11 -20
-20 11 -20
-52 11 -20
-45 11 -20
-45 11 -20
-45 11 -20
-20 11 -20
-20 8 -20
-20 11 -20
-4 11 -20
4 11 -19
-4 11 -17
-4 11 -4
10 11 -4
11 11 -4
11 11 -4
11 11 -4
11 11 4
11 11 -4
43 11 4
60 11 4
11 11 8
51 43 -4
68 43 4
68 11 -4
60 43 -4
91 140 75
91 140 75
83 140 75
140 140 75
140 140 91
140 140 75
140 140 91
140 83 75
140 91 83
140 91 75
140 91 91
140 140 140
140 83 140
140 75 140
140 75 140
140 75 140
140 68 91
140 74 83
140 60 91
140 60 140
140 60 91
140 60 91
140 11 140
140 11 83
140 11 91
140 11 91
140 11 91
140 11 90
91 11 91
91 11 91
75 11 90
75 8 75
75 8 83
75 4 75
74 4 75
74 4 75
68 -4 75
68 4 75
43 -4 75
11 -4 72
-213 -17 68
11 -4 68
11 -17 68
11 -20 60
11 -20 51
11 -20 60
11 -20 43
10 -20 43
8 -20 11
4 -20 51
-4 -20 11
-4 -20 11
-4 -20 11
-20 -46 11
-20 -20 11
-20 -37 11
-20 -20 11
-37 -45 11
-49 -45 11
-49 -20 8
-49 -20 -4
-52 -45 4
-45 -45 -4
-37 -45 -4
-52 -20 -20
-52 -45 -19
-52 -45 -20
-52 -45 -20
-52 -20 -20
-52 -52 -20
-52 -45 -20
-52 -45 -45
-52 -38 -52
-52 -45 -49
-52 -49 -52
-52 -52 -51
-51 -52 -52
-52 -52 -52
-52 -52 -52
-52 -52 -52
-52 -52 -52
-52 -52 -81
-52 -52 -52
-52 -81 -52
-52 -81 -85
-52 -85 -85
-52 -116 -85
-52 -85 -85
-52 -52 -85
-52 -85 -92
-52 -88 -85
-52 -117 -85
-52 -117 -86
-52 -117 -117
-52 -117 -85
-52 -117 -88
-52 -117 -92
-52 -117 -101
-52 -120 -101
-52 -117 -101
60 -52 11
68 -52 11
60 -52 11
60 -20 11
60 -52 11
68 -52 11
74 -45 11
72 -52 11
72 -49 11
60 -52 11
60 -52 43
68 -52 11
43 -52 11
43 -52 43
43 -52 43
60 -52 43
43 -52 11
-213 -52 11
11 -88 51
43 -88 51
68 -85 11
43 -117 11
43 -117 11
60 -117 11
43 -117 51
11 -117 11
11 -117 11
11 -117 43
11 -117 11
11 -117 11
11 -117 11
8 -117 11
10 -117 11
8 -117 11
8 -92 10
-4 -86 11
-17 -88 10
-20 -85 8
-20 -52 8
-20 -52 10
-20 -52 10
-38 -45 8
-45 -45 4
-49 -20 4
-51 -20 -4
-52 -20 -20
-52 -20 -4
-52 -20 -20
-52 -4 -20
-52 -4 -17
-85 -4 -20
-88 -4 -45
-81 8 -52
-85 -4 -52
-88 4 -52
-88 -4 -52
-117 8 -52
-86 8 -85
-117 8 -85
-88 11 -92
-117 10 -92
-117 11 -117
-117 11 -117
-117 11 -117
-117 11 -117
-120 11 -117
-120 11 -120
-124 11 -117
-132 11 -117
-132 11 -117
-132 11 -117
-145 51 -120
-132 43 -117
-147 60 -117
-132 43 -117
-145 68 -117
-145 68 -117
-132 75 -88
-132 72 -92
-132 75 -86
-132 72 -88
-132 83 -81
-120 83 -85
-117 140 -52
-117 91 -52
-117 140 -52
-117 91 -52
-85 140 -52
-52 140 -52
-52 91 -52
-52 91 -52
-52 108 -49
-52 75 -52
-52 91 -49
-20 91 -20
-37 75 -20
-20 72 -17
-20 74 -20
-20 72 -4
-20 68 -4
-81 -52 -52
-81 -52 -52
-52 -52 -52
-52 -51 -52
-52 -52 -52
-52 -52 -52
-52 -51 -52
-52 -52 -52
-49 -51 -52
-45 -37 -52
-51 -45 -85
-45 -45 -85
-49 -20 -92
-52 -20 -117
-49 -20 -117
-52 -20 -117
-52 -20 -117
-52 -19 -117
-85 -4 -101
-85 -4 -85
-117 -4 -52
-101 -4 -52
-229 -4 -52
-117 -4 -52
-88 -17 -52
-85 -20 -45
-85 -17 -20
-81 -4 -45
-52 -19 -20
-49 -19 -20
-20 -4 -20
-20 -4 -20
-19 -17 -20
4 -19 -51
4 -20 -51
8 -20 -49
10 -19 -49
8 -4 -45
-4 4 -38
10 -4 -20
4 4 -20
4 10 -20
-4 8 -20
-4 8 -4
-17 11 -4
-4 11 -4
4 10 -4
4 8 8
8 10 8
10 11 10
8 11 8
11 11 10
11 11 11
11 11 11
11 11 11
11 10 11
11 11 11
11 4 11
11 11 11
11 11 11
11 8 11
11 11 11
43 11 11
43 11 11
60 11 11
72 11 11
75 11 11
74 11 11
75 11 11
75 11 11
75 11 11
74 11 11
75 4 43
75 8 11
91 8 43
75 4 11
75 4 11
75 -4 43
74 -4 11
75 4 11
75 4 11
74 4 11
75 4 11
75 4 11
74 4 11
75 4 11
72 -4 11
75 -4 11
72 -4 11
68 -19 11
74 -20 11
75 -19 11
74 -20 11
75 -17 11
75 -19 11
75 -4 11
75 -4 11
91 -4 11
75 4 11
75 4 11
-20 72 43
-19 68 11
-4 72 11
-20 75 68
-4 68 43
-20 75 60
-19 75 72
-20 72 60
-20 72 60
-4 68 72
-20 68 68
-19 75 68
-20 72 72
4 72 68
-4 68 68
-4 74 75
-4 68 74
-20 60 75
4 60 91
4 60 75
-4 68 83
4 68 75
10 68 91
4 43 75
-4 60 75
4 60 75
4 60 83
4 60 75
-4 60 91
8 60 91
8 60 83
8 51 75
11 60 91
-4 43 91
4 43 140
4 51 83
10 43 91
11 60 140
11 60 140
10 60 91
11 11 84
11 51 12
11 68 91
11 60 91
11 43 83
11 43 140
11 51 108
11 68 91
11 43 140
11 60 91
11 60 140
11 11 140
11 43 140
11 11 140
11 11 140
11 11 140
11 11 140
11 11 140
11 11 140
11 11 140
43 11 91
43 11 140
43 11 91
-213 11 140
11 11 140
43 11 140
43 11 140
11 11 140
11 11 140
43 11 140
43 11 140
-213 11 140
60 11 140
60 11 140
43 11 140
68 11 140
68 11 140
11 11 140
68 11 140
43 11 140
43 11 140
72 11 140
72 11 140
72 11 140
74 11 140
75 11 140
72 11 140
75 11 140
72 11 140
74 11 140
75 43 140
75 68 140
72 51 140
75 43 140
74 60 140
75 72 140
68 60 140
74 60 140
68 60 140
68 68 140
72 -45 -20
74 -20 -20
72 -45 -20
74 -45 -20
72 -49 -20
74 -37 -45
75 -38 -20
72 -20 -20
60 -20 -20
72 -20 -20
68 -20 -20
68 -20 -20
43 -20 -20
43 -20 -20
43 -20 -20
11 -17 -20
11 -4 -20
11 -4 -20
11 -4 -20
11 4 -17
11 8 -4
11 8 -4
11 10 4
11 11 4
11 11 8
11 11 8
11 11 10
11 11 11
11 11 11
11 11 11
11 11 11
11 11 11
11 11 11
11 11 11
11 11 11
11 11 11
11 11 11
11 11 11
10 11 43
11 11 11
11 11 43
11 11 11
11 11 43
11 11 51
11 43 51
11 11 43
11 60 60
11 60 60
11 43 60
11 60 68
11 68 68
11 72 68
11 74 68
11 75 72
11 75 72
11 75 72
11 75 68
60 75 68
-213 90 72
43 91 72
43 91 72
60 140 68
43 12 68
60 108 72
43 12 68
43 140 72
43 140 72
11 140 68
11 140 68
43 140 68
11 140 72
11 140 74
11 140 75
11 140 74
11 140 75
11 140 75
11 140 75
11 140 83
11 140 83
11 140 91
11 140 83
11 140 12
11 140 108
11 140 12
11 140 108
11 140 91
11 108 91
11 140 91
11 91 140
11 140 83
60 140 83
44 91 91
43 140 83
51 84 75
60 91 75
68 83 75
72 91 75
72 90 75
60 83 74
43 83 75
-20 11 11
-20 43 11
4 11 11
-4 11 11
-4 51 11
8 11 11
4 11 11
8 11 11
10 11 11
11 11 11
11 11 11
11 11 11
11 11 11
11 11 11
11 11 11
11 11 11
11 11 11
11 11 11
11 11 11
11 11 11
11 11 11
-4 43 11
11 43 11
4 43 10
8 43 10
11 11 11
8 11 11
11 11 11
4 11 11
11 11 11
4 11 4
-4 11 10
11 11 8
8 11 4
10 11 8
10 11 4
10 11 -4
10 11 4
8 11 4
10 11 -4
11 11 -4
11 11 8
11 11 4
11 11 -4
11 11 -4
11 11 4
11 11 -4
11 11 -4
11 11 -4
11 11 -4
11 11 -19
11 11 4
11 11 -4
11 11 -4
11 11 -17
11 11 -19
11 11 -4
11 11 -4
11 11 -19
11 11 -4
11 11 -19
11 11 -17
43 11 -19
43 11 -17
43 11 -20
60 11 -4
11 11 -20
11 11 -20
68 11 -4
11 11 -20
43 11 -20
43 51 -20
51 43 -20
11 11 -20
11 43 -20
43 11 -20
11 51 -20
11 11 -20
11 11 -20
11 11 -19
43 11 -20
11 11 -17
11 11 -4
11 11 -20
11 11 -4
11 11 -4
11 11 -4
11 11 8
11 11 4
11 11 4
11 11 8
11 10 4
11 10 10
11 10 10
11 11 10
11 10 4
11 11 10
11 11 11
51 11 8
11 11 11
8 11 4
11 11 -4
11 11 -4
4 11 -4
4 11 -4
11 11 4
10 8 -4
8 10 -4
11 11 4
10 8 8
-4 10 4
4 8 8
4 11 4
4 11 4
4 11 8
-4 11 4
-4 11 4
-4 11 8
4 11 -4
4 11 8
-4 11 4
-4 11 4
8 11 8
4 11 8
-4 11 8
-4 11 8
4 11 8
4 11 -4
-4 11 10
8 11 8
8 11 8
4 11 -4
11 11 8
4 11 4
-4 11 4
-4 4 4
4 10 4
4 10 -4
4 4 4
4 4 -4
4 4 -4
-4 8 4
-4 4 -17
-4 8 -4
-4 4 -4
-19 4 8
4 8 -4
4 4 -17
4 4 10
-4 -4 4
8 -19 4
4 4 4
-4 -4 4
4 -4 8
-4 4 -4
8 -4 -4
8 -20 4
4 -20 8
-4 -4 8
4 -4 -4
4 -4 4
-4 -4 4
8 -4 -4
-4 -17 4
-4 -4 -4
4 -4 -4
-4 4 -4
4 -20 -4
-4 -20 -4
-4 -17 -4
4 -4 4
-4 -19 -4
-4 -20 -19
-4 -20 4
4 -4 4
4 -20 8
-4 -20 4
-4 -20 4
4 -20 4
10 -20 -4
4 -4 4
4 -20 8
10 -4 4
4 -20 4
-4 -17 4
4 -4 11
4 -4 10
-4 4 11
8 -17 8
4 -4 8
-17 -4 8
-4 4 8
4 -4 11
4 -17 10
4 -4 11
-4 -17 11
8 -17 11
4 -20 11
-4 -4 11
4 -20 11
-20 4 11
-20 4 -213
-19 4 11
-17 8 11
-17 4 11
-17 10 11
-4 10 11
-4 10 11
-4 11 11
-4 11 11
-4 11 11
-4 11 11
4 11 11
8 11 11
4 11 11
11 11 11
10 -213 11
10 43 11
11 43 11
11 43 11
11 60 11
11 60 11
11 60 11
11 60 11
11 60 11
11 60 11
11 60 11
11 68 11
11 60 11
11 68 11
10 60 11
11 60 11
11 43 11
10 43 11
4 51 11
4 11 11
4 11 11
-4 11 11
-19 11 11
-19 11 11
-20 11 10
-20 11 10
-20 11 4
-20 11 8
-20 8 4
-45 8 4
-45 4 4
-49 -4 4
-49 -20 -4
-51 -20 -4
-52 -20 -4
-52 -20 -19
-52 -38 -17
-52 -49 -17
-51 -52 -20
-52 -52 -20
-52 -52 -20
-52 -52 -20
-45 -52 -20
-52 -52 -20
-51 -52 -20
-49 -85 -45
-52 -85 -45
-49 -85 -45
-37 -86 -45
-45 -88 -45
-20 -88 -49
-37 -88 -51
-20 -101 -52
-20 -117 -52
-20 -101 -52
-20 -88 -52
-20 -92 -49
-20 -108 -51
-20 -88 -52
-20 -88 -49
-20 -92 -51
-20 -86 -49
-20 -85 -45
-20 -81 -49
-17 -85 -49
-20 -85 -46
-20 -52 -38
-20 -52 -37
-20 -52 -20
-19 -52 -20
-20 -52 -20
-20 -52 -20
-20 -52 -20
-20 -51 -20
-20 -49 -20
-19 -49 -20
-20 -45 -20
-20 -20 -19
-19 -20 -4
-4 -20 -4
-20 -20 -4
-4 -20 -4
-17 -20 -4
-4 -20 4
-37 11 -52
-20 11 -20
-20 11 -38
-20 8 -45
-20 10 -20
-20 8 -20
4 4 -20
11 8 -20
10 8 -20
11 -4 -20
11 -4 4
11 -4 4
11 -17 -4
11 -20 10
11 -20 10
11 -20 11
11 -20 8
60 -20 11
68 -20 11
68 -45 11
72 -20 11
75 -20 11
75 -52 11
75 -20 11
91 -45 11
140 -45 43
140 -49 51
140 -49 43
140 -49 43
140 -52 60
140 -45 68
140 -45 68
140 -45 75
141 -52 72
140 -37 74
143 -51 68
143 -45 75
147 -49 75
164 -20 75
147 -45 75
168 -20 75
155 -52 83
147 -45 91
204 -20 91
170 -20 91
204 -20 91
164 -20 91
155 -20 12
164 -20 91
143 -45 140
147 -37 91
155 -20 140
143 -37 140
143 -52 140
147 -45 140
143 -20 140
140 -49 140
140 -20 140
140 -20 140
140 -49 140
140 -20 140
140 -45 140
140 -20 140
140 -20 140
140 -20 140
140 -20 140
140 -20 140
75 -45 140
12 -20 140
74 -20 140
75 -20 140
72 -20 140
68 -20 140
51 -20 140
43 -20 140
-213 -20 140
11 -20 140
11 -20 140
11 -20 140
11 -19 140
11 -20 91
10 -20 140
10 -20 75
10 -19 91
-4 -20 90
-4 -20 75
-4 -19 72
-20 -19 74
-20 -4 74
-20 -20 60
-20 -4 68
-20 -4 51
-52 -4 60
-45 10 43
-49 4 11
-52 8 11
-52 4 11
-52 10 11
-52 4 11
-52 4 11
-37 43 11
-37 43 11
-20 11 11
-20 11 11
-20 11 11
-20 11 11
-20 11 11
-20 11 11
-20 11 11
-20 8 11
-20 8 11
-20 4 11
-20 4 11
-38 -4 11
-49 -17 11
-45 -4 -213
-52 -20 11
-52 -20 11
-52 -20 11
-52 -20 43
-52 -20 43
-52 -20 51
-52 -20 43
-52 -20 43
-52 -20 43
-52 -19 43
-52 -4 11
-52 4 43
-52 4 11
-52 4 11
-52 11 11
-49 11 11
-49 11 11
-20 11 11
-20 11 11
-20 11 11
-20 11 11
4 11 11
4 11 11
10 11 11
11 43 11
11 43 10
11 51 10
11 60 4
11 -213 -4
11 11 -4
11 11 4
11 11 -4
11 11 -4
11 11 -4
43 11 -17
11 11 -4
43 11 -4
43 11 -4
11 11 -4
51 11 -20
60 11 -20
51 10 -20
68 11 -20
68 8 -20
60 8 -20
60 8 -20
60 4 -20
72 8 -20
60 10 -20
68 4 -45
68 -4 -45
74 4 -52
60 8 -52
68 4 -52
68 -4 -52
68 -4 -52
72 -4 -52
72 -4 -52
72 -4 -52
68 -4 -52
68 -4 -81
68 -20 -52
68 -20 -85
60 -17 -86
68 -17 -81
60 -20 -85
43 -17 -81
51 -20 -85
43 -20 -81
11 -20 -52
11 -20 -52
11 -20 -52
11 -20 -52
11 -20 -52
11 -20 -52
11 -20 -52
11 -20 -52
10 -20 -49
8 -20 -52
8 -20 -52
4 -20 -52
-4 -20 -49
-4 -20 -52
-4 -20 -52
-117 -52 -88
-117 -52 -86
-117 -116 -85
-117 -52 -52
-120 -52 -52
-120 -52 -52
-117 -52 -52
-120 -52 -52
-132 -52 -52
-124 -52 -52
-132 -52 -52
-132 -52 -52
-132 -85 -52
-147 -85 -49
-148 -85 -49
-148 -86 -49
-148 -85 -45
-145 -86 -45
-124 -88 -20
-132 -92 -20
-145 -92 -20
-145 -86 -20
-132 -88 -37
-132 -85 -20
-124 -88 -20
-120 -88 -20
-120 -86 -20
-117 -85 -20
-117 -81 -20
-117 -81 -20
-117 -81 -20
-117 -52 -20
-101 -52 -19
-88 -52 -20
-85 -52 -20
-85 -52 -19
-85 -52 -4
-81 -52 4
-85 -52 4
-81 -52 4
-52 -52 8
-52 -52 8
-52 -52 11
-52 -52 11
-52 -52 11
-52 -52 11
-52 -52 11
-45 -49 11
-45 -45 11
-20 -20 11
-20 -20 11
-20 -20 11
-20 -20 11
-19 -20 11
-20 -4 11
4 -19 11
4 -4 11
4 4 11
11 -4 11
11 4 11
11 8 11
11 4 11
11 8 11
11 8 11
11 8 11
43 11 11
60 11 11
43 11 11
43 11 11
60 11 11
60 11 11
60 11 11
60 11 11
68 43 11
68 43 11
68 43 11
75 60 11
72 51 11
75 68 11
75 60 11
75 68 8
75 60 4
83 68 -4
91 68 -4
91 72 -4
83 72 -4
140 60 -20
140 60 -20
140 43 -20
91 68 -20
91 60 -20
91 43 -20
91 51 -20
140 51 -20
91 43 -20
140 43 -20
140 43 -20
140 72 -45
140 60 -38
91 51 -45
11 8 -213
11 8 11
4 4 11
4 10 11
8 10 11
8 8 11
10 4 11
8 4 11
8 8 11
10 4 11
-4 10 11
4 8 4
-4 -4 4
-20 4 8
-20 8 -4
-20 4 -19
-20 8 4
-20 4 -4
-4 4 -4
-4 4 4
4 8 -4
8 11 -4
8 11 -4
4 11 4
11 11 -20
11 10 -19
11 4 -19
8 4 -20
11 4 -20
8 8 -4
4 4 -4
-4 10 -4
-17 11 -19
-4 8 -20
-4 11 -20
-20 11 -20
4 11 -17
4 11 4
11 11 4
11 10 8
11 11 8
11 11 8
10 11 11
8 11 8
4 11 4
4 11 4
-4 11 -19
-4 11 -20
-4 11 -20
-4 11 -19
-4 11 -20
-4 11 -20
-4 11 -4
11 11 -19
10 11 -17
10 11 -20
11 11 -4
10 11 -19
11 10 -19
4 11 -20
4 11 -4
-20 11 -4
-4 11 10
-4 11 8
-4 11 11
4 43 11
11 43 11
8 51 11
10 11 11
4 11 11
-4 11 11
8 11 -4
-19 11 -20
-4 11 -20
-4 10 -20
-4 10 -20
8 11 -20
-4 11 -4
4 10 -4
8 11 4
-4 11 8
-4 11 10
8 11 11
-4 8 11
8 8 10
-4 11 11
4 11 11
4 11 11
-19 11 10
10 11 11
4 11 11
4 11 11
8 11 11
10 4 60
-4 8 72
-4 -4 75
8 -4 74
10 -4 72
4 -17 74
8 -4 72
43 60 11
43 60 11
43 43 11
51 43 8
43 11 4
43 11 -4
43 11 -4
43 11 -19
11 11 -20
11 11 -20
11 8 -20
11 4 -20
11 -4 -20
11 -4 -45
11 -20 -49
11 -20 -51
11 -20 -51
11 -20 -52
11 -20 -52
11 -45 -52
11 -45 -52
11 -49 -52
10 -52 -52
4 -52 -52
4 -52 -52
4 -52 -52
4 -52 -52
-4 -52 -52
-4 -52 -52
-4 -52 -52
-4 -51 -52
-4 -49 -52
-17 -45 -52
-19 -45 -52
-17 -20 -52
-17 -20 -52
-4 -20 -52
-4 -20 -49
-4 -20 -45
-4 -20 -20
-4 -19 -20
-4 -17 -4
-4 -4 -4
-4 -4 8
4 4 11
4 8 11
4 8 11
8 10 11
8 11 11
8 11 43
10 11 43
8 11 68
8 11 75
11 11 75
11 11 76
11 11 140
11 11 140
11 11 140
10 11 140
11 11 140
10 43 140
10 43 140
10 43 140
10 51 140
10 51 140
8 68 140
8 68 140
8 68 140
10 68 140
8 68 140
8 68 140
8 68 140
8 68 91
8 60 75
8 60 75
10 43 68
8 11 60
10 11 43
10 11 11
11 11 11
11 11 11
11 11 10
11 8 4
11 4 -4
11 -4 -4
11 -20 -20
11 -20 -20
11 -20 -20
11 -49 -20
11 -52 -45
11 -52 -49
11 -52 -51
11 -52 -52
11 -85 -52
11 -86 -52
11 -88 -52
11 -101 -52
11 -117 -52
11 -117 -52
11 -117 -52
-52 -45 83
-51 -20 91
-52 -20 12
-52 -20 91
-51 -20 140
-52 -20 140
-52 -20 140
-52 -20 140
-52 -20 140
-52 -20 140
-52 -4 140
-52 -4 140
-52 -4 140
-52 4 140
-52 -4 140
-52 -4 140
-52 4 140
-52 8 140
-52 4 140
-52 8 140
-52 8 140
-52 10 140
-52 11 140
-52 11 140
-52 11 140
-85 11 140
-52 11 140
-85 11 140
-81 11 140
-85 11 140
-85 11 140
-88 11 140
-85 11 140
-88 11 140
-88 43 140
-101 11 140
-88 43 140
-117 60 12
-117 44 91
-117 60 91
-117 68 83
-117 68 83
-117 72 83
-117 72 75
-117 75 75
-117 75 75
-117 75 75
-117 75 75
-117 83 75
-117 75 75
-117 140 72
-117 90 72
-117 140 68
-117 91 68
-117 140 68
-117 140 68
-88 140 60
-88 140 60
-86 140 60
-86 140 68
-85 140 60
-85 140 60
-85 140 51
-85 140 51
-85 140 51
-81 140 43
-52 140 51
-52 140 -213
-52 143 43
-52 140 43
-52 147 43
-49 140 11
-20 140 11
-37 147 11
-20 143 11
-20 147 11
-20 147 11
-20 147 11
-17 141 11
-4 143 11
4 155 11
4 143 11
10 147 11
8 143 11
11 143 11
11 140 11
11 140 11
11 140 11
11 140 11
11 140 11
11 140 11
11 140 11
11 140 11
11 140 11
43 140 11
43 140 11
44 140 11
60 140 8
68 108 8
72 91 8
4 11 11
10 11 11
10 11 11
11 11 11
11 11 11
11 11 11
11 11 11
11 11 11
11 11 11
11 11 11
11 11 11
11 11 11
11 11 11
11 11 11
11 11 11
11 11 11
11 11 11
11 11 11
11 11 11
11 11 11
11 11 11
11 11 11
11 11 11
43 11 11
43 11 11
43 11 11
51 11 11
68 11 11
68 11 11
60 11 -213
72 11 11
68 11 11
72 11 11
75 8 11
75 11 43
72 11 43
74 11 43
75 11 11
75 11 43
83 10 11
75 11 43
75 8 11
75 11 11
75 4 -213
75 11 43
19 10 43
75 10 43
75 10 43
74 11 43
75 11 43
75 10 43
75 11 51
75 11 43
75 11 43
75 11 51
75 10 60
75 11 72
75 11 68
75 11 72
74 11 60
72 11 72
75 11 72
75 11 74
75 11 74
75 11 72
75 11 75
74 11 75
75 11 74
72 11 75
74 11 75
75 11 75
75 11 75
72 11 83
72 11 75
72 11 75
72 11 75
72 11 75
75 11 75
74 11 74
72 11 68
68 11 60
72 11 60
68 11 43
72 11 68
68 11 60
68 11 68
68 11 68
68 11 43
68 11 43
19 8 11
60 8 11
51 4 11
43 4 11
43 -4 11
43 -4 11
43 -4 11
11 -4 11
-213 -17 11
11 -19 11
11 -20 11
10 11 11
11 11 11
11 11 11
10 11 8
11 11 8
10 11 4
10 11 4
10 11 10
8 11 11
8 11 11
8 11 8
8 11 4
8 11 -4
8 11 -17
10 11 -4
8 10 -4
10 11 -4
10 11 -4
10 11 -17
11 11 -17
11 11 -17
4 11 -4
8 11 4
4 11 -4
4 11 -4
8 11 -4
4 11 -20
10 11 -20
10 11 -17
8 11 -20
8 10 -19
4 8 -20
8 11 -4
4 11 -20
8 11 4
8 8 -4
4 8 -4
4 8 -20
4 4 -20
8 8 -20
8 8 -20
8 11 -20
8 10 -19
4 8 -20
10 8 -19
4 8 -20
4 10 -4
10 4 -4
8 4 -4
4 -4 -4
4 -4 -20
8 -4 -20
4 -4 -20
4 -4 -20
8 -4 -20
4 -4 -4
8 -4 4
10 -4 -4
8 -4 -4
4 -4 -20
4 4 -20
4 4 -17
4 4 -4
4 -4 -4
8 -4 -4
8 -4 -20
8 -20 -20
8 -4 -20
4 -4 -20
4 -4 -20
4 4 -4
4 -4 -20
8 -20 -4
10 -20 -20
11 -17 -20
8 -4 -17
4 -4 -17
4 -4 -4
4 -4 -20
4 -4 -20
4 -4 -20
4 -20 -20
8 -17 -20
8 -20 -20
4 -17 -20
4 -19 -20
8 -17 -20
4 -4 -20
10 4 -20
8 -17 -20
4 -17 -20
10 -20 -20
8 -20 -20
4 -4 -20
4 -4 -20
8 -4 -20
8 -4 -20
10 -17 -20
8 -19 -20
8 -20 -20
10 11 -49
10 8 -49
11 11 -49
11 11 -51
11 11 -52
11 11 -52
11 11 -52
11 11 -52
11 11 -52
11 11 -52
11 11 -52
11 11 -52
11 11 -52
11 11 -52
11 11 -52
11 11 -52
11 11 -52
11 10 -52
11 11 -81
11 10 -52
11 8 -81
11 8 -52
11 8 -52
11 8 -52
11 8 -52
43 8 -52
43 8 -52
60 10 -52
43 11 -52
60 10 -52
51 11 -52
60 8 -52
51 10 -52
51 11 -85
43 10 -85
11 8 -85
-213 4 -81
11 4 -52
11 4 -52
43 -4 -52
43 -17 -52
43 -4 -49
43 -20 -37
43 -20 -38
60 -20 -20
68 -20 -20
72 -20 -20
72 -20 -19
75 -20 -20
75 -20 -20
75 -20 -20
75 -20 -19
75 -20 -20
19 -20 -17
75 -20 -20
75 -20 -20
75 -20 -4
72 -17 -4
72 -20 4
60 -20 8
60 -19 8
51 -17 10
43 -20 11
43 -17 11
11 -20 11
11 -17 11
11 -17 11
11 -4 11
11 -4 11
11 -4 11
11 -4 11
11 -4 11
43 4 11
43 -4 11
60 -4 43
11 4 -213
11 4 43
11 4 51
11 4 60
11 8 60
11 11 43
11 10 60
11 10 51
11 11 60
11 11 60
10 11 51
11 11 43
10 11 51
4 11 51
4 11 43
4 11 51
-4 11 11
-4 43 11
-4 43 11
-4 60 11
-20 60 11
-20 60 11
-20 68 11
-20 68 11
-20 68 11
11 11 11
11 11 11
10 11 11
11 11 11
11 11 11
11 11 11
11 11 11
11 11 11
11 11 11
11 11 11
11 11 11
11 11 11
11 11 11
11 11 11
11 11 11
11 11 11
11 11 11
11 11 11
11 11 11
11 11 11
11 11 11
11 11 11
11 11 11
11 11 11
11 11 11
11 11 8
11 11 11
11 11 8
11 10 8
11 11 4
11 11 4
11 11 4
11 11 4
11 11 4
11 11 -4
11 11 4
11 11 -4
11 11 -4
11 11 4
11 11 4
11 11 -4
11 11 4
11 11 4
11 11 4
11 11 4
11 11 4
11 11 -4
11 11 4
11 11 -4
11 11 4
11 11 -4
11 11 4
11 11 -4
11 10 4
11 11 4
11 11 4
11 11 -4
11 10 8
11 11 4
11 10 4
11 10 4
11 8 4
11 8 8
11 8 4
11 -4 -4
11 -4 4
11 -4 4
11 4 4
11 -4 4
11 4 8
11 -4 8
11 -4 11
11 -17 11
11 -20 11
11 -20 11
11 -20 11
8 -20 11
4 -20 11
4 -20 11
4 -20 11
4 -20 11
4 -20 11
-4 -20 11
-4 -20 11
-4 -20 11
-20 -20 11
-20 -20 11
-17 -20 8
-20 -20 11
-20 -17 8
-19 -4 11
-20 -4 8
-20 4 10
-20 -4 11
-20 4 10
-20 -4 10
-17 -4 4
-20 4 11
-17 -4 11
-20 4 4
11 -19 11
11 -4 11
11 -4 11
11 -4 11
11 4 8
11 4 4
11 8 4
11 4 -4
11 4 -4
11 8 -4
11 8 -4
11 10 -4
11 11 4
11 11 8
11 11 10
11 11 11
11 11 11
11 11 11
11 11 10
11 10 11
11 10 10
11 8 8
11 4 11
43 4 10
51 4 11
60 -4 4
60 4 4
60 -4 -4
-213 -4 -4
11 -4 -20
43 4 -4
43 4 -4
11 8 -4
11 8 -4
11 4 4
11 -4 8
11 4 11
11 4 11
11 -4 10
11 4 10
11 8 8
11 8 8
11 10 8
11 8 8
11 11 11
11 11 11
11 11 11
11 11 11
11 11 11
11 11 43
11 11 43
11 11 -213
11 43 43
11 60 43
11 43 43
8 43 43
4 11 51
-4 11 60
-4 11 43
-4 11 43
-4 11 43
4 11 43
8 11 43
11 11 60
11 11 68
11 11 68
11 11 72
11 11 75
11 11 75
11 11 75
8 11 75
4 11 75
-4 11 75
-20 11 75
-20 11 75
-20 11 74
-19 11 75
-4 11 74
-4 11 75
-4 11 75
-17 11 72
-4 11 74
-4 11 72
-4 11 68
-4 60 72
-4 60 68
4 68 68
4 60 72
10 60 72
11 68 72
11 43 68
11 43 68
11 43 68
11 11 60
11 11 68
11 51 60
11 43 60
11 43 60
10 11 60
8 11 44
-20 11 -20
-17 -213 -20
-20 -213 -20
-20 -213 -20
-20 11 -20
-20 11 -20
-20 11 -20
-20 11 -20
-20 11 -20
-20 11 -20
-20 -213 -20
-20 43 -20
-4 60 -19
-4 44 -20
-4 60 -20
-4 68 -20
-4 68 -20
4 68 -19
8 72 -20
10 72 -20
10 72 -4
11 72 -4
11 68 -19
11 72 -17
11 68 -4
11 68 -4
11 68 -4
11 68 4
11 60 4
11 60 4
11 68 8
11 68 8
11 60 11
11 60 11
11 68 11
11 68 11
11 68 11
11 68 11
11 68 11
11 68 11
11 68 11
11 60 11
11 72 11
11 68 11
11 68 11
11 68 11
11 68 11
11 60 11
11 60 11
11 43 11
11 43 11
11 11 11
11 11 11
11 11 11
11 11 11
-213 11 11
11 11 -213
43 11 43
43 11 60
43 11 60
43 11 68
43 11 68
43 11 68
43 11 72
43 11 72
43 11 72
60 11 74
43 11 74
43 11 72
43 11 74
43 11 72
43 11 72
11 11 72
43 11 72
43 10 72
11 11 68
11 11 68
43 11 68
43 11 68
43 11 68
43 11 68
51 11 68
60 11 68
60 11 68
68 11 68
68 11 68
60 11 68
72 11 68
68 11 72
74 10 72
74 10 72
74 11 72
74 11 72
74 11 68
72 11 68
72 11 72
72 11 72
74 11 68
72 11 68
72 11 68
11 8 74
11 4 68
51 8 68
68 8 72
75 8 43
75 4 72
91 4 68
140 4 60
140 4 60
140 4 60
140 -4 72
140 4 75
140 4 72
140 4 43
140 8 68
140 4 60
140 8 43
140 10 51
140 8 11
140 8 43
140 11 43
140 11 11
140 11 11
140 11 11
140 11 11
140 11 11
140 11 43
140 11 11
140 11 11
12 43 11
140 43 11
140 60 11
140 60 -213
12 68 43
83 72 43
75 74 43
91 75 11
75 75 11
75 75 43
72 19 -213
72 91 11
60 140 11
43 140 43
43 140 11
11 140 -213
11 140 11
11 140 11
11 140 11
11 140 11
11 140 11
11 140 11
10 140 11
8 140 51
8 91 11
8 83 11
4 75 11
-4 75 11
-20 75 43
-20 72 11
-20 60 11
-20 19 11
-20 43 11
-49 -213 11
-52 11 11
-52 11 11
-52 11 11
-52 11 11
-49 11 11
-52 11 11
-52 4 11
-52 4 11
-52 4 11
-20 -17 11
-20 -20 8
-20 -20 10
-20 -20 10
-20 -20 8
-19 -45 -4
-4 -49 10
4 -49 -20
8 -51 -20
-4 -52 -20
4 -52 -20
10 -52 -20
8 -52 -45
11 -52 -51
11 -52 -52
11 -52 -52
11 -52 -52
11 -52 -52
11 -52 -81
11 -52 -81
11 -52 -92
11 -52 -86
11 -52 -88
11 -52 -85
11 -52 -85
11 -52 -85
11 -52 -85
11 -52 -85
4 11 11
-4 11 11
-4 11 11
-4 11 11
-4 8 11
-17 11 11
-4 11 11
-4 11 11
-4 11 11
-4 11 11
4 11 11
4 11 11
4 11 11
-4 11 11
4 11 11
4 11 11
8 11 11
8 11 11
4 11 11
4 11 11
8 11 11
8 11 11
11 11 10
4 11 11
4 11 11
8 11 11
8 11 11
8 11 11
8 11 11
8 11 11
8 11 11
8 11 11
10 11 11
10 11 11
10 11 11
10 11 11
11 11 11
8 11 11
11 11 11
10 11 11
11 11 11
11 11 11
11 11 11
11 11 11
11 11 11
11 43 11
11 43 11
11 11 11
11 43 11
11 11 11
11 43 11
11 11 11
11 11 11
11 11 11
11 11 11
11 11 11
11 11 10
11 11 8
11 11 11
11 11 11
11 11 11
11 11 10
11 11 11
11 11 11
11 11 11
11 11 11
11 11 8
11 11 11
11 11 11
11 11 4
11 11 4
11 11 8
11 11 4
11 11 4
11 11 4
11 11 -4
11 11 -4
11 11 -20
11 11 -4
11 11 -4
11 11 -4
11 11 -19
11 11 -19
11 11 -20
11 11 -20
11 11 -17
11 11 -20
11 11 -20
11 8 -20
11 8 -20
11 4 -20
11 4 -20
11 4 -20
11 4 -20
11 -4 -20
11 4 -20
11 -4 -20
11 4 -20
11 4 -20
11 4 -20
10 11 11
10 8 10
8 4 4
11 10 11
8 8 11
8 8 4
11 8 11
8 10 8
11 8 10
11 4 11
11 8 11
8 4 -4
11 11 11
11 8 8
8 10 8
11 11 8
11 10 11
8 4 8
11 8 8
11 8 11
11 10 11
11 8 8
11 8 11
11 10 -4
4 10 11
10 4 11
4 11 8
8 10 11
8 11 10
11 11 8
8 10 4
8 11 10
11 10 11
11 10 8
11 4 11
11 10 8
11 11 10
11 11 11
10 10 11
8 10 8
10 11 11
11 4 11
10 8 11
4 8 10
4 10 8
10 11 11
10 11 11
8 11 10
11 11 11
10 11 11
11 10 11
4 8 10
11 8 4
11 8 11
10 8 11
8 8 11
4 8 11
10 10 11
4 4 11
10 11 11
8 4 11
8 8 11
11 -4 11
11 8 10
10 -4 11
10 8 8
8 4 11
10 4 11
8 8 11
8 8 11
8 4 10
4 -4 11
11 8 11
10 -4 11
8 4 11
8 8 11
8 11 11
8 8 11
11 10 11
8 8 10
4 11 10
11 11 11
8 4 10
8 4 10
8 11 11
8 4 10
11 4 8
11 8 4
4 11 10
4 11 11
10 8 11
4 8 11
11 8 8
8 4 11
11 8 11
11 10 11
8 8 4
11 8 8
8 4 11
4 8 8
8 4 8
4 8 11
11 11 10
10 11 11
10 10 11
8 10 8
-4 10 10
4 8 11
-4 8 11
10 4 4
4 10 4
-4 11 10
-4 11 8
8 8 4
8 8 4
11 4 8
4 4 -4
8 8 11
11 4 11
8 -4 11
4 8 10
11 8 10
10 11 11
8 8 11
11 8 11
4 10 11
11 4 8
11 8 8
4 8 11
8 8 11
4 8 11
11 11 8
11 -4 10
4 8 11
11 8 4
8 4 10
11 11 11
4 8 11
10 -4 11
11 8 4
8 8 4
10 10 10
11 4 11
8 4 10
10 8 4
10 4 10
4 10 11
8 10 10
11 11 11
4 4 10
10 4 11
8 4 10
8 11 10
8 8 -4
11 8 8
11 11 4
11 10 4
8 10 8
11 8 4
11 4 -4
11 8 4
10 8 8
4 4 4
4 4 4
8 10 8
11 11 10
11 -4 11
11 10 10
11 4 4
11 8 11
8 11 4
11 4 -4
10 4 10
10 8 -20
11 8 -4
11 8 4
11 11 -4
8 11 4
4 10 8
11 11 4
8 8 11
8 8 4
11 10 4
8 4 4
11 4 -4
11 8 -4
11 -4 8
11 11 4
4 11 4
8 11 -4
8 4 4
8 4 10
8 4 8
8 4 10
10 10 10
10 8 -4
11 11 8
11 8 11
11 8 4
8 8 -20
10 4 11
8 11 11
8 11 4
11 8 11
10 8 4
8 4 8
11 10 10
10 4 11
11 -4 11
10 8 8
-4 4 8
4 11 11
11 8 4
8 8 11
8 8 11
4 8 11
8 8 11
10 -4 11
11 4 11
10 4 8
4 4 10
11 4 11
11 8 11
10 8 11
10 8 11
8 8 11
11 11 11
4 8 11
4 10 8
11 10 8
10 -4 11
11 10 11
11 4 8
11 -4 10
8 4 11
8 4 8
8 8 11
11 8 11
11 8 4
8 8 4
10 8 11
11 -4 10
11 4 8
11 8 4
11 11 11
11 4 11
11 10 4
10 10 10
11 11 4
11 4 11
11 8 10
10 8 8
11 -4 -4
11 8 11
8 8 11
8 11 11
10 8 10
11 11 -4
11 10 -4
11 11 8
8 8 4
4 4 4
8 8 8
11 8 11
11 8 4
11 4 8
11 8 4
11 8 4
8 11 10
11 4 8
10 10 4
11 8 11
11 4 8
10 8 11
11 -4 4
8 8 4
11 -4 11
11 8 10
11 10 11
11 4 8
11 4 10
8 8 10
10 10 11
8 11 10
10 8 10
11 10 11
11 10 10
10 8 8
11 10 11
8 10 8
11 8 4
11 11 8
11 11 11
4 8 8
11 11 8
11 4 10
11 4 11
11 4 11
11 11 11
11 8 8
End
