0 0 1 0
5 246 260
230 258 260
262 258 69
149 258 -123
62 37 -243
5 5 -247
-26 -235 -247
-187 -247 4
-26 -247 5
2 -58 205
5 5 258
5 230 258
158 258 260
262 258 260
254 258 2
5 37 -222
62 5 -247
4 -219 -247
-151 -247 -26
-123 -247 62
5 -123 158
2 -10 258
5 134 258
134 258 258
262 258 260
262 258 5
66 69 -222
5 5 -243
-10 -215 -247
-123 -243 -55
-151 -247 5
2 -138 162
5 2 254
-2 5 258
85 254 258
262 258 258
262 258 5
69 134 -187
62 5 -243
-26 -235 -243
-171 -247 2
-57 -247 5
2 -92 198
5 5 258
2 134 258
137 258 258
262 258 258
262 258 2
5 62 -219
62 5 -243
5 -194 -247
-126 -243 -26
-130 -243 62
5 -123 149
2 -23 258
5 54 258
134 258 258
262 258 258
262 258 5
77 134 -219
5 5 -243
62 5 -247
-92 -243 -58
-154 -247 5
2 -138 162
5 4 254
2 5 258
5 258 260
262 258 260
262 258 5
134 134 -151
62 -219 -243
5 4 -247
-51 -243 -202
-220 -243 54
5 -247 134
2 -26 254
5 5 258
5 198 258
231 258 258
262 258 134
164 258 -123
62 37 -243
5 5 -243
5 -154 -247
-190 -247 5
5 -247 77
2 -44 246
5 5 258
4 149 258
85 258 258
262 258 258
233 258 2
5 5 -242
62 5 -247
5 -138 -247
-154 -247 -10
-26 -247 62
5 -58 201
2 2 258
134 254 -123
62 37 -243
5 5 -247
5 -194 -247
-124 -247 -43
-154 -247 69
2 -55 233
5 5 258
5 162 258
134 258 258
262 258 258
230 258 2
5 5 -226
62 5 -247
2 -222 -243
-154 -247 -26
-123 -247 134
5 -10 246
2 5 260
5 230 260
134 258 258
262 258 258
137 258 -123
62 37 -243
5 5 -247
5 -190 -247
-123 -247 -58
-187 -247 134
2 -26 246
5 5 258
5 165 258
134 258 258
262 258 258
262 258 -58
5 5 -235
62 5 -247
2 -187 -247
-91 -243 -107
-194 -247 5
5 -58 201
2 2 258
5 198 260
69 258 258
261 258 258
262 258 -190
62 62 -235
5 5 -247
54 -130 -247
-58 -243 -247
-226 -247 37
5 -58 205
5 5 258
2 134 258
62 254 258
246 258 260
262 258 134
262 69 -194
62 5 -243
5 -98 -247
-26 -236 -247
-202 -247 5
2 -247 134
5 5 258
2 134 258
5 254 258
205 258 258
262 258 258
246 258 -154
62 5 -243
5 5 -243
-2 -235 -247
-171 -247 -10
-26 -247 62
5 -26 258
5 37 258
5 230 260
198 258 258
262 258 258
262 258 5
5 5 -243
62 5 -247
-25 -222 -243
-194 -247 5
2 -154 137
5 5 258
2 134 258
54 254 258
233 258 258
262 258 258
246 258 -2
62 -219 -243
5 4 -247
-2 -235 -247
-187 -247 2
-2 -247 134
5 -51 258
5 134 258
5 246 258
199 258 258
262 258 260
5 5 258
5 230 258
198 258 258
262 258 258
230 258 5
62 5 -243
62 5 -247
-26 -235 -247
-154 -243 -26
-123 -247 5
2 -124 198
-2 5 258
5 212 258
134 258 260
262 258 258
262 258 4
54 85 -243
5 5 -243
4 -202 -247
-126 -243 -58
-190 -247 54
5 -138 134
2 5 258
5 246 258
134 258 258
262 258 258
254 258 2
5 54 -243
5 5 -247
-2 -226 -247
-154 -247 -26
-123 -247 62
5 -123 164
2 5 258
5 205 258
141 258 258
262 258 258
261 258 5
66 69 -222
62 5 -247
-26 -235 -247
-153 -243 -26
-124 -247 5
2 -123 198
5 4 254
5 198 258
134 258 258
262 258 258
262 258 5
85 134 -154
62 37 -243
5 -172 -247
-94 -243 -123
-220 -247 54
5 -171 134
2 -26 254
5 149 260
77 258 260
260 258 258
262 258 5
137 198 -154
5 5 -243
2 -171 -247
-58 -243 -247
-220 -247 5
2 -247 134
5 -23 246
2 5 258
62 254 260
246 258 258
262 258 45
149 258 -123
62 37 -243
5 -123 -247
-57 -243 -247
-219 -247 5
5 -247 134
-2 -51 246
5 5 258
37 254 260
230 258 258
262 258 134
198 258 -58
5 5 -235
62 5 -247
-26 -243 -247
-194 -247 -2
-26 -247 62
5 -58 201
2 2 258
5 258 258
198 258 258
262 258 5
134 162 -130
62 -219 -243
5 5 -247
-58 -243 -202
-222 -247 37
5 -219 134
2 -26 254
5 5 258
5 165 260
134 258 258
261 258 258
262 258 5
134 37 -222
62 5 -243
-10 -202 -243
-94 -243 -247
-235 -243 5
2 -247 134
-2 -10 258
5 149 258
62 254 258
230 258 258
262 258 5
134 158 -235
5 5 -243
5 -154 -247
-58 -243 -247
-235 -247 5
5 -247 5
2 4 258
2 134 258
45 254 260
230 258 260
262 258 85
198 258 -130
62 5 -243
5 -154 -243
-58 -243 -247
-222 -247 -2
-26 -243 62
5 -58 258
5 134 258
5 246 258
205 258 258
262 258 205
198 258 -55
62 -87 -243
62 -123 -247
-51 -243 -247
-215 -247 5
-26 -247 5
-2 -58 213
-243 85 258
5 254 258
198 258 258
262 258 260
233 258 -2
5 37 -222
5 -58 -247
-10 -235 -247
-187 -247 -26
-124 -243 62
5 -123 162
2 -10 258
66 254 260
233 258 258
262 258 66
198 258 -138
5 5 -243
5 -154 -247
-58 -243 -247
-220 -247 -2
-10 -247 62
5 -58 205
-2 2 260
5 254 258
212 258 258
262 258 246
198 258 -58
62 37 -236
5 -123 -247
-51 -243 -247
-219 -247 5
-10 -247 5
-2 -58 230
5 5 258
5 254 258
198 258 258
262 258 258
246 258 2
5 45 -220
62 5 -247
-25 -236 -243
-187 -247 -26
-58 -247 62
5 -58 198
2 -10 258
5 246 258
198 258 258
262 258 258
254 258 5
62 68 -222
5 5 -243
-26 -243 -243
-179 -247 2
-58 -243 5
2 -92 198
134 134 -187
5 5 -243
62 -123 -243
-51 -243 -247
-219 -247 5
-26 -151 134
2 -26 254
5 134 258
37 254 258
230 258 260
262 258 260
149 230 -151
5 5 -243
62 5 -247
-26 -243 -247
-187 -247 -2
-91 -247 141
5 -2 246
2 102 258
37 254 258
230 258 258
262 258 260
262 258 -123
62 37 -243
5 5 -247
-10 -235 -247
-187 -247 -26
-130 -247 62
2 -26 254
5 102 258
5 246 258
198 258 258
262 258 260
262 258 -123
5 5 -235
62 5 -247
-26 -235 -247
-154 -247 -26
-138 -247 5
2 -26 231
2 54 258
5 246 258
198 258 258
262 258 258
262 258 5
62 45 -244
5 5 -243
2 -222 -247
-154 -247 -58
-190 -247 62
5 -130 134
5 5 258
5 198 258
137 258 258
262 258 258
262 258 5
137 134 -222
62 5 -247
-26 -222 -247
-130 -243 -151
-220 -247 5
2 -194 134
5 -10 258
5 205 258
134 258 258
262 258 258
262 258 5
134 134 -243
5 5 -247
-10 -235 -243
-190 -247 -55
-187 -243 62
5 -123 141
2 5 258
5 230 260
162 258 260
262 258 258
262 258 5
102 134 -194
62 5 -243
-26 -243 -243
-187 -247 -58
-187 -247 5
2 -151 149
5 -2 258
5 230 258
141 258 258
262 258 258
262 258 5
69 134 -171
62 5 -243
-2 -226 -247
-171 -247 -94
-220 -247 45
5 -235 134
2 -26 254
5 198 258
134 258 258
262 258 258
262 258 5
262 258 258
261 258 2
5 85 -187
62 5 -243
5 -243 -247
-87 -247 -91
-219 -243 54
5 -154 134
2 -26 254
5 134 258
37 254 258
262 258 258
262 258 5
134 134 -187
5 5 -243
62 -123 -247
-55 -243 -91
-194 -247 5
-2 -215 137
5 -10 246
2 85 258
134 258 258
262 258 258
230 258 5
62 68 -226
5 5 -243
5 -190 -247
-124 -247 2
-58 -247 5
2 -123 198
5 5 258
5 198 260
134 258 258
262 258 258
246 258 2
5 68 -202
62 5 -243
-10 -218 -247
-123 -243 -247
-123 -247 62
5 -123 158
2 -23 258
5 198 260
134 258 258
262 258 258
246 258 5
62 69 -220
5 5 -243
5 -187 -247
-123 -247 -247
-235 -243 5
2 -123 198
5 5 258
5 158 260
134 258 258
262 258 258
258 258 2
5 77 -188
62 5 -243
-2 -190 -247
-98 -243 -247
-235 -247 258
5 -124 141
2 -26 258
5 198 258
134 258 260
262 258 258
262 258 5
68 134 -202
5 5 -243
5 -153 -247
-91 -243 -247
-243 -247 5
-243 -126 165
5 4 254
4 134 258
77 258 258
262 258 260
262 258 84
85 134 -187
5 5 -243
62 -123 -247
-58 -243 -247
-243 -243 5
-26 -247 149
5 2 254
2 134 258
68 258 258
258 258 260
262 258 5
62 69 -226
5 5 -243
5 -188 -247
-124 -247 -247
-235 -247 5
5 -247 198
5 5 258
5 198 260
134 258 258
262 258 258
2 134 258
69 258 258
262 258 258
262 258 258
254 258 2
262 -219 -243
5 5 -247
-26 -243 -243
-222 -247 -25
-58 -247 62
5 -91 198
2 85 258
62 254 258
261 258 258
262 258 260
261 258 2
5 85 -243
5 5 -243
-2 -235 -247
-202 -243 -26
-94 -247 54
5 -94 165
2 134 258
37 254 258
260 258 260
262 258 258
262 258 5
69 134 -202
62 5 -247
-26 -243 -247
-194 -247 2
-58 -247 5
2 -123 198
5 5 258
54 254 258
260 258 258
262 258 260
262 258 4
37 134 -154
62 5 -247
-2 -235 -243
-190 -243 -26
-123 -247 62
5 -123 162
2 -23 258
5 254 260
258 258 258
262 258 258
262 258 5
69 134 -190
5 5 -247
-26 -236 -247
-188 -247 -2
-94 -247 134
2 -51 230
5 5 258
134 258 258
262 258 258
262 258 134
198 258 -10
5 5 -226
62 5 -247
-58 -243 -243
-235 -247 4
2 -247 134
5 -26 230
2 4 258
5 258 260
262 258 258
262 258 134
198 258 5
62 54 -235
5 5 -243
-58 -247 -247
-236 -243 5
5 -247 102
2 -55 233
5 5 258
5 233 258
262 258 258
262 258 141
198 258 -2
5 37 -222
62 5 -243
-23 -243 -247
-235 -247 -2
-10 -247 134
5 -55 205
2 2 258
5 246 260
262 258 260
262 258 141
198 258 5
62 54 -235
5 5 -243
5 -215 -247
-243 -247 5
-26 -243 5
2 -58 204
5 5 258
2 -26 246
5 5 258
5 254 258
254 258 258
262 258 260
262 258 -58
5 5 -235
62 5 -243
-26 -235 -247
-187 -243 -58
-154 -247 5
5 -58 201
2 2 258
5 254 258
230 258 258
262 258 258
262 258 -55
62 37 -236
5 5 -243
2 -222 -247
-187 -243 -58
-187 -247 62
5 -58 230
5 5 258
5 237 258
230 258 258
262 258 258
262 258 5
5 5 -235
62 5 -243
-26 -235 -247
-187 -247 -58
-154 -247 5
2 -153 260
2 2 258
5 246 258
230 258 258
262 258 260
262 258 5
66 5 -235
5 5 -243
4 -222 -243
-187 -247 -58
-190 -243 62
5 -151 134
-243 5 258
5 233 258
230 258 258
262 258 258
262 258 5
102 134 -187
5 5 -247
5 -202 -247
-154 -247 -91
-219 -243 54
5 -154 134
2 -26 258
5 230 258
201 258 260
262 258 258
262 258 5
134 134 -171
5 5 -247
-10 -243 -247
-243 -247 -26
-58 -247 62
5 -91 198
2 -10 258
68 258 258
262 258 258
262 258 260
258 258 2
5 69 -194
62 5 -247
-26 -243 -247
-235 -247 -26
-119 -247 62
5 -98 164
2 -10 258
62 254 258
262 258 258
262 258 260
246 258 5
62 69 -222
5 5 -247
-26 -243 -247
-235 -247 2
-58 -247 5
2 -123 198
5 5 258
5 258 258
262 258 260
262 258 260
254 258 2
5 69 -202
62 5 -243
-26 -243 -247
-235 -247 -26
-92 -247 62
5 -123 164
-219 -243 -26
-123 -247 62
5 -123 158
2 -23 258
5 198 260
141 258 260
262 258 260
262 258 2
5 134 -179
62 5 -243
5 -123 -247
-194 -243 -26
-138 -243 62
5 -124 141
2 -25 258
5 198 260
134 258 260
262 258 260
261 258 5
68 134 -202
5 5 -243
62 -114 -247
-58 -247 2
-2 -247 85
5 -55 213
2 2 258
5 254 258
231 258 258
262 258 54
149 258 -58
62 37 -243
5 5 -243
4 -222 -243
-187 -247 5
5 -247 77
2 -55 233
5 5 258
5 246 258
233 258 258
262 258 54
198 258 -123
5 5 -235
62 5 -243
-26 -235 -247
-187 -247 5
2 -247 134
5 -26 230
2 4 258
5 254 258
246 258 258
262 258 5
137 258 -94
62 37 -243
5 5 -247
2 -222 -247
-188 -247 -26
5 -243 102
2 -51 233
5 5 258
5 246 260
254 258 258
262 258 5
162 258 -126
5 5 -235
62 5 -247
-26 -235 -247
-194 -247 -26
-124 -247 134
5 -26 230
2 4 258
5 254 260
254 258 260
262 258 258
262 258 -123
62 37 -243
5 5 -247
2 -242 -247
-194 -247 -26
-138 -247 62
5 -26 230
2 4 258
5 254 260
246 258 260
262 258 258
262 258 -94
62 37 -243
5 5 -247
2 -222 -247
-190 -243 -26
-154 -247 62
5 4 254
5 141 258
134 258 258
262 258 258
262 258 134
198 258 -190
5 5 -243
62 -2 -247
-58 -243 -247
-243 -247 5
5 254 260
246 258 258
262 258 258
260 258 2
5 85 -187
62 5 -243
-10 -222 -247
-154 -247 -51
-154 -247 5
2 -130 162
5 2 254
5 254 258
231 258 258
262 258 258
262 258 4
54 134 -171
62 5 -243
4 -220 -247
-187 -247 -26
-154 -247 62
5 -126 141
2 -25 258
5 246 258
246 258 260
262 258 260
260 258 5
69 134 -202
5 5 -243
-26 -235 -247
-187 -247 -26
-126 -247 5
2 -124 198
5 4 254
4 141 258
254 258 258
262 258 260
258 258 2
5 85 -188
62 5 -243
5 -226 -243
-194 -247 -26
-130 -247 62
5 -123 149
2 -25 258
5 246 260
262 258 258
262 258 5
162 258 -126
5 5 -235
62 5 -247
-25 -243 -247
-235 -247 5
2 -247 134
5 -26 230
2 4 258
5 254 260
262 258 260
262 258 5
134 258 -123
62 37 -243
5 5 -247
2 -222 -247
-235 -243 5
5 -247 134
2 -26 246
5 5 258
5 254 260
258 258 260
262 258 5
137 230 -138
5 5 -236
62 5 -247
-26 -235 -247
-243 -247 5
2 -247 134
5 -26 231
2 5 260
37 254 260
261 258 258
262 258 5
141 233 -138
5 5 -236
62 5 -247
-26 -235 -247
-190 -247 5
2 -243 134
5 -26 230
2 5 258
37 254 260
260 258 258
262 258 5
134 198 -123
62 37 -243
5 5 -247
2 -235 -247
-202 -247 -26
5 -219 134
2 -26 254
5 5 258
37 254 258
62 5 -247
-26 -243 -247
-222 -243 -2
-94 -243 5
2 -123 198
5 5 258
5 254 258
260 258 260
262 258 258
233 258 5
62 84 -219
62 5 -247
-26 -243 -243
-219 -247 -2
-123 -247 5
2 -123 198
5 4 258
62 254 258
262 258 258
262 258 258
246 258 2
5 69 -194
62 5 -247
-23 -236 -247
-235 -247 -26
-123 -247 62
5 -107 162
2 -23 258
62 254 258
262 258 258
262 258 158
198 258 5
62 68 -226
5 5 -243
-26 -243 -247
-243 -243 2
-58 -247 5
-2 -94 198
5 5 258
5 258 258
262 258 258
262 258 85
134 149 -154
5 5 -243
62 5 -247
-138 -247 -94
-219 -247 5
2 -219 134
5 -10 237
2 77 258
66 258 258
262 258 258
262 258 5
77 134 -138
62 37 -243
5 5 -247
-154 -247 -58
-219 -247 45
5 -154 134
2 -26 254
5 134 258
69 254 258
262 258 258
262 258 5
134 162 -154
5 5 -243
62 5 -247
-26 -243 -94
-219 -243 5
2 -215 135
5 -10 246
2 85 258
66 258 258
262 258 258
262 258 5
77 134 -138
62 37 -243
5 5 -247
-26 -243 -247
-219 -247 45
5 -154 134
2 -26 254
5 134 258
69 258 258
262 258 258
262 258 5
102 134 -187
5 5 -243
62 5 -247
-51 -243 -247
-243 -247 5
2 -151 149
5 -2 254
2 134 258
134 258 258
262 258 258
261 258 4
54 134 -154
62 -219 -243
5 -26 -247
5 5 258
5 198 258
158 258 258
262 258 260
254 258 5
69 69 -194
62 5 -243
5 -154 -247
-91 -243 -92
-219 -247 5
2 -247 134
2 -23 258
5 198 260
141 258 258
262 258 258
261 258 4
66 198 -222
5 5 -243
37 -154 -247
-123 -247 -58
-219 -247 13
5 -247 134
2 5 258
5 198 260
198 258 260
262 258 258
246 258 5
69 141 -154
62 5 -243
-2 -202 -243
-130 -247 -43
-154 -247 5
2 -154 137
5 -10 260
5 230 260
198 258 260
262 258 258
246 258 2
5 134 -153
62 -138 -243
5 -202 -243
-154 -247 -26
-154 -247 62
5 -153 134
2 -26 254
-26 230 258
262 258 258
262 258 5
134 258 -58
5 37 -222
62 -51 -243
-57 -243 -235
-226 -247 4
-10 -243 62
5 -58 198
2 -2 258
134 258 260
262 258 260
262 258 5
102 258 -91
62 45 -236
5 5 -247
-58 -247 -123
-226 -247 5
5 -247 85
2 -58 230
5 5 258
5 258 258
262 258 260
261 258 5
134 258 -130
5 5 -235
62 5 -247
-94 -243 -58
-202 -247 5
2 -247 134
5 -26 230
2 4 258
5 254 258
262 258 258
260 258 5
102 233 -138
5 5 -235
62 5 -247
-26 -235 -58
-190 -247 5
-2 -247 134
5 -26 230
2 4 258
37 254 258
258 258 260
258 258 4
54 149 -126
62 37 -243
5 5 -243
-10 -235 -247
-190 -247 54
5 -190 134
2 -26 246
5 134 258
-10 -222 -247
-154 -247 -10
-124 -247 5
2 -171 137
5 -10 237
2 201 258
198 258 258
262 258 258
237 258 5
62 149 -154
5 5 -235
-10 -222 -243
-154 -247 -10
-123 -247 5
2 -187 135
5 -23 233
2 134 258
205 258 258
262 258 198
230 258 2
5 134 -153
62 37 -243
5 -222 -243
-187 -247 -26
-123 -247 62
5 -154 134
2 -26 254
5 149 258
230 258 258
262 258 68
198 258 5
62 134 -190
5 5 -243
62 -124 -247
-202 -247 4
-58 -247 5
2 -126 165
5 2 254
5 164 258
134 258 258
262 258 37
198 258 -2
5 85 -187
62 5 -243
5 -187 -247
-222 -243 -10
-51 -247 62
5 -123 149
2 -25 258
5 198 258
165 258 258
262 258 5
141 258 5
62 85 -219
5 5 -243
5 -154 -247
-123 -243 5
-10 -247 5
2 -123 198
5 4 254
5 198 258
165 258 258
262 258 4
5 199 -123
62 37 -243
5 5 -243
-10 -243 -247
-219 -247 5
2 -247 134
5 -26 230
2 85 258
62 258 258
262 258 258
262 258 2
5 149 -126
62 37 -243
5 5 -243
-26 -243 -243
-235 -247 -2
5 -154 134
2 -26 246
5 134 258
69 258 258
262 258 258
262 258 5
62 134 -187
5 5 -243
62 -26 -247
-58 -243 -247
-235 -247 5
5 -153 149
5 -2 246
4 134 258
134 258 258
262 258 258
262 258 5
5 134 -154
62 37 -243
5 -153 -247
-87 -243 -123
5 5 -243
-10 -235 -247
-219 -243 -26
-58 -243 62
5 -124 137
2 5 258
5 230 258
258 258 258
262 258 62
165 258 5
62 134 -194
62 5 -243
-26 -243 -247
-220 -243 5
-43 -247 5
2 -124 165
5 2 258
66 246 258
262 258 258
262 258 5
164 258 -2
5 69 -190
62 5 -247
-26 -243 -247
-235 -247 -2
-26 -247 54
5 -123 149
2 -25 258
85 254 260
262 258 258
262 258 5
134 258 -26
62 66 -226
5 5 -243
-58 -243 -190
-235 -247 5
5 -247 5
2 -91 198
5 5 258
5 258 258
262 258 260
262 258 5
134 258 -123
5 5 -222
62 5 -243
-94 -247 -91
-202 -247 5
2 -247 134
5 -58 198
2 -10 258
-219 230 258
262 258 260
262 258 5
69 258 -94
62 45 -235
5 5 -243
2 -235 -58
-219 -243 37
5 -247 85
2 -58 230
5 5 258
5 230 258
261 258 258
254 258 5
69 164 -138
5 5 -235
62 -187 -247
-123 -243 -10
-58 -247 62
5 -123 141
2 -26 254
5 198 258
164 258 258
262 258 5
134 258 5
62 69 -220
5 5 -243
5 -187 -243
-130 -247 -55
4 -247 5
2 -123 198
5 4 254
5 198 260
198 258 258
262 258 5
134 258 -58
5 54 -219
62 5 -243
-23 -220 -247
-154 -243 -10
-123 -247 62
5 -87 198
2 -10 258
5 212 258
230 258 258
262 258 137
69 258 -92
62 45 -235
5 5 -243
2 -226 -243
62 201 -130
5 5 -235
62 5 -243
-26 -243 -247
-219 -247 5
-243 -243 134
5 -26 230
2 62 258
68 254 258
262 258 258
262 258 5
62 149 -153
5 5 -235
62 5 -243
-26 -243 -247
-235 -247 5
5 -247 134
5 -26 230
2 134 258
85 258 258
262 258 258
262 258 5
134 134 -153
62 37 -243
5 -187 -247
-138 -243 -26
-123 -247 62
5 -179 165
2 -23 258
5 205 258
230 258 260
262 258 85
201 258 -2
5 54 -235
5 5 -243
5 -219 -247
-187 -247 -25
-58 -247 62
5 -153 134
5 5 258
5 230 258
260 258 258
262 258 5
137 258 5
62 134 -235
62 5 -243
-26 -243 -247
-219 -243 5
2 -247 5
2 -126 165
5 5 258
66 246 260
262 258 260
262 258 5
134 258 -2
5 69 -190
5 5 -247
-26 -243 -202
-222 -247 5
2 -243 62
5 -123 158
2 -25 258
134 258 258
262 258 258
262 258 5
69 258 -26
62 66 -226
5 -188 -247
-58 -243 -91
-219 -247 45
5 -247 5
-2 -122 201
5 5 258
137 258 258
262 258 258
258 258 5
69 258 -123
5 5 -226
62 5 -247
-91 -247 -58
-190 -247 54
5 -247 77
2 -58 230
5 5 258
5 230 258
262 258 260
246 258 5
62 198 -130
5 5 -235
62 5 -247
-26 -247 -10
-123 -243 5
2 -247 164
5 2 254
5 162 258
162 258 258
262 258 5
135 258 -2
5 69 -190
62 5 -243
5 134 -138
62 37 -243
5 5 -247
-10 -243 -247
-222 -247 5
2 -187 134
2 -26 237
5 77 258
68 246 258
262 258 258
262 258 5
62 134 -179
5 5 -243
62 5 -243
-26 -243 -154
-222 -247 37
5 -247 149
5 -2 246
2 134 258
134 258 258
262 258 258
262 258 5
102 102 -187
62 -219 -243
5 -10 -243
-58 -243 -58
-154 -247 5
2 -247 134
2 -25 254
5 198 258
164 258 258
262 258 258
260 258 2
5 141 -247
5 5 -243
62 -138 -247
-123 -247 -26
-126 -247 62
5 -179 134
2 66 258
5 198 258
212 258 258
262 258 258
205 258 5
62 134 -179
262 5 -243
-2 -219 -247
-154 -247 4
-43 -247 5
2 -151 149
5 -10 246
5 205 258
233 258 258
262 258 198
205 258 -2
5 134 -154
62 37 -243
5 -219 -247
-187 -247 -10
-26 -247 62
5 -130 134
2 -26 254
5 258 258
262 258 260
262 258 5
69 198 -130
5 5 -235
62 5 -247
-87 -243 -26
-138 -247 5
2 -247 134
5 -51 205
2 -2 258
54 258 258
262 258 260
258 258 2
5 135 -126
62 37 -243
5 5 -243
-126 -247 -26
-123 -243 54
5 -154 134
2 -26 246
5 134 258
77 254 260
262 258 198
198 258 5
62 134 -187
5 5 -243
62 5 -247
-51 -243 5
-25 -247 5
2 -138 158
5 -2 246
4 137 258
134 258 258
262 258 54
198 258 -2
5 69 -188
62 5 -243
5 134 -187
62 5 -243
5 -26 -243
-58 -243 -58
-171 -247 5
2 -130 162
5 -2 246
4 141 260
134 258 258
262 258 258
262 258 5
5 69 -188
62 5 -243
5 -126 -243
-92 -243 -26
-138 -247 5
2 -247 149
2 -25 258
5 198 258
198 258 258
262 258 258
258 258 2
5 62 -242
5 5 -243
5 -187 -247
-138 -247 -26
-98 -243 62
5 -154 134
5 5 258
5 213 258
246 258 258
262 258 199
198 258 5
62 134 -235
62 5 -247
-26 -235 -247
-190 -247 5
2 -243 5
2 -58 213
5 158 258
149 258 258
262 258 258
262 258 5
69 165 -138
5 5 -243
5 -154 -247
-123 -247 -26
-123 -247 5
2 -247 134
5 -26 230
2 198 258
205 258 258
262 258 260
254 258 2
5 134 -138
62 37 -243
5 -190 -247
-154 -247 -26
-58 -247 62
5 -151 134
2 -26 254
5 137 258
230 258 260
262 258 258
205 258 5
62 134 -187
5 5 -243
62 5 -247
-187 -247 5
-26 -247 5
2 -138 158
5 -2 246
2 137 258
134 258 258
262 258 66
198 258 -2
5 77 -187
62 5 -243
5 -123 -247
-219 -247 5
2 -243 62
5 -123 149
2 -25 258
5 198 258
198 258 258
262 258 5
134 258 -26
62 66 -226
5 5 -243
45 -172 -243
-130 -247 54
5 -247 5
2 -122 201
5 5 258
5 213 258
246 258 258
262 258 5
85 258 -126
5 5 -235
62 5 -243
134 233 -124
5 5 -242
62 5 -247
-26 -235 -247
-194 -247 5
-26 -247 85
2 -58 230
5 5 258
5 230 258
262 258 258
262 258 69
69 141 -153
5 5 -235
62 -130 -247
-94 -247 -51
-154 -247 5
2 -123 198
5 2 254
5 134 258
198 258 258
262 258 258
260 258 5
5 62 -215
62 5 -243
5 -190 -247
-138 -247 -2
-123 -247 5
2 -154 198
2 -23 258
5 205 258
246 258 258
262 258 258
230 258 2
5 45 -235
5 5 -243
4 -220 -247
-188 -247 -23
-58 -247 62
5 -126 134
5 5 258
54 230 258
262 258 258
262 258 37
149 258 5
62 69 -247
62 5 -243
-26 -243 -247
-235 -247 5
5 -247 5
2 -107 198
5 137 258
134 258 258
262 258 258
262 258 5
134 258 -123
5 37 -222
262 5 -243
-58 -243 -87
-194 -247 5
2 -247 134
5 -58 198
2 -10 258
141 258 258
262 258 258
262 258 5
102 198 -130
5 5 -235
62 5 -243
-123 -243 -26
-138 -247 5
2 -247 134
5 -44 213
-2 2 258
68 258 258
262 258 258
254 258 2
5 134 -138
62 37 -243
5 5 -243
-154 -247 -26
-94 -247 62
5 -151 198
5 5 258
5 199 258
230 258 258
262 258 5
134 258 -91
62 54 -235
5 5 -243
5 -202 -247
-219 -243 54
5 -247 85
2 -58 230
5 5 258
5 230 258
262 258 258
261 258 5
69 141 -153
5 5 -235
62 5 -247
5 5 -247
-58 -243 -58
-188 -247 5
2 -247 77
5 -58 198
2 134 258
134 258 258
262 258 260
261 258 5
69 258 -123
5 5 -226
5 -94 -243
-94 -243 -26
-138 -243 5
2 -247 134
5 -58 199
2 -2 260
201 258 258
262 258 260
231 258 2
5 134 -130
62 37 -243
5 -187 -247
-154 -247 -26
-91 -247 62
5 -154 134
2 -26 246
5 134 258
261 258 258
262 258 5
141 258 5
62 134 -194
5 5 -243
62 5 -247
-219 -243 5
5 -247 5
2 -123 165
5 2 254
5 165 258
198 258 260
262 258 5
134 258 -51
5 66 -215
62 5 -243
5 -194 -243
-215 -247 5
2 -247 62
5 -91 198
2 -23 258
5 205 258
258 258 258
262 258 4
62 258 -91
62 54 -235
5 5 -243
5 -219 -247
-187 -247 62
-243 -138 142
5 -2 246
4 141 258
149 258 258
262 258 258
134 258 5
62 6 -202
5 5 -243
62 -58 -247
-94 -247 -26
-154 -247 5
2 -123 198
5 2 254
5 198 258
205 258 258
262 258 260
205 258 -91
5 54 -219
62 5 -243
4 -215 -247
-154 -247 2
-58 -247 5
5 -58 198
2 -10 258
5 230 258
262 258 260
262 258 37
165 258 -123
62 37 -243
5 5 -247
2 -235 -243
-219 -247 2
-2 -247 62
5 -51 233
5 66 258
69 246 260
262 258 258
262 258 5
85 258 -10
5 5 -243
62 5 -243
-51 -243 -94
-220 -247 37
2 -247 134
5 -58 198
2 -2 258
62 230 258
262 258 258
262 258 2
5 134 -130
62 37 -243
5 5 -243
-10 -243 -243
-222 -247 5
2 -154 134
5 -26 230
-2 134 258
134 254 258
262 258 260
262 258 -2
5 134 -154
62 37 -243
5 5 -247
-58 -243 -58
-179 -247 5
2 -126 135
2 -26 254
5 164 258
198 258 258
262 258 258
262 258 2
62 69 -222
5 5 -243
62 -154 -243
-126 -247 -26
-123 -247 62
5 -154 198
5 5 258
5 198 258
254 258 258
262 258 230
198 258 5
62 5 -226
62 5 -247
-25 -235 -243
-194 -247 5
5 -243 5
2 -126 164
2 4 258
69 230 258
262 258 258
262 258 5
149 258 -51
5 68 -243
5 5 -247
-26 -243 -107
-215 -247 5
2 -247 66
5 -91 198
2 149 258
141 258 258
262 258 258
262 258 4
66 198 -123
62 45 -235
262 -91 -247
-98 -243 -26
-138 -247 62
5 -202 134
2 -55 230
5 141 258
262 258 258
262 258 134
198 258 -2
5 134 -179
62 5 -243
5 -235 -247
-219 -247 4
2 -247 62
5 -123 149
-2 -25 254
5 198 258
262 258 258
262 258 5
134 258 -58
62 66 -226
5 5 -243
45 -179 -87
-219 -247 54
5 -247 77
2 -58 201
5 5 258
5 205 258
262 258 258
262 258 5
69 158 -138
5 5 -235
62 5 -247
-26 -235 -247
-98 -247 5
2 -171 134
5 -26 230
2 102 258
54 230 260
262 258 260
262 258 5
149 258 -2
5 69 -188
62 5 -243
-26 -236 -243
-219 -243 5
5 -247 5
2 -123 198
5 2 254
134 233 258
262 258 258
262 258 5
134 258 -94
5 54 -219
62 5 -243
-57 -243 -58
-172 -247 5
2 -247 134
5 -58 198
2 -10 258
37 258 258
262 258 258
258 258 2
62 85 -202
5 5 -243
62 -51 -247
-226 -247 5
5 -247 5
2 -123 198
5 4 254
5 198 258
230 258 258
262 258 5
134 258 -123
5 37 -220
62 5 -247
2 -219 -247
-154 -247 5
2 -243 134
5 -58 198
2 -10 258
45 230 258
262 258 258
254 258 2
5 135 -126
62 37 -243
5 5 -243
-2 -236 -171
-220 -247 62
5 -154 134
2 -26 246
5 134 258
134 254 258
262 258 258
149 258 5
62 134 -194
5 5 -243
62 5 -247
-58 -247 -43
-154 -243 258
2 -123 198
5 2 254
5 165 258
201 258 258
262 258 258
230 258 -94
5 62 -219
62 5 -243
5 -194 -247
-154 -247 4
-51 -247 5
-243 -58 198
2 -10 258
5 212 258
262 258 258
262 258 37
134 258 -2
5 5 -242
62 5 -243
-25 -235 -247
-215 -247 5
5 -247 5
2 -123 212
2 5 258
77 231 258
262 258 258
262 258 5
134 258 -87
5 37 -243
5 5 -247
-26 -243 -58
-58 -247 62
5 -154 134
2 -26 258
5 198 258
260 258 258
262 258 66
198 258 -2
134 258 -58
5 68 -202
62 5 -243
5 -154 -247
-126 -243 2
-58 -247 62
5 -123 149
2 -25 254
5 198 258
230 258 258
262 258 149
62 230 -92
62 54 -235
5 5 -243
5 -194 -243
-187 -247 -10
-26 -247 102
-2 -58 230
5 5 258
54 213 258
262 258 258
262 258 5
134 134 -154
5 5 -236
62 5 -247
-26 -243 -123
-222 -247 37
5 -247 5
5 62 258
5 198 258
258 258 258
262 258 66
198 258 -2
5 37 -236
5 5 -243
5 -219 -243
-194 -247 2
-2 -247 62
5 -124 137
5 5 258
69 230 258
262 258 258
262 258 5
85 258 -58
62 66 -243
62 5 -247
-26 -243 -122
-219 -247 54
5 -247 69
2 -91 198
5 135 258
165 254 258
262 258 258
254 258 5
62 141 -138
5 5 -235
5 -138 -243
-123 -247 -2
-91 -243 5
2 -171 134
5 -26 230
2 77 260
258 258 258
262 258 69
198 258 -2
5 134 -154
62 37 -243
5 -235 -243
-194 -247 2
-10 -247 62
5 -126 135
2 -26 254
5 158 258
262 258 258
262 258 5
102 258 -58
62 68 -222
5 5 -243
62 -151 -247
-219 -247 5
2 -243 62
5 -92 164
2 -25 258
5 198 258
258 258 260
261 258 4
5 198 -107
62 45 -235
5 5 -243
5 -219 -247
-194 -247 62
5 -194 134
2 -57 230
5 5 258
69 230 258
262 258 258
198 258 -98
5 62 -215
62 5 -243
5 -187 -247
5 134 258
134 230 258
262 258 260
262 258 4
54 134 -94
62 37 -243
5 5 -243
-26 -243 -58
-179 -247 5
2 -247 134
5 -58 198
5 141 258
198 254 260
262 258 258
246 258 2
5 134 -126
62 37 -243
62 -126 -247
-126 -247 -26
-92 -247 62
5 -154 134
2 -26 233
5 198 258
262 258 258
262 258 5
137 258 5
62 134 -194
5 5 -243
-26 -235 -243
-219 -243 5
5 -247 5
2 -123 134
5 2 254
5 162 258
262 258 260
262 258 5
85 213 -123
5 45 -220
62 5 -243
5 -243 -51
-154 -247 5
2 -247 134
5 -58 198
2 -10 258
37 201 258
262 258 258
230 258 2
5 134 -130
62 37 -243
5 5 -243
-2 -236 -123
-98 -247 62
5 -171 134
2 -51 233
5 102 258
134 230 258
262 258 5
141 258 5
62 134 -194
5 5 -243
62 5 -247
-58 -243 -51
-171 -247 5
-2 -123 165
5 2 246
5 142 258
201 258 258
262 258 5
62 134 -154
5 5 -235
62 5 -247
-26 -243 -130
-226 -247 5
5 -154 137
5 -26 230
2 134 258
134 237 258
262 258 258
260 258 5
5 85 -187
62 5 -243
5 5 -243
-119 -243 -10
-123 -247 5
2 -219 149
2 -26 254
5 134 258
230 258 258
262 258 134
199 258 -2
5 54 -235
5 5 -243
5 -188 -247
-179 -247 -10
-26 -247 62
5 -138 134
5 5 258
37 205 258
262 258 258
262 258 5
5 -247 69
2 -87 198
5 5 258
5 198 258
261 258 260
262 258 5
68 134 -126
5 5 -226
62 5 -243
5 -219 -247
-179 -247 5
2 -190 134
5 -51 201
2 -10 258
66 230 258
262 258 258
262 258 -2
5 134 -154
62 37 -243
5 5 -247
-10 -243 -58
-154 -247 5
2 -126 134
2 -26 254
5 141 258
164 258 258
262 258 258
246 258 2
62 68 -222
5 5 -243
62 -26 -243
-123 -247 -25
-58 -247 62
5 -154 260
5 5 258
5 198 258
261 258 258
262 258 5
134 258 5
62 2 -235
62 5 -247
-10 -235 -247
-202 -247 5
5 -247 5
2 -123 198
-243 -2 258
6 233 258
262 258 258
262 258 5
69 230 -123
5 5 -222
5 5 -243
-26 -243 -51
-154 -247 5
2 -247 134
5 -58 198
2 -10 258
198 258 258
262 258 258
233 258 -10
62 69 -219
5 5 -243
-26 -235 -138
-219 -243 5
5 -243 5
2 -123 198
5 4 254
5 198 258
262 258 258
261 258 5
69 198 -126
5 5 -226
62 5 -243
5 -243 -10
-123 -247 5
2 -194 134
5 -55 201
2 -2 258
62 230 258
262 258 134
198 258 -2
5 134 -154
62 37 -243
5 5 -247
-10 -243 2
-23 -247 62
5 -130 134
-2 -26 254
5 141 258
162 254 258
262 258 5
85 258 -58
62 69 -222
5 5 -243
62 -25 -243
-123 -247 -26
5 -247 66
2 -91 198
5 5 254
5 198 258
2 -91 198
5 4 254
5 198 258
230 258 258
262 258 5
62 149 -138
5 5 -235
62 5 -243
5 -202 -243
-154 -243 5
5 -154 134
5 -26 230
2 -2 258
62 230 258
262 258 258
262 258 5
5 134 -171
62 37 -243
5 5 -247
-10 -243 -23
-123 -247 5
2 -243 134
5 -2 246
2 134 258
134 254 258
262 258 258
230 258 5
62 134 -211
62 5 -243
5 5 -247
-87 -243 5
-26 -247 5
2 -154 141
5 -10 258
5 198 258
246 258 258
262 258 5
141 258 -58
5 69 -187
5 5 -243
5 -202 -171
-187 -247 5
2 -247 62
5 -107 149
2 -26 258
69 230 258
262 258 258
261 258 4
5 158 -123
62 45 -235
5 5 -247
-26 -243 -26
-123 -247 62
5 -243 134
2 -58 230
5 5 258
198 258 258
262 258 85
165 258 5
62 134 -187
5 5 -243
62 5 -243
-130 -247 5
5 -247 5
2 -126 164
5 -2 246
2 134 258
134 258 258
230 258 2
5 134 -138
62 37 -243
5 5 -247
5 -220 -10
-52 -247 62
5 -151 134
2 -26 246
5 102 258
102 233 258
262 258 5
134 258 -58
62 13 -219
5 5 -243
62 5 -247
-57 -243 -26
5 -247 37
2 -94 198
5 4 254
5 198 258
201 258 258
262 258 5
62 149 -130
5 5 -226
62 5 -243
5 -190 -247
-153 -243 5
5 -172 134
5 -51 205
2 -2 258
45 230 258
262 258 258
258 258 258
262 258 5
134 258 5
62 77 -219
5 5 -243
62 -219 -247
-188 -247 5
2 -247 62
5 -123 149
2 -26 258
5 198 258
262 258 260
262 258 4
66 230 -94
62 54 -244
62 5 -247
-26 -243 5
-10 -247 5
2 -138 149
5 -10 237
-2 134 258
134 254 258
262 258 5
141 258 -26
5 69 -194
62 5 -243
5 -10 -247
-91 -243 5
2 -247 62
5 -91 165
2 -23 258
5 198 258
230 258 258
262 258 2
5 149 -123
62 37 -243
5 5 -243
5 -219 -247
-187 -247 5
5 -154 134
2 -26 246
5 5 258
69 233 258
262 258 258
262 258 4
62 134 -187
5 5 -243
62 5 -247
-26 -243 -51
-171 -247 62
5 -247 165
5 2 254
5 141 258
162 258 258
262 258 258
230 258 5
62 54 -219
62 5 -243
5 -179 -247
-126 -247 5
2 -247 5
2 -138 149
2 -10 258
5 205 258
261 258 260
262 258 5
137 258 -58
5 68 -243
5 5 -243
2 -235 -87
-190 -247 5
2 -247 85
5 -91 134
2 134 258
134 254 258
262 258 258
260 258 2
5 141 -123
62 37 -243
62 5 -247
-91 -243 -26
-58 -243 62
5 -154 134
2 -26 254
5 231 258
262 258 258
262 258 5
68 258 -91
62 54 -235
5 5 -243
-51 -243 -26
-138 -247 54
5 -247 102
2 -58 230
5 5 258
5 230 258
262 258 258
198 258 5
62 134 -179
5 5 -243
5 5 -235
62 5 -243
-26 -243 -55
-187 -247 62
5 -243 77
2 -26 230
2 134 258
134 231 258
262 258 258
246 258 5
62 149 -130
62 5 -243
5 5 -247
-58 -243 2
-58 -247 5
2 -171 134
5 -26 258
5 198 258
230 258 258
262 258 5
162 258 -26
5 134 -154
62 5 -243
5 -215 -138
-187 -247 5
2 -247 62
5 -123 149
2 -26 254
69 230 258
262 258 260
261 258 4
-219 134 -94
62 54 -235
5 5 -243
-58 -243 -26
-123 -247 62
5 -187 134
2 -58 230
5 5 258
37 258 258
262 258 54
162 258 5
62 134 -187
5 5 -243
62 5 -243
-154 -243 5
5 -247 134
5 -122 198
2 -23 258
5 198 258
254 258 258
258 258 2
5 149 -123
62 37 -235
5 5 -247
5 -202 -219
-187 -247 62
5 -171 134
2 -51 231
5 5 258
66 230 258
262 258 258
135 258 5
62 134 -190
5 5 -243
62 5 -247
-51 -243 -26
-126 -247 5
2 -123 198
5 2 254
5 158 258
198 258 258
262 258 68
165 198 -123
5 37 -222
62 5 -243
5 -194 -243
-154 -243 5
5 -247 5
5 -58 198
2 -10 258
37 212 258
262 258 258
262 258 5
134 258 -247
62 37 -243
5 5 -247
-23 -243 -26
-138 -247 5
2 -247 134
5 5 254
5 141 258
149 254 258
262 258 201
230 258 2
5 134 -126
262 5 -243
62 -138 -243
-124 -247 -2
-26 -247 62
5 5 -243
62 5 -247
-91 -247 -10
-26 -243 62
5 -154 134
2 -25 258
5 198 258
213 258 258
262 258 5
141 258 -58
5 102 -179
5 5 -243
5 -194 -138
-179 -247 5
2 -247 54
5 -123 149
2 -25 258
66 230 258
262 258 258
260 258 2
5 162 -98
62 54 -235
5 5 -243
-55 -243 -26
-91 -247 62
5 -179 134
2 -57 230
5 5 258
198 258 258
262 258 5
134 258 5
62 134 -187
5 5 -243
62 5 -247
-154 -247 5
5 -247 5
2 -123 198
5 2 246
2 141 258
162 258 258
261 258 5
66 198 -123
5 37 -220
62 5 -243
5 -172 -247
-87 -247 5
-2 -194 134
5 -58 198
2 -10 258
5 205 258
262 258 258
198 258 -2
5 134 -138
62 37 -243
5 5 -247
2 -235 -55
-154 -243 62
5 -138 134
2 -26 246
5 134 258
134 246 258
262 258 258
230 258 -58
62 69 -222
5 5 -243
62 5 -247
-92 -247 -10
-26 -247 134
2 -43 233
5 5 258
66 230 258
262 258 258
260 258 2
5 134 -194
5 5 -243
62 5 -247
-51 -243 -26
-91 -247 62
5 -179 134
5 2 254
5 162 258
198 258 258
262 258 5
135 258 5
62 134 -222
62 5 -243
5 -202 -247
-154 -247 5
5 -247 5
2 -123 134
5 -2 258
54 230 258
262 258 258
262 258 5
66 198 -123
5 45 -220
5 5 -247
-26 -243 -2
-91 -247 5
2 -187 134
-190 -247 62
5 -247 5
2 -123 198
5 4 254
5 165 258
205 258 258
262 258 2
5 198 -94
62 54 -235
5 5 -243
54 -187 -247
-91 -247 54
5 -202 134
2 -58 230
5 5 258
5 212 258
262 258 62
149 258 5
62 134 -188
5 5 -243
62 5 -247
-26 -243 -26
-123 -247 5
2 -123 165
5 2 246
4 141 260
165 258 258
262 258 149
68 198 -123
5 37 -222
62 5 -243
5 -190 -247
-151 -247 5
5 -247 258
5 -58 198
2 -10 258
37 246 258
262 258 258
205 258 5
5 62 -215
62 5 -243
5 -138 -247
-123 -247 5
5 -247 5
2 -154 258
2 -10 258
5 198 258
260 258 260
262 258 5
134 258 -92
5 -23 -243
5 5 -243
-2 -235 -51
-138 -247 5
2 -247 77
5 -91 165
-243 134 258
134 246 258
262 258 260
237 258 -2
5 135 -126
62 37 -243
5 -26 -247
-92 -247 5
-2 -247 5
2 -154 134
5 -26 230
2 -2 258
233 258 258
262 258 5
134 258 -87
5 13 -187
62 5 -243
5 -226 -58
-187 -247 5
-2 -247 62
5 -123 142
2 -25 258
5 198 258
262 258 260
258 258 2
5 141 -123
62 37 -244
5 5 -243
5 -219 -10
-26 -247 62
5 -154 134
2 -51 233
5 5 258
69 230 258
262 258 5
134 258 -58
62 85 -202
5 5 -243
62 5 -247
-58 -247 -26
5 -247 5
2 -123 198
5 4 254
5 165 258
5 5 -222
62 5 -243
5 -215 -247
-179 -247 37
5 -247 5
2 -58 230
5 5 258
5 212 258
262 258 260
262 258 5
66 198 -58
5 5 -243
62 5 -243
-26 -243 -26
-123 -243 54
5 -247 85
2 -58 246
5 141 258
198 258 260
262 258 198
198 258 5
62 134 -179
5 5 -243
5 -188 -247
-153 -247 5
5 -247 5
2 -126 164
5 -2 246
54 230 258
262 258 258
262 258 5
85 198 -123
5 54 -219
62 5 -247
-130 -247 5
2 -247 62
5 -130 134
2 -26 254
5 134 258
262 258 258
262 258 5
66 230 -58
62 66 -222
5 5 -243
62 -123 -26
-124 -247 62
5 -247 85
2 -58 205
5 5 258
5 199 258
262 258 230
198 258 5
62 134 -171
5 5 -243
62 5 -243
-26 -243 -26
5 -247 5
2 -130 162
5 -2 246
2 134 258
149 254 260
262 258 -92
84 198 -123
5 54 -219
62 5 -243
5 -154 -247
-126 -247 5
5 -247 134
5 -58 198
2 -10 258
5 201 258
262 258 260
262 258 5
262 134 -138
62 37 -243
5 5 -243
-10 -235 -23
-123 -247 5
2 -247 134
5 -10 246
2 134 258
134 246 260
262 258 258
213 258 5
62 134 -202
62 5 -243
5 -123 -247
-123 -247 5
5 -247 5
2 -153 141
5 -10 258
5 199 260
262 258 260
262 258 5
134 258 -94
5 68 -202
5 5 -247
-2 -235 -26
-124 -247 5
2 -247 134
260 258 258
262 258 5
134 258 -55
5 69 -188
62 5 -243
54 -226 -58
-154 -243 5
2 -247 134
5 -91 165
2 -23 258
5 198 258
262 258 260
258 258 5
62 149 -138
5 5 -235
62 5 -243
-10 -222 5
5 -247 5
2 -154 141
5 -26 230
2 5 258
134 233 258
262 258 5
134 258 -58
5 69 -188
62 5 -243
5 5 -247
-58 -247 5
2 -247 134
5 -91 134
2 -23 258
5 198 258
254 258 258
262 258 2
5 137 -124
62 37 -243
5 5 -243
4 -222 -58
-154 -247 5
2 -138 134
2 -26 246
5 134 258
134 246 258
262 258 258
258 258 2
62 69 -220
5 5 -243
62 5 -247
-94 -247 -2
-2 -247 62
5 -153 260
5 5 258
5 198 258
261 258 258
262 258 5
134 258 -58
62 -10 -236
62 5 -243
-26 -236 -55
-154 -247 62
2 -154 141
5 -26 258
5 198 258
260 258 260
262 258 5
134 258 -91
5 69 -190
62 5 -243
2 -242 -55
-138 -247 5
2 -247 134
5 -87 198
2 -10 258
134 254 258
262 258 258
254 258 2
5 134 -126
62 37 -243
5 5 -247
-123 -247 2
2 -247 62
5 -138 134
2 -26 246
5 134 258
134 258 260
262 258 5
85 258 -58
62 69 -220
5 5 -243
62 5 -247
-243 -247 62
5 -247 85
2 -58 205
5 5 258
5 198 258
261 258 258
254 258 2
5 135 -126
62 37 -236
5 5 -243
205 258 258
262 258 134
198 258 -2
5 134 -171
62 -219 -243
5 -194 -247
-154 -243 5
5 -247 5
2 -126 165
5 2 246
2 141 258
262 258 258
205 258 5
62 134 -171
5 5 -243
62 5 -243
-26 -247 5
5 -247 5
2 -130 162
5 -2 246
2 134 258
141 254 258
262 258 5
134 258 -123
5 54 -219
62 5 -243
5 -171 -247
-130 -243 5
2 -247 134
5 -58 198
2 -10 258
37 230 258
262 258 258
262 258 -2
5 134 -154
62 37 -243
5 5 -243
-26 -243 -10
-94 -247 5
5 -123 141
2 -25 254
5 164 258
198 258 258
262 258 254
205 258 -243
62 54 -235
5 5 -243
45 -187 -247
-154 -247 5
2 -243 62
5 -26 230
5 5 258
62 230 258
262 258 258
262 258 4
54 198 -94
262 5 -243
62 5 -247
-55 -243 -26
-91 -247 62
5 -179 134
-2 -55 230
5 134 258
198 258 258
262 258 198
198 258 -2
5 134 -154
62 37 -243
5 -190 -247
-171 -247 5
2 -247 62
5 -123 141
2 -26 254
5 230 258
262 258 260
262 258 4
5 198 -94
62 54 -235
5 5 -243
-58 -243 -26
5 -247 5
2 -126 164
5 -2 246
2 141 258
162 258 258
262 258 5
85 230 -123
5 37 -220
62 5 -243
5 -187 -247
-58 -243 5
2 -202 134
5 -55 201
2 -10 258
45 230 258
262 258 165
198 258 -2
5 134 -154
62 37 -243
5 5 -243
260 258 260
262 258 5
134 258 5
62 85 -215
5 5 -243
62 -220 -247
-194 -247 5
2 -243 62
5 -123 149
2 -25 258
5 198 258
262 258 258
262 258 2
5 165 -123
62 37 -236
5 5 -243
5 -220 -10
-51 -247 62
5 -154 134
2 -26 246
5 134 258
134 246 260
262 258 5
134 258 5
62 77 -219
5 5 -243
62 5 -247
-98 -243 -23
5 -247 5
2 -91 198
5 5 258
5 198 258
261 258 260
262 258 -188
62 135 -154
5 5 -236
62 5 -243
-26 -243 -58
-190 -243 62
5 -138 149
5 -10 246
2 134 258
149 258 258
262 258 260
246 258 5
262 62 -219
62 5 -243
5 -179 -243
-138 -247 5
5 -247 5
2 -138 149
5 5 258
5 205 258
262 258 258
262 258 5
134 258 -123
62 -219 -243
5 5 -243
-91 -247 4
-26 -243 5
2 -154 134
5 -26 230
5 198 258
261 258 260
262 258 37
158 258 -2
5 69 -188
62 5 -247
2 -235 -58
-187 -247 5
2 -247 62
5 -91 165
2 -23 258
5 254 258
262 258 258
260 258 2
5 137 -124
62 37 -243
5 5 -243
-126 -247 2
-2 -247 62
5 -138 134
2 -26 254
5 134 258
141 254 260
262 258 5
134 258 -58
62 68 -222
5 5 -243
62 -138 -247
-126 -247 62
5 -247 85
2 -58 212
5 5 258
5 213 258
262 258 260
201 258 5
62 134 -179
5 5 -243
62 5 -247
5 -87 198
-2 -26 258
37 199 258
262 258 258
262 258 5
134 149 -123
62 37 -243
5 5 -247
-2 -235 -91
-190 -247 5
2 -247 62
2 -26 246
5 134 258
162 246 258
262 258 258
258 258 2
5 141 -220
5 5 -243
62 -154 -247
-138 -243 -2
-26 -243 62
5 -154 134
2 5 258
37 205 258
262 258 258
262 258 5
134 258 -26
62 69 -222
62 5 -247
-51 -243 -26
5 -247 5
2 -154 149
5 -10 233
4 213 258
262 258 258
262 258 5
134 258 -91
5 66 -202
62 5 -243
-57 -243 -23
-123 -247 5
2 -243 134
5 -58 198
2 -10 258
68 230 260
262 258 198
199 258 -2
5 134 -153
62 37 -243
5 5 -243
-58 -247 5
2 -243 62
5 -123 137
2 -26 254
5 165 258
231 258 258
262 258 2
5 230 -94
62 54 -235
5 5 -243
5 -219 -247
-202 -247 258
5 -172 134
2 -51 233
5 134 258
134 230 258
262 258 258
262 258 5
62 134 -202
5 5 -243
62 -26 -243
-123 -243 -26
-58 -247 62
-243 -92 198
5 4 254
5 198 258
262 258 258
262 258 5
134 258 5
62 37 -243
5 5 -243
-2 -235 -91
-194 -247 5
2 -247 62
5 -107 246
5 134 258
158 246 258
262 258 258
258 258 2
5 149 -123
62 5 -243
62 -153 -243
-138 -243 -2
-26 -247 62
5 -154 134
2 -26 246
37 201 258
262 258 258
262 258 2
5 149 -123
5 135 -123
62 37 -243
5 5 -243
-2 -235 -58
-187 -243 5
2 -154 137
5 -26 230
-2 134 258
134 230 258
262 258 258
246 258 5
62 37 -243
5 5 -243
2 -226 -91
-194 -243 5
2 -247 69
5 -26 230
2 134 258
134 230 258
262 258 260
246 258 5
62 141 -138
62 5 -243
5 -123 -247
-123 -247 5
-26 -247 5
2 -154 141
5 -26 258
37 198 260
262 258 258
262 258 5
134 198 -94
5 68 -194
62 5 -247
-26 -243 -26
-138 -247 5
2 -194 134
5 -58 198
2 -10 258
205 246 260
262 258 134
198 258 -51
5 134 -153
62 37 -243
5 5 -247
-187 -243 5
2 -243 62
5 -123 137
2 -26 254
5 149 258
230 258 258
262 258 4
5 164 -94
62 54 -235
5 5 -243
5 -202 -247
-243 -247 62
5 -154 134
2 -51 230
5 85 258
134 213 258
262 258 260
141 205 -55
62 134 -194
5 5 -243
62 5 -243
-58 -247 -26
-123 -247 5
2 -123 198
5 4 254
5 198 258
260 258 258
262 258 5
134 137 -138
5 5 -235
62 5 -247
-26 -222 -91
-219 -247 54
5 -243 69
2 -23 258
5 198 258
262 258 260
262 258 5
141 201 -91
5 37 -236
5 5 -243
-2 -226 -58
-188 -247 5
-2 -247 102
5 -94 164
5 134 258
162 230 260
262 258 258
246 258 2
5 134 -126
62 37 -243
62 -151 -247
-138 -247 -2
-26 -247 62
5 -138 134
-58 -247 54
5 -171 134
2 -55 230
5 62 258
134 213 258
262 258 5
141 258 -58
5 134 -154
62 37 -243
5 5 -247
-58 -243 2
2 -247 85
5 -123 149
2 -26 254
5 165 258
258 254 258
262 258 2
5 141 -123
62 37 -235
5 5 -243
2 -220 -58
-179 -247 5
2 -154 134
2 -26 246
5 134 258
158 230 260
262 258 198
205 258 -2
62 69 -220
5 5 -243
62 -138 -247
-138 -247 4
-2 -247 62
5 -138 258
5 5 258
62 198 258
262 258 258
262 258 4
-219 198 -58
62 -26 -243
62 5 -247
-57 -243 -26
-123 -247 62
5 -187 162
5 -10 258
77 201 258
262 258 258
258 258 5
62 165 -123
5 37 -220
62 5 -247
-58 -243 2
-55 -247 5
2 -179 134
5 -55 201
2 2 258
261 258 258
262 258 5
134 230 -58
5 85 -187
62 -219 -243
5 5 -57
-154 -247 5
2 -247 134
5 -94 162
2 -26 258
5 198 258
262 258 149
201 258 -2
5 134 -126
62 37 -243
5 5 -247
-2 -226 -26
-236 -247 62
5 -130 134
2 -26 246
5 134 258
198 233 258
262 258 69
69 198 -123
5 66 -202
62 5 -243
5 -187 -247
-153 -247 5
5 -247 134
5 -58 198
2 -10 258
68 198 260
262 258 258
261 258 5
68 134 -154
62 37 -243
5 5 -247
-58 -243 2
-58 -247 5
2 -187 134
2 -26 254
5 162 258
254 254 260
262 258 5
5 -247 62
2 -130 158
5 -10 237
4 134 258
198 230 258
262 258 5
62 198 -58
62 69 -222
5 5 -243
62 -138 -243
-151 -247 4
5 -187 134
2 -58 205
5 5 258
66 198 258
262 258 258
262 258 -52
62 134 -187
5 -94 -243
5 -190 -247
-187 -247 5
5 -219 66
5 -51 201
2 -10 258
102 205 258
262 258 258
254 258 5
62 158 -179
62 37 -243
5 5 -247
-91 -243 4
-26 -247 5
2 -154 134
5 -25 258
5 198 258
262 254 258
262 258 5
134 198 -92
5 69 -187
5 5 -243
-2 -222 -26
-138 -247 5
2 -190 134
5 -58 198
2 -26 258
198 230 258
262 258 68
198 230 -58
5 134 -138
62 37 -243
5 -187 -247
-179 -247 5
2 -220 85
5 -123 137
2 -26 254
5 141 258
262 258 258
258 258 -10
5 162 -107
62 54 -235
5 5 -243
5 -194 -26
-58 -247 69
5 -154 134
2 -52 233
5 134 258
134 213 258
262 258 5
85 198 -58
62 77 -215
5 5 -243
62 4 -247
-123 -243 -10
5 -188 85
2 -58 198
5 5 254
5 198 258
262 258 258
262 258 5
62 134 -154
5 5 -235
62 5 -243
-26 -222 -26
-186 -243 62
5 -190 158
5 -10 233
4 134 258
262 258 260
262 258 5
85 198 -107
5 5 -235
62 5 -243
-26 -226 -26
-154 -247 62
5 -188 85
2 -58 246
5 134 258
201 233 258
262 258 37
149 230 -26
258 246 260
262 258 5
134 198 -58
62 134 -202
5 5 -243
62 -190 -58
-187 -243 5
2 -194 134
5 -98 158
2 -26 254
5 162 258
262 258 246
230 246 -43
5 137 -123
62 37 -236
5 5 -243
5 -202 4
-2 -222 69
5 -130 134
2 -26 246
5 134 258
165 230 258
262 258 -10
-219 198 -91
62 66 -222
5 5 -243
62 -130 -247
-138 -247 5
5 -180 134
2 -58 230
5 5 258
69 198 258
262 258 260
258 254 -247
62 134 -194
5 5 -243
62 5 -247
-58 -235 -10
-57 -235 69
5 -91 198
5 4 254
5 134 258
262 254 258
262 258 5
85 198 -58
262 5 -235
62 5 -247
-26 -219 -26
-154 -247 66
5 -187 85
2 -58 198
5 198 258
262 254 260
262 258 4
69 198 -58
62 69 -219
262 5 -247
-26 -220 -26
-130 -243 66
5 -187 134
2 -58 205
5 5 258
198 230 258
262 258 54
198 230 -58
5 134 -138
62 37 -243
5 5 -187
-154 -247 5
2 -219 85
5 -123 137
2 -26 254
5 137 258
230 258 260
254 246 -26
5 149 -123
62 54 -235
5 5 -243
5 -190 -58
-26 -247 69
5 -154 134
2 -44 233
5 134 258
134 212 258
262 258 -10
69 198 -58
62 69 -219
5 5 -243
62 5 -247
-123 -243 2
-2 -187 102
2 -58 201
5 5 254
5 198 258
262 254 258
262 258 -10
62 134 -187
5 5 -244
62 5 -247
-26 -226 -26
62 68 -220
5 5 -243
62 5 -247
-123 -243 5
2 -220 77
5 -58 198
2 -25 258
5 198 258
262 254 260
262 258 5
69 198 -123
62 37 -243
5 5 -247
-2 -222 2
-58 -247 5
2 -187 134
5 -58 254
5 141 258
205 233 258
262 258 5
134 201 -58
5 134 -154
62 5 -243
54 -188 -58
-154 -243 5
2 -194 134
5 -94 162
2 -26 258
134 230 258
262 258 134
198 230 -55
5 134 -126
62 37 -243
5 5 -243
-123 -243 5
2 -219 84
5 -126 134
2 -26 246
5 134 258
164 254 260
258 254 -26
5 165 -92
62 62 -226
5 5 -243
62 -123 -123
-58 -226 69
5 -154 134
2 -51 230
5 5 258
69 201 258
262 258 260
134 198 -58
62 134 -194
5 5 -243
62 5 -243
-26 -235 -10
-26 -235 13
-2 -92 198
5 4 254
5 165 258
260 246 258
262 258 -2
69 134 -154
5 5 -235
62 5 -243
-26 -219 -25
5 -220 62
2 -130 198
5 4 254
5 198 258
262 254 258
262 258 -10
45 198 -58
62 5 -235
62 5 -247
-26 -222 -25
-123 -235 66
5 -179 134
2 -58 213
4 137 258
201 231 258
262 258 5
134 201 -55
62 134 -188
5 5 -247
5 -194 -58
-187 -243 62
5 -194 69
2 -94 198
5 4 254
5 230 258
262 258 134
198 230 -26
62 134 -154
5 5 -235
62 5 -243
-123 -243 5
5 -219 66
2 -126 162
5 -10 233
5 -26 230
2 -2 258
77 230 260
262 258 260
198 258 5
62 6 -194
5 5 -243
5 -187 -58
-154 -243 62
5 -202 69
2 -98 233
5 5 258
69 230 260
262 258 260
230 258 -26
5 141 -123
62 5 -243
62 5 -247
-58 -247 5
2 -247 62
5 -138 134
2 -26 246
5 198 258
262 258 260
262 258 2
5 198 -91
62 66 -222
5 5 -247
-26 -243 -26
-51 -247 62
5 -179 134
2 -58 230
5 5 258
45 254 258
262 258 5
77 198 -58
62 85 -202
5 5 -243
62 5 -243
-138 -247 62
5 -194 77
2 -91 198
5 5 254
5 198 258
261 258 37
137 230 -26
62 134 -179
5 5 -236
62 5 -243
-26 -235 -26
-91 -247 66
2 -123 134
5 2 246
2 141 258
198 246 258
262 258 5
62 149 -130
5 5 -226
62 5 -247
5 -190 -55
-154 -247 62
5 -202 69
5 -26 230
2 -2 258
13 230 258
262 258 258
198 258 -10
62 141 -190
62 5 -243
5 5 -247
-58 -247 5
5 -247 5
2 -138 149
5 -10 258
5 198 258
262 258 62
198 258 -58
5 134 -138
62 37 -243
5 5 -243
-107 -247 37
5 -247 62
2 -126 162
5 -2 246
2 201 260
262 258 258
246 258 5
62 158 -126
5 5 -222
62 5 -243
-26 -243 5
5 -247 5
2 -154 135
5 -26 230
2 -2 258
77 230 258
262 258 5
77 198 -94
5 69 -190
62 5 -243
62 134 -154
5 5 -235
62 5 -247
-25 -235 -26
-98 -247 54
5 -138 134
2 -26 254
5 134 258
141 246 258
262 258 134
198 258 -55
62 62 -235
5 5 -243
62 -98 -123
-130 -247 5
2 -247 66
5 -123 231
5 5 258
69 230 260
262 258 260
254 258 2
5 149 -123
62 5 -243
62 5 -243
-58 -247 5
-2 -247 62
5 -138 198
5 4 258
134 233 258
262 258 164
165 258 -10
62 134 -154
5 5 -236
62 -58 -222
-123 -247 54
5 -247 5
2 -123 165
5 -2 246
2 141 260
262 258 260
246 258 5
62 158 -130
5 5 -226
62 5 -243
5 -202 5
5 -247 5
2 -154 141
5 -26 230
2 5 258
134 230 258
262 258 5
69 198 -123
5 62 -202
62 5 -243
5 5 -243
-123 -247 37
2 -187 134
5 -58 198
2 -10 258
54 205 258
262 258 258
261 258 -243
5 85 -187
62 -219 -243
5 5 -247
-26 -243 5
5 -247 5
2 -91 165
2 -25 258
5 198 258
260 258 258
262 258 5
85 198 -94
262 37 -243
5 5 -243
2 -235 2
-58 -243 5
2 -187 134
5 -58 198
5 135 258
164 246 258
262 258 54
165 258 -58
5 134 -154
62 37 -243
62 -154 -58
-151 -243 5
2 -243 69
5 -123 149
2 -26 254
5 230 258
262 258 260
230 258 -2
5 135 -124
62 37 -243
62 5 -26
-138 -247 62
5 -247 69
2 -91 198
5 4 254
2 -154 137
5 -26 230
2 2 258
134 230 260
262 258 258
262 198 -98
5 68 -194
62 5 -243
5 -2 -247
-123 -243 5
5 -243 37
2 -58 205
5 5 258
5 198 258
262 258 258
262 258 4
5 198 -187
5 5 -243
62 5 -247
-26 -243 -10
-26 -247 62
5 -154 134
2 4 254
5 198 258
262 258 258
254 258 5
62 149 -130
5 5 -243
62 5 -247
-58 -247 4
2 -247 62
5 -153 134
2 -26 246
5 198 258
262 258 258
262 258 4
54 198 -58
62 68 -222
5 5 -243
-26 -243 -26
-58 -247 62
5 -179 134
2 -58 230
5 5 258
62 205 260
262 258 5
134 201 -58
62 85 -202
5 5 -243
62 5 -247
-58 -243 62
5 -194 77
2 -87 198
5 5 258
5 198 260
262 258 260
149 258 -26
62 134 -187
5 5 -243
62 5 -247
-26 -243 -26
-58 -247 260
2 -123 198
5 2 254
5 162 258
230 254 258
262 258 5
134 137 -153
5 5 -235
62 5 -247
-10 -222 -26
-138 -247 62
5 -222 69
-243 -10 237
2 134 258
149 233 258
262 258 134
158 258 -26
62 134 -187
5 5 -243
62 -123 -247
-138 -247 5
-2 -243 62
5 -123 137
2 -26 258
69 213 258
262 258 258
258 258 2
5 149 -123
62 37 -235
5 5 -247
-58 -247 5
-243 -202 69
2 -92 198
5 4 254
5 198 260
262 258 260
230 258 -2
5 134 -126
62 37 -243
149 258 -10
62 134 -187
5 5 -243
62 5 -247
-26 -243 -26
-58 -247 5
2 -124 165
5 2 246
5 149 258
213 254 260
262 258 5
62 162 -126
5 5 -226
62 5 -247
2 -219 -58
-187 -247 62
5 -247 141
5 -23 231
2 134 258
141 233 260
262 258 198
198 258 5
62 54 -219
62 5 -243
5 -187 -247
-154 -247 45
5 -247 5
2 -124 165
2 -2 258
85 213 258
262 258 260
237 258 5
62 149 -138
5 5 -247
5 5 -247
-107 -243 5
5 -243 5
2 -151 149
5 -23 233
2 199 258
262 258 258
262 258 5
68 198 -123
5 54 -219
62 5 -243
-26 -243 5
-25 -247 5
2 -171 134
5 -26 205
2 -2 258
134 230 258
262 258 5
134 230 -58
5 85 -187
62 5 -243
5 5 -243
-58 -247 5
2 -247 134
5 -58 198
2 -23 258
5 198 258
262 258 260
37 198 -58
62 66 -222
5 5 -243
62 -130 -247
-151 -247 5
2 -247 134
2 -58 230
5 5 258
66 205 258
262 258 260
260 258 2
5 85 -202
5 5 -243
62 5 -247
-58 -247 -2
-10 -247 62
5 -154 134
5 5 258
5 198 258
262 258 260
262 258 4
62 198 -58
62 68 -243
62 5 -247
-26 -243 -26
-58 -243 62
5 -187 134
2 -58 230
5 165 258
246 258 258
262 258 5
134 213 -55
62 85 -202
5 5 -243
-26 -226 -26
-138 -247 62
5 -247 77
2 -87 198
66 198 -123
5 66 -202
62 5 -243
5 -126 -219
-151 -247 54
5 -187 85
2 -58 212
5 5 258
62 198 258
262 258 258
260 258 2
62 134 -194
5 5 -243
62 5 -247
-58 -247 2
-2 -247 62
5 -154 198
5 4 254
5 198 258
262 258 258
262 258 4
5 198 -58
62 5 -243
62 5 -247
-26 -243 -26
-58 -247 62
5 -187 134
2 -58 230
5 164 258
258 254 258
262 258 5
77 230 -55
62 6 -202
5 5 -247
-26 -222 -26
-123 -247 62
5 -194 77
2 -91 198
5 5 258
5 246 258
262 258 5
134 258 -26
62 134 -187
5 5 -243
62 5 -247
-194 -243 62
5 -247 69
2 -123 198
2 -10 258
69 205 258
262 258 5
137 258 -58
5 134 -154
62 37 -243
5 5 -247
-51 -243 5
2 -247 134
5 -98 162
2 -26 258
5 198 260
262 258 260
262 258 5
5 134 -130
62 37 -243
5 5 -247
-2 -235 2
-58 -247 5
2 -187 137
2 -26 254
5 142 258
233 254 260
262 258 5
134 258 -58
5 37 -235
5 5 -243
5 -219 -26
-123 -247 5
2 -247 134
5 -91 165
5 134 258
198 231 260
262 258 62
165 258 -55
5 134 -138
62 37 -247
62 -171 -58
-154 -247 5
2 -247 85
5 -123 141
2 -26 254
5 230 258
262 258 258
212 258 -2
5 141 -123
62 37 -244
5 5 -243
-124 -247 5
2 -247 62
5 -130 134
2 -26 254
-2 -25 254
5 162 258
246 246 260
262 258 5
134 198 -91
262 37 -243
5 5 -243
5 -215 -10
-123 -243 5
2 -187 134
5 -58 198
2 134 258
198 230 258
262 258 13
141 213 -26
62 134 -187
5 5 -243
5 -187 -87
-171 -243 62
5 -202 69
2 -123 198
5 4 254
5 213 258
262 258 201
198 230 -26
62 134 -154
5 5 -235
62 5 -247
-124 -244 -219
5 -215 68
2 -123 134
5 -2 246
2 134 258
199 231 258
233 233 -10
62 149 -138
5 5 -226
62 5 -247
5 -202 -55
-187 -222 54
2 -138 149
5 -23 230
2 134 258
149 230 258
262 258 69
66 165 -123
5 45 -219
62 5 -243
5 -171 -107
-154 -243 54
5 -202 258
2 -25 254
5 162 258
246 246 258
262 258 5
134 198 -91
62 37 -243
5 5 -243
5 -215 -10
-123 -243 5
2 -187 134
5 -58 254
5 134 258
198 230 258
262 258 5
158 201 -58
5 134 -154
62 5 -243
45 -190 -58
-154 -243 5
2 -194 134
5 -92 164
2 -25 258
141 230 258
262 258 134
198 230 -58
5 134 -138
62 37 -243
5 5 -126
-151 -243 5
2 -202 134
5 -123 149
2 -26 254
5 149 258
230 258 258
231 230 -51
5 135 -123
62 37 -236
5 5 -243
5 -202 -26
-243 -219 85
5 -124 134
2 -26 254
5 134 258
198 230 258
262 258 37
66 162 -124
5 37 -219
62 5 -243
5 -187 -92
2 -187 134
5 -58 198
2 -10 258
-219 198 258
262 258 258
246 230 -26
62 134 -187
5 5 -243
62 5 -247
-26 -236 -25
-58 -243 62
2 -123 198
5 4 254
5 165 258
254 254 258
262 258 4
66 198 -154
5 5 -235
62 5 -247
-26 -226 -26
-123 -247 62
5 -187 134
2 2 246
2 141 258
212 246 260
262 258 5
102 201 -55
62 6 -202
62 5 -243
5 -219 -26
-154 -247 62
5 -194 69
2 -91 198
5 4 258
165 230 258
262 258 5
134 213 -26
62 134 -187
5 5 -243
-26 -243 -26
-58 -247 62
5 -179 134
2 -58 230
5 5 258
66 201 258
262 258 4
68 198 -58
62 77 -219
5 5 -243
62 5 -247
-58 -247 62
5 -187 85
2 -58 205
5 5 258
5 198 258
262 258 260
262 205 -55
62 134 -194
5 5 -243
62 5 -247
-26 -243 -2
-26 -247 62
5 -92 164
-2 -25 258
5 198 258
261 254 258
262 258 5
69 198 -138
62 37 -243
5 5 -243
2 -226 2
-58 -247 5
-2 -187 134
5 -25 254
5 158 258
230 246 258
262 258 5
134 198 -91
5 84 -187
5 5 -243
5 -219 -10
-123 -247 5
2 -188 134
5 -58 198
2 -23 258
198 237 258
262 258 5
134 213 -58
5 134 -154
62 37 -243
5 -187 -43
-138 -243 5
2 -202 134
5 -91 164
-2 -25 258
5 198 258
262 258 -219
165 230 -58
5 134 -138
62 37 -243
5 165 258
258 254 258
262 258 5
69 198 -94
5 69 -190
62 5 -243
4 -219 -26
-123 -243 62
5 -188 85
2 -58 198
5 5 254
198 233 258
262 258 5
134 213 -43
62 134 -187
5 5 -243
62 5 -26
-153 -247 62
5 -194 69
2 -92 198
5 4 254
5 198 258
262 258 5
134 230 -26
62 134 -179
5 5 -244
62 5 -247
5 -235 -10
5 -215 69
2 -123 198
5 2 254
5 162 258
254 254 258
262 258 -25
62 134 -154
5 5 -235
62 5 -247
-23 -222 -26
-92 -247 62
5 -123 165
5 -2 246
4 141 258
230 246 258
262 258 5
69 201 -55
5 5 -235
62 5 -247
-2 -235 5
-2 -247 5
2 -154 134
5 -26 254
5 162 258
246 246 258
262 258 5
77 198 -91
5 69 -188
62 5 -243
5 -220 2
-58 -247 5
-2 -187 134
5 -58 198
2 -10 258
212 246 258
262 258 5
134 205 -58
5 102 -172
62 37 -243
5 5 -2
-123 -243 5
2 -194 134
5 -87 134
2 -23 258
5 198 258
262 258 5
134 230 -58
5 134 -154
62 37 -243
5 5 -247
2 -235 5
2 -202 134
5 -94 162
2 -25 254
5 198 258
261 254 258
261 258 -247
5 134 -138
62 37 -243
5 5 -243
2 -226 4
-51 -247 5
2 -123 149
2 -26 254
5 158 258
233 246 258
262 258 5
85 198 -91
262 37 -236
5 5 -243
5 -219 2
-58 -247 5
5 2 246
4 141 258
213 237 258
258 258 -10
5 198 -58
62 37 -236
5 5 -247
62 -188 4
-58 -247 5
2 -194 134
5 -26 258
5 198 258
261 254 258
230 258 5
62 198 -123
5 66 -202
62 5 -247
5 -222 5
5 -235 5
2 -154 134
5 -26 212
2 -2 258
246 254 258
246 258 5
62 198 -92
5 69 -188
62 5 -243
5 5 5
-2 -243 5
2 -179 134
5 -58 198
-2 -10 258
37 201 258
262 258 5
66 198 -91
5 77 -187
62 -219 -243
5 5 -123
-55 -243 37
2 -188 134
5 -58 198
2 -23 258
5 198 258
262 254 134
198 246 -247
5 85 -187
62 -219 -243
5 5 -247
-26 -243 5
5 -247 5
2 -91 198
-2 -25 258
5 198 258
262 254 230
198 258 4
62 198 -123
262 5 -243
5 5 -247
5 -226 5
5 -243 37
-2 -154 137
5 -26 230
5 164 258
230 254 260
254 258 5
62 198 -91
5 69 -188
62 5 -243
68 -219 5
-25 -243 5
2 -187 134
5 -58 198
2 -10 258
5 246 258
261 258 5
69 201 -58
5 85 -243
62 37 -243
5 -94 5
2 -226 69
5 -153 134
2 -26 246
5 5 258
134 230 258
262 258 -23
5 198 -91
62 66 -226
5 5 -243
62 5 -51
-123 -247 5
5 -154 134
2 -51 230
5 5 258
69 213 258
262 258 5
141 258 -58
62 69 -220
5 5 -243
62 5 -58
-91 -243 5
5 -171 134
2 -58 230
5 5 258
5 198 258
262 254 54
198 198 -58
5 134 -171
62 37 -243
5 5 -243
-26 -226 37
5 -220 54
5 -58 198
-2 -25 258
5 198 258
258 246 246
198 246 -2
62 165 -154
62 37 -243
5 5 -243
4 -222 5
5 -222 45
2 -154 137
5 -25 258
5 165 258
246 246 258
230 246 4
62 198 -123
5 66 -202
5 5 -247
5 -219 5
5 -235 37
2 -154 134
5 -51 205
2 -10 258
230 233 258
237 254 5
62 198 -235
5 69 -190
62 5 -243
5 -219 5
5 -235 5
2 -171 134
5 -58 198
2 -10 258
37 198 258
258 254 5
62 141 -123
62 37 -235
5 5 -243
5 -190 5
-55 -219 77
5 -130 134
2 -26 246
5 134 258
134 230 258
262 254 5
5 149 -123
62 54 -235
5 5 -243
62 -179 5
-58 -236 5
2 -190 134
2 -26 246
5 102 258
134 230 258
262 258 5
134 213 -58
5 54 -235
5 5 -243
62 -138 2
-92 -243 5
2 -202 134
5 -94 158
5 5 258
6 213 260
262 258 5
134 230 -58
5 134 -138
62 37 -243
62 5 -51
-94 -243 5
2 -219 85
5 -123 137
2 -26 254
5 134 258
262 254 5
158 230 -51
5 135 -123
62 37 -236
5 5 -243
5 -243 5
2 -219 85
5 -124 135
2 -26 254
5 134 258
149 230 258
165 230 -51
5 141 -123
62 37 -235
5 5 -247
-10 -222 37
5 -222 37
2 -154 137
5 -26 213
2 -2 258
77 233 258
258 254 -10
5 198 -58
62 69 -215
5 5 -243
62 5 -58
-2 -235 69
5 -171 134
2 -58 230
5 5 258
5 198 258
262 254 -10
5 198 -58
62 85 -202
5 5 -243
62 5 -58
-58 -235 5
2 -187 134
2 -58 205
5 5 254
5 198 258
262 254 68
198 233 -26
62 102 -202
5 5 -243
62 5 -91
-58 -235 5
-2 -219 77
5 -130 258
5 4 254
5 198 258
262 246 134
198 233 -26
5 158 -98
62 -51 -243
62 5 -154
-51 -226 5
2 -220 69
5 -138 134
2 -26 246
-25 198 258
261 246 198
199 246 -26
5 165 -92
62 62 -226
5 5 -243
-2 -220 5
2 -222 69
5 -154 134
2 -55 230
-123 137 258
198 246 5
137 230 -23
62 141 -138
5 5 -222
62 5 -247
-2 -194 -2
5 -219 62
2 -130 162
5 -10 233
2 134 258
137 230 258
262 254 -10
62 149 -130
5 5 -222
62 5 -243
5 -194 -2
-58 -236 66
5 -130 149
5 -25 230
2 134 258
134 230 258
262 254 2
66 205 -26
5 37 -220
62 5 -243
5 -187 -2
-91 -235 66
5 -190 69
2 -92 258
2 102 258
134 230 258
262 254 2
69 213 -26
62 134 -180
5 -94 -243
5 -187 2
-123 -235 66
5 -194 69
2 -94 198
5 2 254
134 213 258
262 258 5
85 230 -26
62 134 -154
2 -23 258
5 198 258
254 237 258
201 231 -10
62 162 -123
5 37 -243
5 5 -247
5 -202 37
5 -220 54
2 -154 135
5 -51 205
5 149 258
199 230 258
258 233 2
62 198 -123
5 68 -194
62 -219 -243
5 -202 5
5 -219 62
2 -154 135
5 -51 201
2 -10 258
37 230 258
261 246 4
62 198 -123
5 69 -190
62 -219 -243
5 5 -58
5 -222 54
2 -154 134
5 -55 198
2 -10 258
37 198 258
262 246 -154
62 198 -98
5 69 -188
62 5 -243
5 5 -58
-58 -220 68
5 -154 134
5 -57 198
2 -10 258
5 198 258
262 246 134
162 230 -26
262 69 -187
62 -219 -243
5 5 -94
-58 -220 69
5 -202 69
-2 -123 164
5 5 254
5 198 258
261 246 254
205 230 -44
5 149 -123
62 54 -243
62 5 -247
-123 -222 5
-2 -190 134
5 -94 158
2 -26 254
69 201 258
262 246 5
134 213 -58
5 134 -138
62 37 -243
5 5 -25
-123 -226 5
2 -194 134
5 -123 149
-2 -25 254
5 141 258
198 246 5
137 230 -58
5 134 -130
62 37 -243
5 5 -243
5 -202 5
-2 -194 134
5 -123 149
-2 -26 254
5 137 258
198 230 258
262 246 -58
5 134 -130
62 37 -243
5 5 -247
4 -202 5
5 -220 45
2 -123 149
2 -25 254
5 135 258
165 230 258
262 246 5
66 198 -92
62 37 -236
5 5 -243
5 -194 5
-2 -222 37
62 5 -243
-58 -226 5
-2 -220 77
5 -138 134
-2 -26 246
5 165 258
246 246 258
233 246 -2
62 165 -123
5 54 -243
5 5 -26
-123 -235 66
5 -194 69
-2 -123 198
5 2 246
5 141 258
198 258 5
134 230 -26
62 134 -154
5 5 -235
62 5 -247
2 -215 5
5 -194 69
2 -123 198
5 2 246
5 141 258
198 231 258
262 254 -26
62 134 -154
5 5 -235
62 5 -243
-26 -215 5
-10 -222 69
5 -123 198
5 2 246
5 137 258
198 231 258
262 254 -10
5 198 -58
5 5 -235
62 5 -247
-10 -215 5
-10 -226 69
5 -171 134
2 -58 260
5 137 258
198 230 258
262 254 -10
5 198 -58
62 85 -202
5 -124 -247
-26 -202 4
-10 -226 69
5 -171 134
-2 -58 230
5 5 258
198 230 258
262 254 -10
5 198 -58
62 85 -202
5 5 -243
62 5 -123
-10 -235 5
2 -187 134
5 -58 198
-2 -10 258
5 198 258
262 254 5
69 198 -87
5 134 -171
62 37 -243
5 5 -247
-55 -222 62
5 -187 134
5 -58 198
-2 -23 258
5 198 258
262 254 258
134 204 -123
5 54 -219
62 5 -243
5 -187 -2
-123 -226 68
5 -190 77
2 -26 230
-2 66 258
134 230 258
262 258 5
134 230 -26
62 134 -154
62 5 -243
5 -187 -2
-123 -226 68
5 -190 77
-2 -94 198
5 4 258
134 213 258
262 254 5
134 230 -26
62 134 -171
262 246 -26
5 134 -124
62 37 -236
5 5 -247
2 -215 5
5 -219 62
2 -130 149
5 -23 231
-2 134 258
137 230 258
262 254 -25
62 141 -138
5 5 -226
62 5 -247
-23 -202 -10
-122 -243 66
5 -130 158
5 -10 233
2 134 258
141 230 258
262 246 -2
69 198 -57
5 5 -226
62 5 -243
-25 -202 -2
-58 -243 66
5 -187 85
2 -87 233
-2 134 258
149 230 258
262 246 -2
69 198 -58
62 134 -190
5 5 -243
-25 -202 -2
-58 -235 66
5 -187 85
2 -122 198
5 4 254
149 230 258
262 254 -2
69 198 -58
62 134 -190
5 5 -243
62 5 66
-58 -235 68
5 -187 85
2 -58 198
5 5 254
5 198 258
262 254 -2
68 198 -58
62 134 -194
5 5 -243
62 5 -243
-58 -235 5
-243 -187 85
2 -58 198
5 5 254
5 198 258
262 246 260
237 233 -26
5 134 -154
62 37 -243
5 5 -247
-55 -222 45
5 -222 54
-2 -151 198
2 -25 258
5 198 258
262 254 5
134 205 -58
5 134 -154
62 5 -243
5 -187 -26
-138 -235 66
5 -194 69
2 -123 198
5 2 258
134 205 258
262 246 5
134 213 -26
62 134 -171
5 5 -235
62 -187 -26
-130 -243 66
5 -202 69
2 -123 198
5 2 246
5 149 258
262 246 5
134 212 -26
62 134 -179
5 5 -235
62 5 -247
-2 -220 66
5 -194 69
2 -107 198
5 2 254
5 149 258
62 37 -243
5 5 -247
-26 -220 5
5 -226 37
2 -154 134
5 2 246
5 141 258
230 230 258
262 246 -10
5 198 -58
62 69 -243
5 -10 -219
-123 -235 62
5 -219 66
2 -126 162
5 -10 246
4 198 258
262 254 230
198 230 -51
5 141 -123
62 13 -235
5 5 -243
-123 -235 5
-2 -219 85
5 -126 134
2 -26 246
5 134 258
198 230 258
205 230 -57
5 134 -124
62 37 -235
5 5 -243
2 -215 5
-26 -219 85
5 -123 135
2 -26 254
5 134 258
201 230 258
262 254 5
5 137 -123
62 37 -235
5 5 -243
2 -194 5
-26 -222 37
-2 -171 141
2 -26 254
5 141 258
205 233 258
262 258 5
77 198 -119
5 37 -235
5 5 -243
-2 -218 5
2 -235 5
2 -179 134
5 -58 198
5 141 258
230 230 258
262 254 5
69 198 -91
5 77 -187
62 37 -243
2 -202 5
-26 -235 5
2 -187 134
5 -58 198
2 -23 258
45 198 258
262 254 5
69 198 -91
5 85 -187
62 -219 -243
5 5 -247
-107 -236 5
2 -187 134
5 -58 198
2 -26 258
37 198 258
262 246 258
5 141 -123
62 37 -235
5 5 -243
5 -202 5
-58 -243 5
2 -138 149
5 -26 230
2 134 258
162 230 258
262 254 -2
85 201 -51
5 5 -222
62 5 -247
-10 -202 -2
-92 -236 66
5 -188 85
-2 -87 233
2 134 258
198 230 260
262 258 2
85 201 -51
-130 -235 5
2 -194 134
5 -123 149
2 -26 254
5 149 258
254 254 134
158 230 -26
62 134 -154
5 5 -235
62 5 -247
-26 -219 -2
5 -202 69
2 -123 198
5 2 246
5 141 258
231 230 258
262 254 -26
62 134 -154
5 5 -235
62 5 -243
-26 -219 2
-23 -226 69
5 -123 198
5 2 254
5 149 258
254 233 258
262 246 -10
5 198 -58
5 5 -235
62 5 -247
-23 -219 5
-2 -226 69
5 -154 134
2 -55 258
5 158 258
260 233 258
262 246 -23
5 198 -58
62 69 -222
5 -138 -243
-26 -220 5
2 -222 69
2 -123 198
5 2 246
5 149 258
262 254 5
134 230 -26
62 134 -154
5 5 -235
62 5 -243
-26 -235 66
5 -194 69
2 -123 198
5 2 254
5 158 258
258 233 258
134 230 -26
62 134 -171
5 5 -235
62 5 -247
-26 -220 5
-2 -226 258
-2 -94 198
5 4 254
5 164 258
262 246 258
262 246 -26
5 134 -187
5 5 -243
62 5 -243
-26 -222 5
2 -222 69
5 -154 134
-243 4 254
5 165 258
262 246 258
260 246 -26
5 165 -91
62 66 -226
5 5 -243
-26 -222 5
5 -226 54
-2 -154 137
5 -26 213
2 5 258
262 246 260
260 246 4
62 198 -123
5 62 -202
62 5 -243
5 -222 5
5 -222 54
-2 -153 141
5 -26 230
2 134 258
134 204 258
246 246 2
62 165 -123
5 54 -219
62 5 -243
62 -58 -26
-124 -235 5
2 -202 134
5 -123 149
2 -26 254
134 205 258
262 254 5
141 213 -58
5 134 -138
62 37 -243
5 5 -247
5 -235 5
2 -154 134
5 -55 198
2 -10 258
69 198 258
262 254 5
69 198 -91
5 77 -187
62 5 -243
5 5 -138
-91 -235 62
2 -179 134
5 -58 198
2 -10 258
62 198 258
262 254 141
164 230 -94
5 69 -190
62 -219 -243
5 5 -58
-123 -235 62
5 -215 66
2 -55 199
2 -10 258
69 199 258
262 254 54
141 230 -26
62 134 -154
62 5 -243
5 -57 -55
-126 -235 66
5 -202 69
2 -123 198
5 2 258
134 205 258
262 254 5
134 230 -26
62 134 -154
5 5 -235
62 -194 -26
-130 -243 62
5 -202 69
2 -123 198
5 2 254
5 158 258
262 254 5
134 213 -26
62 134 -179
5 5 -236
62 5 -247
2 -220 5
5 -194 69
2 -235 198
5 2 254
5 158 258
254 237 258
262 246 -26
62 134 -179
5 5 -236
62 5 -247
4 -222 5
2 -222 69
5 -92 198
5 4 254
5 165 260
262 246 258
258 246 -26
5 198 -91
62 5 -243
5 -154 -26
-130 -243 62
5 -194 69
2 -114 198
5 -2 258
134 205 258
262 254 5
134 213 -26
62 134 -171
5 5 -236
5 -187 -10
-126 -243 66
5 -194 69
2 -94 198
5 4 254
5 162 258
262 254 2
134 205 -51
62 134 -187
5 5 -236
262 258 37
158 230 -58
5 134 -138
62 37 -243
5 5 -243
5 -243 62
5 -215 68
2 -123 134
5 2 246
5 141 258
230 233 258
134 230 -26
62 134 -154
5 5 -235
62 5 -247
5 -219 4
-2 -242 69
2 -94 198
5 4 254
5 164 258
258 246 258
262 258 -10
5 134 -187
5 5 -244
62 5 -247
5 -222 5
2 -235 69
5 -154 134
5 4 254
5 198 258
262 254 258
258 258 -23
5 198 -91
62 66 -236
62 5 -243
-26 -222 5
2 -220 13
5 -138 134
2 -26 246
5 198 258
262 254 258
246 246 -26
5 158 -123
62 54 -235
5 5 -243
-58 -243 5
-2 -222 69
5 -130 134
2 -26 246
5 134 258
134 230 258
233 246 -26
5 158 -123
62 54 -235
62 5 -247
-23 -226 5
-243 -187 85
2 -58 199
5 5 254
5 198 258
262 254 258
246 258 -26
5 134 -154
62 37 -243
5 5 -247
-26 -235 37
5 -222 54
2 -138 198
2 -23 258
5 198 258
262 254 260
213 246 -2
62 158 -126
5 37 -243
5 5 -247
-58 -235 54
5 -220 62
2 -130 158
5 -10 233
54 198 258
262 254 231
198 231 -10
62 141 -138
5 5 -226
62 5 -91
-91 -243 62
5 -219 66
2 -123 165
5 -2 246
2 134 258
201 258 134
149 230 -25
62 135 -154
5 5 -235
62 5 -247
-25 -219 -2
5 -202 69
2 -123 198
5 2 246
5 149 258
2 -58 201
5 4 254
5 164 258
261 230 233
233 212 -58
5 134 -190
5 5 -243
62 5 -92
2 -194 5
2 -194 134
5 -124 134
5 4 254
5 162 258
260 230 258
246 205 -58
5 135 -123
62 45 -243
62 5 -58
-26 -202 54
2 -190 134
5 -123 137
2 -26 246
5 165 258
262 230 134
213 201 -58
5 134 -126
62 37 -235
5 5 -243
-57 -202 62
-2 -187 134
5 -107 149
2 -26 254
5 134 258
198 201 37
198 198 -58
5 134 -138
62 37 -243
5 5 -247
66 -187 54
5 -179 134
5 -58 198
-2 54 258
54 165 258
262 213 134
198 198 -44
5 69 -187
62 37 -243
5 5 -55
-26 -194 69
5 -187 77
2 -123 198
2 62 258
62 165 258
262 212 77
198 198 -51
62 134 -154
5 -219 -243
5 -87 -23
-58 -194 84
5 -187 85
2 -123 198
5 -2 246
69 198 258
262 205 -219
164 198 -58
62 134 -187
5 5 -235
62 5 5
-87 -194 85
5 -171 134
2 -91 198
5 2 246
5 134 258
201 205 5
141 198 -58
62 134 -188
5 5 -235
62 5 -235
5 -188 5
5 -154 134
2 -58 198
5 4 254
5 137 258
233 199 258
254 198 -58
62 85 -202
5 5 -243
62 5 -58
2 -190 54
2 -187 134
5 -58 205
5 45 254
5 149 258
258 201 198
233 198 -58
5 134 -126
5 5 -243
62 5 -26
-26 -190 66
2 -187 134
End
