1 0 0 0
20 54 63
8 32 25
-12 -24 -9
-36 -51 -46
-37 -66 -66
-44 -101 -79
-41 -98 -67
-37 -101 -49
5 -89 -30
13 -66 0
50 -43 27
80 8 61
89 42 97
99 77 112
102 104 116
99 106 123
87 101 103
55 84 74
33 72 38
5 41 1
-11 10 -31
-18 -32 -74
-22 -46 -86
-20 -75 -86
-22 -76 -71
-3 -67 -68
18 -41 -26
44 -27 -7
66 -4 30
86 31 49
90 60 69
102 82 90
98 98 93
70 110 83
64 91 67
36 81 30
22 47 -1
-9 13 -39
-29 -27 -75
-34 -57 -95
-48 -91 -103
-32 -75 -103
-26 -82 -69
-3 -90 -66
12 -50 -26
34 -24 18
56 13 30
73 31 62
69 50 70
66 62 84
62 74 79
35 71 50
8 57 34
-10 26 0
-26 -10 -29
-53 -20 -64
-74 -57 -84
-62 -83 -100
-61 -89 -98
-50 -81 -83
-26 -74 -45
-1 -67 -16
23 -41 13
33 8 43
62 34 86
75 53 100
63 70 106
58 73 104
24 85 76
12 63 51
-18 35 26
-53 -15 -15
-72 -47 -55
-91 -77 -85
-98 -89 -103
-103 -127 -110
-84 -132 -103
-77 -116 -87
-52 -100 -63
-22 -79 -13
-2 -43 22
30 -8 40
32 27 64
33 55 81
33 73 92
10 69 67
1 64 40
-37 35 12
-52 -1 -30
-70 -35 -69
-101 -73 -98
-115 -101 -120
-118 -126 -123
-115 -139 -131
-94 -124 -104
-73 -115 -88
-34 -94 -48
-15 -65 -10
6 -34 18
13 2 43
30 30 60
23 33 68
18 45 60
-13 40 36
-30 26 10
-59 10 -23
-71 -29 -63
-108 -64 -90
-99 -95 -96
-106 -92 -128
-108 -116 -114
-84 -108 -118
-67 -92 -80
-50 -74 -46
-16 -44 -8
21 0 19
36 28 61
48 52 69
51 69 74
53 76 78
34 86 46
1 60 15
-10 37 -9
-41 14 -44
-51 -14 -73
-82 -33 -86
-67 -73 -99
-57 -92 -109
-65 -93 -95
-32 -84 -70
-2 -75 -39
23 -43 -20
40 -6 25
52 17 70
81 69 73
82 82 81
71 91 70
70 90 70
48 68 40
25 70 13
-11 25 -10
-27 -10 -50
-46 -48 -83
-58 -55 -98
-60 -91 -107
-44 -93 -99
-36 -82 -74
-3 -57 -46
13 -52 -12
29 -23 21
71 12 56
70 37 77
82 76 80
79 85 87
70 77 101
47 83 60
25 68 37
-2 36 2
-26 18 -33
-58 -30 -68
-71 -65 -99
-65 -100 -104
-69 -125 -108
-43 -93 -100
-34 -110 -73
-2 -74 -46
25 -34 -12
42 -17 26
50 12 59
69 48 65
63 69 73
46 71 76
43 71 49
14 41 26
0 38 -9
-40 5 -35
-51 -14 -62
-59 -44 -80
-73 -63 -88
-55 -71 -87
-41 -69 -68
-31 -66 -45
-6 -32 -23
12 8 20
45 20 49
45 39 68
70 72 92
69 94 104
73 96 104
47 95 76
6 69 60
-2 57 21
-34 20 -18
-60 -16 -60
-73 -34 -77
-74 -81 -94
-70 -78 -96
-66 -87 -93
-56 -70 -55
-21 -55 -26
11 -34 2
13 7 38
55 40 74
58 69 97
73 92 101
68 115 98
61 98 93
33 109 70
-3 87 39
-19 59 -1
-49 19 -32
-65 -14 -59
-65 -36 -83
-69 -62 -85
-66 -90 -80
-46 -60 -66
-31 -44 -35
0 -26 4
26 3 37
55 40 62
76 62 86
72 90 105
69 110 92
52 112 90
46 108 70
21 94 45
-4 68 29
-20 38 -17
-30 4 -60
-41 -21 -84
-40 -44 -90
-40 -71 -98
-17 -83 -91
-4 -67 -66
9 -46 -27
45 -19 6
58 14 40
84 45 57
85 83 96
90 105 99
83 110 88
71 112 89
50 104 62
30 67 34
1 39 -5
-23 9 -39
-34 -27 -66
-51 -49 -88
-39 -62 -92
-26 -69 -75
91 30 75
108 70 102
121 94 126
109 108 124
83 114 101
49 116 79
34 94 53
-2 47 13
-43 12 -26
-70 -32 -76
-83 -76 -96
-91 -104 -105
-90 -122 -109
-73 -124 -105
-50 -100 -70
-20 -85 -42
22 -44 -3
49 -9 31
69 22 60
76 48 84
85 73 94
58 78 68
27 70 51
6 57 23
-27 28 -2
-64 3 -30
-80 -29 -67
-94 -48 -84
-81 -69 -84
-84 -87 -76
-52 -68 -58
-6 -63 -28
27 -24 8
72 4 46
93 34 87
116 76 102
109 118 121
117 113 134
95 124 111
77 124 100
46 88 57
13 61 28
-32 7 -10
-52 -30 -44
-78 -50 -66
-83 -77 -78
-67 -83 -72
-46 -71 -51
-11 -66 -29
22 -32 11
64 -6 50
92 43 68
102 71 92
105 83 100
89 95 113
79 105 84
44 78 65
2 52 32
-44 25 -8
-57 -12 -47
-75 -33 -72
-100 -62 -103
-95 -89 -107
-86 -96 -112
-72 -104 -100
-50 -94 -74
2 -62 -41
27 -41 2
49 6 42
76 22 68
87 54 81
92 77 89
90 82 85
58 94 64
25 81 49
-3 74 17
-34 30 -10
-52 -7 -50
-57 -34 -56
-69 -43 -64
-51 -74 -68
-39 -60 -65
-1 -49 -25
31 -19 4
53 -1 35
84 39 63
103 51 88
122 92 119
125 115 135
103 124 115
70 118 107
44 93 76
18 73 41
-16 41 6
-57 4 -16
-71 -31 -47
-67 -57 -55
-64 -69 -71
-38 -73 -62
-27 -66 -34
1 -51 -2
45 -23 31
78 30 68
111 71 105
129 106 129
125 132 146
121 152 149
111 142 125
83 112 105
45 100 79
8 68 34
-31 44 5
-41 8 -28
-56 -41 -54
-54 -67 -57
-51 -71 -52
-19 -79 -34
4 -71 -17
30 -42 14
62 7 40
76 24 65
98 59 81
85 74 94
88 77 92
73 74 78
23 50 52
-2 24 14
-39 -9 -26
-73 -55 -72
-93 -77 -84
-109 -102 -109
-105 -120 -115
-114 -122 -109
-85 -130 -87
-50 -119 -65
-22 -81 -43
20 -49 -7
41 -18 36
77 35 68
75 63 90
68 70 91
62 83 86
36 75 61
-7 62 31
-22 20 -8
-61 -13 -43
-76 -33 -74
-112 -66 -97
-89 -99 -105
-95 -112 -110
-76 -106 -93
-33 -97 -64
0 -85 -33
27 -49 5
64 -17 36
74 28 77
97 65 100
118 93 110
95 114 103
79 110 92
54 108 73
29 74 51
-5 45 15
-45 18 -22
-51 -7 -51
-58 -50 -70
-60 -65 -66
-40 -68 -62
-16 -55 -23
9 -35 -3
45 -1 28
78 31 62
110 60 85
129 99 112
121 104 116
102 114 102
70 108 89
48 94 53
11 58 20
-11 20 -25
-58 -11 -49
-81 -54 -85
-97 -85 -99
-84 -92 -102
-70 -107 -88
-47 -84 -71
-33 -78 -43
13 -47 -1
40 -8 36
73 21 64
100 66 95
103 85 108
92 113 104
68 113 96
46 97 63
12 70 31
-9 37 13
-46 4 -40
-69 -26 -52
-69 -52 -82
-71 -80 -81
-60 -83 -69
-47 -83 -54
-5 -62 -38
25 -26 5
61 15 41
94 36 80
119 63 109
116 82 119
106 92 125
82 114 118
69 112 98
46 90 81
20 70 45
-7 38 20
-46 13 -15
-49 -30 -40
-47 -50 -38
-37 -49 -42
-30 -37 -27
19 -34 -15
36 -8 18
73 19 50
87 53 77
114 81 114
114 101 126
123 119 114
100 130 116
79 114 100
35 88 63
-1 61 18
-45 9 -34
-73 -34 -47
-97 -71 -98
-103 -105 -107
-111 -123 -112
-94 -135 -107
-79 -116 -96
-51 -115 -62
-7 -98 -37
13 -74 -1
25 -40 29
22 -2 33
36 13 45
23 30 38
10 23 15
-23 17 -11
-55 -28 -42
-71 -38 -68
-109 -74 -104
-4 -28 -18
4 -21 -5
14 -11 11
18 2 20
22 9 22
21 15 28
18 17 29
14 17 19
4 15 10
-2 8 -2
-5 -4 -10
-15 -15 -20
-23 -23 -27
-25 -31 -35
-26 -38 -35
-22 -40 -28
-12 -36 -19
-4 -29 -14
1 -20 -2
10 -11 10
15 -1 18
21 8 23
17 11 22
13 13 22
8 15 15
0 9 8
-7 0 -6
-15 -7 -15
-20 -18 -23
-23 -25 -29
-26 -32 -33
-21 -36 -31
-19 -34 -32
-13 -32 -21
-6 -30 -12
6 -16 -3
12 -9 12
18 7 20
19 12 25
19 17 28
14 18 23
11 16 13
1 9 4
-6 2 -7
-13 -10 -19
-21 -19 -26
-23 -26 -33
-25 -37 -37
-26 -37 -36
-18 -38 -32
-16 -33 -23
-6 -25 -14
2 -21 -1
5 -9 10
14 2 17
13 12 22
14 12 22
12 15 18
3 10 7
-2 2 -6
-11 -2 -17
-19 -11 -24
-23 -26 -33
-29 -34 -36
-29 -39 -42
-25 -43 -46
-22 -43 -39
-16 -40 -31
-7 -39 -24
0 -28 -15
7 -18 -1
12 -1 8
16 4 14
13 9 14
13 13 15
7 8 7
-2 1 -6
-12 -8 -13
-19 -18 -27
-25 -24 -34
-23 -33 -46
-28 -39 -50
-27 -41 -50
-24 -42 -44
-15 -43 -36
-9 -35 -26
0 -25 -13
6 -21 -5
12 -6 4
14 -1 11
15 4 10
12 8 8
7 5 0
-2 -2 -9
-12 -8 -19
-17 -19 -32
-25 -29 -42
-29 -37 -53
-34 -46 -55
-29 -50 -57
-29 -49 -49
-21 -49 -43
-15 -43 -36
-7 -36 -28
-2 -25 -12
5 -18 -8
9 -4 -2
11 0 4
6 2 0
0 1 -4
-4 -6 -14
-12 -10 -27
-21 -19 -35
-28 -28 -42
-32 -36 -55
-34 -47 -57
-34 -49 -56
-26 -52 -55
-22 -50 -46
-16 -45 -38
-10 -34 -27
0 -26 -15
7 -12 -4
8 -3 0
10 0 5
9 7 8
6 6 0
3 3 -12
-7 -2 -17
-14 -10 -29
-20 -23 -40
-28 -28 -44
-28 -36 -52
-31 -42 -52
-27 -45 -50
-20 -41 -43
-12 -36 -32
-4 -23 -17
4 -16 -9
13 -3 2
16 5 9
19 14 15
13 17 10
12 16 9
2 15 -2
-6 10 -14
-12 -1 -23
-19 -10 -29
-24 -20 -41
-28 -27 -46
-25 -30 -50
-20 -35 -47
-17 -36 -42
-10 -30 -31
-1 -23 -22
5 -14 -10
14 -4 -1
15 7 3
17 8 7
14 10 8
6 14 2
2 9 -6
-8 6 -16
-14 -14 -31
-22 -18 -37
-26 -24 -46
-30 -35 -51
-29 -38 -57
-26 -41 -51
-21 -37 -43
-13 -32 -39
-4 -26 -24
2 -12 -13
6 -4 -2
12 7 6
16 14 8
14 18 9
11 19 4
4 17 -2
-2 9 -14
-11 1 -25
-20 -7 -37
-23 -17 -42
-28 -24 -54
-27 -34 -54
-25 -34 -55
-19 -32 -50
-11 -27 -39
-3 -23 -28
6 -12 -17
13 -1 -7
17 10 4
20 16 8
20 19 9
17 22 8
8 19 -1
4 14 -4
-4 11 -16
-14 -2 -26
-19 -12 -36
-22 -21 -46
-23 -29 -46
-22 -33 -47
-17 -31 -40
-10 -30 -32
-2 -23 -30
4 -15 -19
11 -5 -7
13 1 3
15 9 6
15 16 7
10 13 3
1 10 -2
0 8 -13
-10 -1 -24
-17 -8 -37
-23 -18 -45
-29 -23 -51
-27 -31 -56
-26 -33 -56
-24 -40 -50
-15 -35 -44
-6 -30 -32
2 -20 -22
9 -5 -10
16 7 1
20 13 7
22 21 12
21 24 9
15 22 5
7 21 2
-2 17 -9
-9 8 -23
-15 1 -30
-18 -8 -36
-16 -15 -39
-14 -15 -38
-7 -18 -34
0 -11 -20
7 -7 -13
15 3 -2
20 13 9
27 27 16
31 33 23
32 36 27
31 42 22
23 37 21
19 36 11
12 32 4
4 24 -5
-4 18 -3
-22 -2 -22
-36 -11 -47
-40 -35 -67
-43 -50 -74
-45 -50 -84
-41 -58 -80
-26 -59 -64
-16 -49 -39
-3 -33 -21
12 -18 2
22 2 20
30 20 32
34 29 35
31 32 30
21 31 22
9 27 13
-8 11 -8
-24 3 -31
-40 -19 -50
-50 -36 -67
-51 -53 -74
-49 -58 -84
-46 -57 -66
-27 -48 -54
-9 -37 -33
5 -23 -11
22 -3 9
31 12 32
39 31 45
42 42 44
30 47 48
26 48 39
11 40 19
-8 22 4
-18 3 -15
-34 -16 -33
-44 -30 -55
-43 -39 -62
-40 -47 -62
-33 -52 -53
-16 -42 -35
-2 -25 -13
12 -10 8
28 6 29
42 21 47
45 44 52
44 47 60
41 49 50
23 50 37
9 45 16
-6 23 4
-18 4 -19
-29 -13 -38
-31 -26 -46
-36 -38 -47
-33 -51 -44
-26 -42 -35
-11 -33 -25
3 -24 -8
18 -1 6
37 12 23
46 24 41
48 33 51
45 47 53
36 45 45
26 39 41
9 29 14
-5 17 -4
-23 2 -22
-32 -12 -42
-43 -30 -53
-43 -43 -65
-36 -50 -62
-28 -53 -54
-14 -43 -45
-7 -36 -29
12 -19 -6
25 -2 15
39 12 34
37 23 42
37 31 47
28 35 43
16 36 26
4 31 10
-11 13 -8
-23 -3 -31
-38 -19 -49
-42 -36 -67
-43 -52 -70
-40 -59 -62
-31 -63 -55
-14 -54 -43
-2 -33 -30
16 -19 -6
25 4 18
34 15 32
41 27 34
42 34 44
34 34 30
26 28 24
3 25 13
-10 12 -6
-27 -2 -27
-32 -14 -47
-35 -31 -62
-36 -50 -63
-38 -49 -64
-26 -44 -51
-15 -39 -40
-3 -31 -22
11 -13 -10
29 -1 13
40 15 26
42 31 41
40 37 40
35 41 40
21 41 18
6 30 9
-4 20 -5
-21 1 -30
-31 -12 -49
-38 -35 -60
-39 -43 -68
-34 -49 -63
-21 -45 -55
-16 -39 -35
2 -20 -14
17 -9 2
34 9 30
42 26 43
46 38 56
45 51 58
43 53 52
31 44 46
15 37 26
-2 26 4
-17 7 -18
-31 -17 -33
-40 -32 -48
-41 -40 -59
-33 -52 -60
-27 -49 -44
-17 -42 -29
-1 -25 -12
18 -1 12
35 13 30
47 29 53
50 50 54
48 59 70
44 62 62
29 62 50
14 45 28
-1 34 8
-18 13 -15
-24 -2 -40
-35 -19 -50
-40 -28 -61
-38 -41 -60
-31 -36 -53
-18 -33 -37
-1 -18 -18
16 -5 2
35 14 27
44 34 43
55 48 54
57 60 57
47 59 55
37 54 47
20 47 29
5 39 11
-7 27 -11
-25 0 -33
-25 -20 -47
-35 -30 -53
-29 -41 -59
-19 -38 -50
-8 -38 -35
8 -21 -10
21 1 6
38 17 27
50 31 50
54 50 58
55 60 71
52 70 64
47 66 59
31 55 46
16 47 25
-2 22 2
-17 12 -20
-24 -9 -34
-26 -21 -44
-22 -30 -37
-11 -30 -37
-1 -20 -18
13 -19 -3
22 3 22
40 21 43
52 35 62
59 51 76
55 66 78
55 70 82
41 65 73
31 65 58
14 52 40
-1 37 12
-10 13 -7
-19 -8 -19
-25 -18 -31
-23 -22 -31
-19 -32 -27
-9 -26 -14
10 -19 -2
26 -1 19
39 11 41
49 34 57
57 56 66
53 66 80
60 71 77
47 76 69
39 69 56
20 47 36
4 32 19
-8 13 -3
-16 2 -17
-20 -12 -33
-20 -23 -34
-15 -25 -32
-5 -28 -14
15 -20 -1
30 -3 25
43 18 41
53 34 64
58 49 78
57 62 89
53 65 77
44 65 72
34 61 58
16 48 43
1 30 21
-13 17 -2
-22 -3 -23
-25 -16 -30
-18 -30 -34
-18 -26 -33
-3 -29 -18
10 -20 3
22 -2 17
37 18 40
50 31 59
-44 -57 -80
-36 -59 -69
-23 -55 -57
4 -47 -20
28 -20 19
57 27 49
77 63 79
94 77 106
97 96 123
97 113 128
81 116 115
54 110 95
26 95 61
2 57 27
-10 30 1
-30 5 -31
-38 -23 -41
-33 -30 -55
-20 -32 -46
-1 -30 -29
25 -17 9
53 5 43
76 54 81
98 80 112
108 107 127
110 128 138
97 129 145
82 118 126
53 109 89
22 76 47
-3 51 18
-29 14 -13
-42 -14 -42
-47 -49 -56
-35 -59 -68
-23 -58 -48
-12 -47 -27
20 -25 6
47 2 33
79 29 64
92 47 86
104 77 114
101 102 112
73 100 111
63 88 83
36 79 56
7 44 20
-25 5 -14
-40 -14 -44
-53 -44 -63
-53 -60 -71
-38 -80 -77
-23 -74 -57
-2 -66 -33
28 -40 8
51 -4 54
76 37 88
91 62 109
96 87 132
89 98 131
77 101 118
54 95 94
30 79 59
1 53 29
-21 10 -9
-39 -14 -39
-50 -39 -52
-50 -58 -61
-34 -60 -57
-16 -59 -42
11 -42 -2
33 -18 32
60 9 57
81 38 98
94 63 121
94 87 132
82 90 136
67 97 127
43 93 92
18 77 53
-6 42 28
-24 14 2
-40 -20 -32
-59 -42 -57
-54 -58 -62
-44 -69 -68
-30 -72 -40
3 -49 -8
20 -14 24
57 14 65
73 47 103
90 77 123
97 109 142
86 116 145
77 120 125
55 102 103
33 83 70
0 41 29
-28 12 -15
-55 -23 -42
-56 -58 -59
-55 -76 -83
-47 -77 -69
-31 -74 -49
-10 -59 -24
19 -27 11
45 4 50
60 33 77
73 64 111
81 97 115
75 97 119
58 106 111
38 90 81
18 62 45
-7 37 10
-38 11 -31
-62 -20 -59
-56 -48 -76
-61 -71 -74
-52 -78 -76
-34 -66 -52
-6 -51 -34
29 -24 9
48 9 47
70 39 74
85 67 102
89 92 105
77 94 98
55 97 93
35 74 60
7 57 25
-14 36 -1
-44 -2 -46
-65 -31 -60
-68 -62 -99
-61 -71 -99
-53 -83 -99
-34 -71 -72
-7 -53 -41
15 -36 4
46 3 39
67 25 74
82 58 97
83 90 120
78 101 109
51 92 93
25 84 65
5 58 41
-8 25 2
-35 -7 -39
-50 -39 -79
-62 -66 -94
-63 -96 -101
-57 -92 -93
-32 -87 -78
-11 -60 -53
12 -51 -8
35 -4 23
48 33 72
70 70 91
76 82 108
74 100 109
56 106 94
35 90 73
2 69 42
-18 42 1
-48 6 -37
-66 -34 -55
-73 -69 -84
-68 -78 -105
-64 -97 -78
-41 -89 -83
-27 -81 -46
1 -53 -10
19 -34 30
49 6 38
68 33 67
62 51 74
62 61 87
41 48 51
6 43 31
-22 25 -8
-52 -9 -38
-66 -28 -85
-83 -70 -108
-89 -108 -137
-95 -110 -142
-84 -122 -134
-69 -115 -108
-33 -108 -79
-7 -72 -36
20 -47 -4
39 -19 33
47 5 49
49 34 65
40 42 78
26 39 59
6 36 40
-23 26 7
-50 -6 -37
-67 -42 -73
-80 -72 -90
-83 -107 -113
-83 -123 -110
-70 -118 -104
-48 -119 -84
-26 -98 -39
5 -66 -9
25 -34 12
43 1 53
62 27 70
50 45 83
42 65 73
20 54 55
-5 38 32
-24 12 1
-55 -23 -49
-72 -54 -72
-95 -93 -107
-103 -114 -117
-103 -134 -129
-90 -139 -122
-66 -121 -93
-33 -109 -68
-10 -78 -30
17 -41 8
36 -17 47
52 36 77
57 51 66
49 68 68
24 63 55
9 55 29
-19 30 -2
-46 -5 -47
-66 -46 -86
-87 -70 -118
-92 -88 -134
-85 -110 -138
-74 -121 -125
-46 -110 -98
-18 -80 -60
7 -51 -25
30 -29 18
48 7 41
60 45 69
63 69 77
52 71 77
38 68 58
18 64 32
-17 38 0
-98 -56 -67
-72 -49 -59
-52 -59 -29
7 -25 -11
54 10 -3
90 24 54
96 43 80
122 72 119
113 87 127
114 117 119
92 109 88
51 103 58
-2 74 21
-30 44 -15
-73 -2 -69
-67 -19 -99
-81 -58 -115
-73 -99 -115
-26 -94 -130
-20 -76 -91
4 -42 -60
44 -42 -5
57 -7 35
105 62 55
111 73 86
116 99 97
102 108 95
62 93 63
32 75 57
2 37 8
-73 4 -45
-100 -39 -86
-109 -60 -92
-92 -92 -111
-72 -111 -99
-44 -102 -94
-19 -105 -40
15 -68 -29
52 -34 31
78 -11 57
111 25 75
106 60 88
86 80 100
71 89 77
30 80 57
-12 44 20
-37 24 -33
-87 -18 -46
-81 -51 -81
-111 -86 -104
-94 -81 -121
-75 -105 -88
-32 -91 -75
8 -68 -49
54 -48 11
83 1 54
140 37 91
148 56 90
153 88 125
119 95 103
86 114 99
50 92 68
1 71 22
-46 32 -5
-67 6 -62
-111 -26 -86
-118 -48 -96
-122 -76 -99
-82 -72 -91
-44 -87 -72
-9 -75 -26
37 -35 -3
60 -16 42
105 22 64
114 58 113
104 84 116
91 99 91
66 103 94
47 73 75
-2 68 45
-19 31 -8
-42 -3 -38
-69 -33 -90
-81 -65 -103
-72 -80 -92
-71 -82 -102
-39 -77 -74
-13 -79 -30
14 -63 17
52 -30 47
55 9 71
61 54 91
85 62 84
35 64 86
20 68 65
-1 52 14
-41 34 -13
-94 -5 -49
-110 -63 -81
-130 -72 -103
-137 -85 -104
-121 -115 -106
-84 -124 -71
-25 -89 -51
17 -71 -46
55 -20 -2
93 -7 36
115 15 75
96 56 68
77 75 96
70 63 83
41 54 55
24 72 21
-19 25 -10
-68 -15 -52
-113 -43 -73
-132 -79 -113
-141 -89 -128
-103 -84 -121
-76 -107 -127
-41 -92 -93
-2 -58 -68
18 -18 -11
70 27 34
110 70 54
114 98 87
138 113 106
122 122 118
111 114 104
49 105 54
15 60 21
-37 27 -25
-54 -6 -68
-96 -47 -86
-91 -53 -114
-98 -88 -98
-48 -86 -87
-39 -55 -66
39 -25 -19
58 -12 12
115 25 53
147 62 86
152 89 123
143 82 104
104 105 78
57 96 68
5 72 22
-30 64 -10
-64 1 -55
-78 -30 -85
-81 -74 -86
-94 -70 -106
-93 -84 -83
-58 -97 -66
-15 -66 -42
36 -66 2
57 -26 38
78 -10 80
98 57 102
98 84 117
82 94 119
71 82 100
37 94 78
-17 67 25
-42 32 11
-78 -6 -23
-79 -46 -80
-103 -62 -106
-94 -95 -84
-78 -112 -79
-44 -80 -70
-12 -64 -35
38 -34 -4
77 -25 24
107 31 68
118 69 89
137 87 112
114 108 127
77 133 123
50 131 95
11 86 69
-30 67 44
-62 32 2
-98 -1 -31
-82 -31 -57
-104 -49 -68
-71 -55 -56
-56 -55 -31
-4 -39 -1
37 -14 37
77 30 74
97 57 100
114 85 134
119 99 127
108 124 125
68 105 117
45 111 89
11 61 50
-38 51 1
-71 9 -48
-94 -34 -88
-112 -57 -115
-86 -67 -107
-76 -94 -108
-47 -62 -75
10 -52 -50
43 -22 -8
73 10 40
113 44 76
128 69 95
134 102 117
128 102 90
101 109 81
48 96 43
-11 72 3
-67 38 -36
-84 -11 -52
-108 -47 -99
-109 -63 -98
-88 -72 -115
-71 -89 -108
-45 -73 -71
-8 -49 -34
50 -34 8
76 -4 42
109 49 78
128 71 97
122 77 128
106 105 107
90 96 98
61 72 72
-2 43 23
-34 21 -5
-85 -2 -48
-98 -28 -66
-98 -61 -83
-81 -71 -89
-66 -70 -73
-39 -74 -47
-1 -41 -21
31 -14 31
79 -1 79
103 34 86
124 80 124
129 97 146
101 89 132
65 85 103
13 68 50
-25 41 25
-56 4 0
-76 -34 -79
-78 -68 -94
-80 -86 -90
-56 -89 -71
-34 -91 -65
-7 -66 -49
21 -43 -10
55 0 36
83 34 83
101 68 98
99 82 90
74 90 92
47 101 77
-6 58 36
-25 36 4
-72 -5 -36
-98 -36 -72
-105 -79 -89
-106 -98 -105
-95 -112 -100
-66 -95 -91
-38 -68 -35
-12 -60 -8
36 -33 32
76 23 67
111 77 95
109 96 113
102 109 118
91 104 95
66 92 67
23 83 25
-15 39 -3
-66 -3 -42
-81 -57 -87
-87 -88 -121
-92 -108 -131
-96 -119 -128
-72 -119 -109
-34 -100 -64
1 -76 -27
36 -38 12
60 21 60
73 33 88
87 68 92
73 85 101
54 73 87
20 68 63
-12 44 17
-51 23 -12
-77 -22 -51
-91 -55 -83
-84 -72 -87
-79 -79 -88
-56 -73 -87
-25 -80 -48
4 -44 -14
40 -31 7
71 0 43
83 33 54
83 54 68
87 53 71
58 70 66
30 65 51
-13 41 4
-41 16 -33
-76 -17 -70
-99 -45 -100
-119 -73 -117
-107 -114 -130
-101 -124 -113
-87 -115 -97
-39 -94 -55
-10 -50 -20
48 -25 18
86 21 64
94 64 94
92 84 122
81 115 119
85 105 99
57 104 71
23 76 54
-26 45 15
-72 11 -34
-94 -23 -68
-91 -48 -88
-88 -78 -83
-65 -84 -82
-55 -86 -74
-22 -76 -49
9 -42 -2
33 -14 28
70 25 67
89 52 84
96 69 88
73 68 70
32 85 66
6 50 40
-10 24 -8
-44 0 -46
-68 -40 -86
-98 -54 -99
-111 -92 -102
-92 -92 -107
-66 -86 -98
-28 -65 -67
0 -60 -22
39 -15 24
80 38 68
105 70 111
122 97 124
124 114 128
94 143 132
72 122 113
40 110 87
15 74 25
-32 35 5
-60 2 -33
-82 -41 -55
-84 -70 -77
-77 -73 -87
-55 -76 -69
-25 -68 -68
-6 -62 -9
33 -39 13
59 -22 24
77 23 52
92 53 70
107 51 94
88 64 81
53 60 70
28 62 36
-25 40 2
-47 -2 -39
-74 -24 -85
-98 -51 -122
-97 -92 -131
-103 -95 -119
-73 -105 -91
-46 -93 -42
-3 -65 -18
45 -23 17
82 24 50
105 76 89
113 94 116
104 101 139
78 119 108
50 108 78
19 90 40
-10 61 9
-54 25 -26
-71 -14 -65
-81 -47 -85
-82 -73 -92
-53 -85 -87
-27 -70 -51
-1 -58 -23
32 -34 -4
62 -9 61
89 46 78
106 52 129
121 83 109
113 88 106
75 95 89
41 78 59
0 37 5
-38 15 -26
-49 -18 -34
-87 -40 -98
-92 -78 -107
-97 -92 -93
-76 -87 -97
-25 -71 -44
-5 -42 -8
34 -11 30
69 34 68
127 67 105
148 87 146
147 132 152
118 139 148
88 123 119
62 109 92
16 68 46
-28 30 -14
-72 -5 -46
-94 -43 -84
-101 -81 -119
-97 -102 -108
-86 -117 -94
-58 -116 -74
-17 -70 -54
27 -46 -25
55 -20 32
70 34 55
85 54 67
92 76 79
76 61 60
59 69 34
17 70 26
-22 37 -14
-53 -10 -38
-79 -22 -68
-100 -61 -93
-94 -94 -103
-78 -82 -102
-55 -78 -85
-24 -88 -64
-1 -59 -28
33 -26 17
62 4 60
88 38 86
94 62 89
92 75 98
71 76 82
56 66 47
4 54 19
-26 24 -17
-78 -10 -60
-104 -52 -100
-118 -76 -119
-125 -109 -123
-111 -121 -139
-76 -111 -104
-43 -108 -74
8 -63 -41
32 -26 6
73 13 48
93 52 82
104 84 94
99 89 114
86 112 100
50 108 84
31 92 43
-14 52 8
-51 13 -36
-71 -26 -71
-88 -59 -91
-79 -75 -111
-61 -75 -97
-40 -92 -71
-10 -66 -63
18 -71 -27
43 -37 11
73 -6 43
85 29 73
79 33 82
64 61 71
42 60 49
2 45 21
-34 32 -2
-66 -12 -38
-86 -102 -135
-88 -111 -117
-66 -115 -92
-34 -92 -56
2 -60 -23
35 -19 11
76 3 57
101 65 91
115 91 101
127 122 105
119 127 107
88 115 84
53 107 58
3 69 25
-29 33 -10
-59 2 -47
-67 -15 -59
-55 -37 -65
-38 -37 -59
-6 -28 -22
28 -22 7
67 -3 30
90 21 64
110 63 92
106 87 110
114 94 123
92 109 97
84 93 87
49 74 48
6 47 18
-42 18 -19
-70 -27 -46
-93 -49 -79
-102 -91 -100
-101 -108 -91
-81 -112 -81
-60 -95 -71
-15 -72 -46
27 -41 -8
51 -3 20
72 20 39
65 45 54
48 57 61
31 44 48
8 44 20
-31 31 -17
-61 -1 -43
-84 -36 -76
-93 -67 -96
-97 -91 -117
-96 -107 -119
-75 -106 -109
-50 -93 -68
-22 -73 -42
12 -48 -14
44 -16 31
70 19 47
82 49 68
89 85 82
81 89 73
54 90 62
24 68 29
-17 54 -2
-47 18 -28
-61 -11 -59
-72 -41 -78
-76 -57 -98
-80 -78 -81
-58 -66 -66
-30 -63 -41
2 -51 -13
39 -13 19
77 24 53
86 60 89
101 77 112
102 101 112
93 111 110
59 111 79
29 83 55
-12 46 26
-44 7 -13
-52 -25 -40
-57 -46 -73
-60 -51 -73
-41 -65 -64
-35 -57 -44
0 -45 -14
38 -14 18
69 3 54
94 49 82
109 74 101
114 91 107
113 116 109
98 118 96
69 112 70
30 88 36
-10 46 -3
-53 8 -42
-76 -38 -82
-94 -86 -99
-102 -99 -117
-90 -122 -115
-61 -115 -91
-33 -108 -62
-4 -73 -28
30 -45 11
58 -7 34
82 23 51
92 46 63
77 77 53
57 71 49
35 77 22
6 64 -8
-25 31 -34
-36 9 -56
-54 -15 -69
-64 -32 -94
-66 -50 -90
-43 -57 -75
-25 -59 -62
1 -60 -29
23 -29 6
62 -9 35
71 22 62
82 52 88
84 72 97
77 82 88
64 67 60
26 61 42
-6 31 12
-46 4 -30
-69 -34 -60
-85 -66 -84
-92 -89 -95
-74 -97 -91
-57 -95 -60
-21 -82 -33
21 -40 2
55 -6 41
84 34 61
92 61 86
94 73 102
80 87 104
67 77 88
38 81 59
6 59 23
-26 39 -3
-48 -1 -33
-75 -19 -66
-80 -51 -82
-80 -75 -84
-72 -82 -77
-50 -81 -66
-21 -62 -29
32 -33 6
66 -3 41
89 46 61
114 65 88
114 92 104
101 93 108
77 107 76
33 88 56
-14 57 23
-45 35 -19
-76 -10 -48
-89 -33 -72
-92 -62 -81
-86 -76 -77
-71 -75 -65
-26 -62 -42
-2 -30 -11
29 -9 22
63 26 64
94 54 89
100 83 111
113 99 98
98 113 95
84 106 78
44 90 37
2 51 -4
-36 12 -44
-62 -37 -85
-79 -67 -110
-75 -92 -118
-70 -96 -123
-52 -86 -91
-19 -69 -47
17 -31 -10
63 -1 28
101 22 72
124 66 107
128 91 126
119 119 141
93 119 131
89 115 120
56 106 90
28 87 60
-4 48 31
-19 5 3
-32 -17 -26
-29 -39 -28
-13 -78 -28
-9 -78 -8
23 -65 11
62 -42 38
94 -6 65
120 29 105
137 61 119
127 89 135
116 100 129
95 101 98
66 84 83
39 52 56
-2 22 9
-47 -23 -19
-62 -56 -58
-78 -79 -72
-68 -86 -81
-57 -89 -68
-31 -69 -52
-15 -67 -33
22 -45 -1
40 -7 41
74 13 51
76 53 73
72 52 76
57 60 62
39 41 48
-1 10 13
-21 -11 -27
-55 -38 -56
-67 -60 -89
-86 -81 -106
-83 -96 -110
-83 -100 -101
-55 -78 -73
-18 -57 -36
11 -19 1
45 21 31
77 66 78
96 80 118
114 121 129
110 140 134
101 154 134
74 137 114
46 120 76
5 89 43
-27 59 12
-48 30 -18
-61 -5 -44
43 117 77
13 86 50
-15 47 17
-32 18 -9
-37 -19 -20
-39 -36 -23
-30 -32 -11
-7 -31 -6
36 -16 21
74 4 48
108 42 76
127 75 105
138 102 117
131 120 123
110 131 121
84 130 113
47 122 92
21 99 67
-10 53 35
-22 14 15
-26 -9 -4
-33 -27 -8
-30 -30 -12
-10 -24 5
25 -8 30
58 5 53
92 28 73
109 51 99
131 72 110
125 107 121
117 118 109
90 112 97
49 95 58
22 72 31
-27 27 9
-69 0 -19
-74 -47 -48
-85 -67 -66
-76 -74 -60
-49 -84 -37
-26 -74 -14
1 -50 9
40 -19 44
64 11 66
86 32 81
87 57 90
86 85 97
73 87 86
33 70 67
-6 47 42
-29 24 10
-64 -2 -23
-96 -29 -33
-106 -58 -53
-87 -88 -71
-66 -96 -66
-43 -93 -53
-13 -76 -31
14 -43 -7
22 -28 15
48 -10 48
63 25 67
57 36 69
34 48 61
2 55 38
-18 28 19
-51 10 -11
-89 -30 -43
-103 -62 -68
-135 -105 -94
-143 -117 -113
-139 -143 -115
-121 -137 -105
-100 -134 -84
-58 -120 -66
-18 -87 -32
15 -46 -2
28 -18 24
39 13 37
40 33 48
22 38 50
-4 48 32
-19 26 14
-51 10 -11
-79 -12 -43
-100 -30 -59
-88 -64 -70
-82 -83 -78
-71 -78 -71
-50 -62 -57
-16 -55 -32
16 -42 -5
51 -12 34
79 22 56
98 53 77
95 78 83
69 80 79
48 78 64
19 60 42
-23 44 12
-43 10 -22
-72 -23 -57
-85 -62 -83
-92 -87 -91
-99 -79 -88
-83 -95 -76
-60 -97 -59
-24 -80 -32
18 -49 4
53 -15 31
65 14 62
91 50 84
90 66 86
83 78 84
62 76 64
26 68 41
-15 31 -3
-49 -9 -45
-85 -35 -61
-90 -69 -82
-99 -74 -77
-92 -78 -69
-54 -89 -72
-24 -73 -55
13 -49 -21
54 -42 -2
78 -7 32
66 41 71
93 58 58
87 67 69
70 84 61
54 77 59
3 65 36
-16 57 -8
-41 16 -14
-80 -18 -31
-69 -56 -62
-84 -82 -78
-64 -83 -74
-38 -84 -51
-11 -52 -15
38 -30 30
72 13 38
90 62 81
119 84 103
123 109 106
108 100 121
86 96 77
39 76 62
-1 55 5
-54 25 -26
-73 -36 -53
-113 -79 -83
-89 -119 -104
-104 -103 -106
-92 -132 -102
-43 -122 -89
-26 -94 -51
0 -62 -8
27 -31 23
34 -34 32
60 1 48
51 33 57
46 41 46
39 42 14
15 45 1
-55 24 -12
-78 -14 -36
-116 -36 -68
-121 -77 -84
-103 -97 -100
-88 -104 -112
-68 -113 -97
-29 -94 -52
-9 -83 -30
15 -49 -5
54 -8 33
74 21 50
101 51 62
89 69 65
57 72 61
40 62 46
-6 52 3
-41 20 -34
-57 -1 -56
-76 -38 -86
-114 -74 -97
-103 -68 -88
-72 -78 -76
-43 -75 -61
3 -59 -28
48 -32 -13
72 -7 21
87 17 50
92 57 73
90 79 88
84 89 84
56 77 65
38 62 32
-2 47 5
-36 10 -30
-73 -25 -62
-85 -50 -88
-87 -88 -95
-79 -97 -96
-58 -100 -79
-38 -89 -70
8 -48 -25
40 -33 -4
71 -11 31
89 22 49
89 52 60
91 85 65
82 95 64
45 93 52
18 66 26
-17 48 1
-49 7 -26
-65 -24 -59
-66 -30 -71
-68 -51 -78
-59 -62 -68
-34 -59 -57
-8 -57 -36
32 -34 -2
54 -8 32
82 37 60
109 64 90
101 87 99
99 106 103
68 108 85
50 91 67
27 74 31
-8 41 7
-30 16 -30
-64 -17 -45
-67 -42 -60
-64 -68 -59
-48 -60 -55
-18 -54 -31
3 -40 -6
43 1 22
77 17 50
96 52 72
104 63 84
92 84 95
82 86 88
47 85 67
21 69 34
-21 31 3
-76 -80 -71
-45 -63 -62
-2 -49 -13
46 -25 20
70 9 58
95 37 86
107 64 95
108 87 105
83 89 86
65 77 65
14 63 36
-34 41 0
-55 5 -30
-81 -27 -61
-74 -49 -77
-77 -74 -83
-63 -70 -70
-39 -68 -47
1 -49 -18
40 -34 25
74 11 53
98 32 95
124 75 109
116 91 115
98 104 109
72 96 95
30 85 57
-12 57 12
-45 22 -22
-78 -11 -53
-96 -48 -76
-92 -65 -86
-68 -82 -84
-50 -80 -59
-15 -68 -34
18 -56 -9
55 -15 42
103 11 81
110 50 95
118 81 114
102 87 105
70 93 82
38 81 53
-2 57 19
-53 20 -25
-70 -15 -54
-100 -44 -81
-110 -61 -113
-94 -107 -122
-80 -116 -93
-50 -103 -55
0 -76 -22
31 -30 20
66 4 53
86 33 77
107 63 96
107 81 103
83 92 86
42 75 59
-1 63 26
-34 44 -9
-67 5 -38
-83 -28 -66
-87 -51 -80
-85 -80 -87
-73 -77 -84
-34 -69 -46
-10 -60 -22
34 -30 18
72 -2 36
94 33 74
113 56 90
116 76 98
106 96 109
76 103 90
40 90 64
3 67 29
-29 43 -4
-65 6 -31
-81 -29 -60
-77 -54 -85
-81 -78 -87
-55 -75 -72
-18 -65 -43
13 -50 -6
54 -21 21
81 10 54
104 38 79
112 55 95
95 80 99
85 76 101
40 78 69
13 76 32
-19 44 7
-52 19 -32
-89 -20 -57
-86 -46 -76
-90 -67 -86
-67 -74 -70
-49 -73 -44
0 -49 -20
35 -12 9
70 3 45
108 44 81
118 75 114
121 103 128
111 120 125
92 123 103
58 113 74
15 80 47
-30 41 -5
-55 1 -35
-81 -31 -66
-90 -57 -76
-88 -80 -74
-68 -81 -56
-38 -67 -34
15 -49 -2
41 -21 28
78 20 66
99 51 93
109 68 105
105 89 113
86 93 98
56 94 77
17 71 55
-32 42 9
-66 16 -32
-96 -15 -66
-106 -55 -90
-102 -76 -84
-80 -92 -83
-61 -97 -68
-26 -82 -42
17 -44 -3
53 -7 30
74 18 63
95 35 78
94 66 97
80 69 92
66 70 63
30 62 42
-2 42 4
-47 4 -31
-79 -30 -72
-107 -63 -92
-108 -78 -117
-99 -86 -108
-74 -95 -103
-30 -81 -62
4 -64 -29
41 -41 9
78 1 53
102 40 82
120 77 103
115 94 98
94 105 97
78 83 76
36 70 44
-21 39 1
-64 21 -36
-71 -20 -74
-94 -51 -93
-86 -76 -99
-80 -81 -85
-52 -85 -68
-10 -75 -38
24 -49 2
68 -3 49
107 25 82
120 63 112
132 97 122
116 108 126
93 118 117
57 108 84
23 97 57
-16 55 12
-44 25 -25
-71 -7 -39
-73 -22 -65
-75 -54 -63
-55 -61 -57
-22 -61 -28
11 -43 14
50 -11 39
86 34 74
117 57 99
130 96 125
130 103 125
107 116 121
76 94 100
39 100 71
4 72 36
-33 41 3
-62 8 -38
-78 -25 -52
-79 -47 -53
-76 -67 -63
-40 -71 -32
-2 -51 3
32 -27 25
84 13 56
112 44 94
126 77 121
133 93 135
117 124 134
100 115 111
69 92 81
14 81 53
-11 41 18
-53 13 -18
-75 -21 -49
-89 -62 -64
-89 -73 -64
-57 -74 -55
-32 -70 -29
8 -42 14
52 -12 48
95 21 81
113 56 118
135 78 127
125 100 136
110 111 129
94 101 109
46 93 67
-1 62 40
-40 24 9
-66 -14 -34
-82 -47 -51
-85 -68 -74
-78 -90 -72
-53 -74 -50
-21 -67 -29
15 -51 9
66 -25 41
85 19 76
109 47 106
111 85 134
114 89 118
89 105 115
56 90 94
20 74 49
-13 53 18
-44 16 -30
-73 -15 -55
-92 -49 -68
-76 -70 -70
-66 -89 -69
-42 -71 -58
0 -66 -24
45 -22 22
72 18 41
82 47 56
86 79 66
50 77 54
24 55 26
-12 46 -12
-45 5 -39
-74 -34 -63
-92 -69 -84
-110 -91 -106
-105 -116 -108
-84 -118 -98
-60 -111 -74
-27 -88 -44
2 -63 -7
26 -28 23
55 4 45
60 35 64
58 62 66
54 71 55
29 68 54
2 47 20
-24 28 -14
-41 -1 -46
-58 -24 -64
-68 -52 -75
-70 -59 -77
-57 -70 -65
-36 -61 -47
-14 -55 -14
13 -31 10
48 -3 48
73 28 62
84 58 78
89 76 91
69 83 92
56 95 65
27 88 40
0 63 5
-25 36 -30
-61 7 -54
-60 -27 -63
-56 -36 -72
-41 -41 -66
-19 -41 -50
1 -42 -32
24 -31 10
59 9 38
76 31 68
81 51 72
85 66 84
69 77 67
40 62 52
3 41 12
-31 23 -10
-65 -7 -49
-81 -31 -66
-104 -63 -82
-98 -85 -90
-89 -86 -79
-75 -84 -65
-41 -72 -29
0 -43 -3
38 -20 32
67 21 73
92 60 86
106 94 98
94 104 98
76 101 84
53 94 69
29 75 38
-7 53 7
-43 16 -33
-61 -11 -54
-66 -47 -71
-51 -62 -82
-45 -74 -65
-18 -70 -44
1 -34 -6
39 -23 24
67 13 64
89 56 90
97 84 114
102 105 130
89 124 130
80 116 96
65 108 75
26 85 50
-2 49 14
-22 25 -22
-40 -10 -41
-54 -39 -56
-43 -50 -51
-29 -62 -37
-10 -59 -27
18 -42 -1
45 -25 29
67 -7 45
78 20 61
81 42 66
79 56 76
59 57 61
22 47 36
-4 31 0
-36 -6 -23
-64 -38 -49
-96 -66 -77
-97 -92 -90
-92 -104 -86
-68 -100 -65
-55 -86 -36
-18 -63 -14
13 -30 11
49 1 45
81 29 69
92 52 84
83 70 82
65 61 60
44 49 36
1 24 3
-55 -5 -40
-91 -47 -79
-109 -89 -103
-122 -116 -128
-130 -138 -139
-111 -139 -127
-94 -142 -107
-51 -131 -76
-13 -91 -31
27 -62 -2
66 -7 41
82 44 67
96 67 78
87 93 95
81 105 85
55 106 56
27 90 36
-7 49 2
-39 11 -28
-66 -24 -59
-83 -54 -71
-89 -81 -85
-82 -105 -83
-51 -99 -68
-23 -84 -45
11 -55 -15
46 -32 10
63 2 50
74 44 76
93 85 92
92 96 99
82 101 89
54 103 76
21 89 54
-7 63 22
-18 39 -7
-41 8 -23
-40 -13 -39
-37 -27 -29
-23 -30 -23
5 -27 -3
37 -18 16
65 1 34
83 30 63
87 53 80
94 58 85
84 71 79
62 65 56
39 64 27
10 38 5
-29 10 -36
-60 -10 -49
-73 -27 -59
-72 -38 -76
-60 -49 -73
-52 -56 -56
-26 -52 -25
8 -40 -1
44 -25 28
64 -7 50
76 13 58
69 34 60
77 40 68
46 45 60
20 49 37
-3 33 5
-45 12 -39
-58 -25 -65
-90 -51 -86
-93 -73 -95
-99 -80 -107
-86 -102 -100
-65 -96 -94
-28 -79 -58
6 -53 -35
33 -26 6
65 -4 45
75 29 58
92 58 71
79 70 73
62 69 54
28 54 35
-10 43 -2
-45 18 -33
-68 -32 -64
-75 -54 -78
-88 -72 -105
-75 -92 -101
-57 -86 -73
-36 -74 -45
3 -46 -12
41 -6 16
72 11 55
78 48 82
95 72 89
86 83 94
68 94 81
41 68 51
6 43 20
-35 13 -14
-77 -16 -57
-99 -40 -85
-110 -83 -106
-117 -106 -120
-105 -127 -119
-88 -138 -110
-65 -117 -78
-22 -98 -51
13 -66 -13
36 -37 14
40 1 49
51 40 58
50 65 59
42 55 58
13 47 29
-11 30 -3
-48 10 -42
-88 -25 -68
-96 -59 -82
-111 -73 -90
-106 -90 -103
-98 -112 -91
-58 -98 -83
-22 -87 -54
9 -50 -18
41 -26 8
60 13 28
73 50 56
70 72 66
23 82 20
-22 38 -16
-60 8 -58
-91 -41 -85
-106 -65 -106
-107 -98 -106
-93 -103 -87
-44 -82 -63
3 -51 -25
46 -7 25
102 28 62
129 78 113
146 105 117
147 118 137
123 133 119
94 128 92
42 103 54
-14 75 9
-54 26 -31
-88 -24 -58
-118 -63 -82
-110 -100 -92
-94 -91 -74
-41 -97 -58
-3 -78 -23
53 -31 12
92 -2 52
121 60 86
127 75 107
121 101 110
105 114 112
64 92 83
25 70 33
-23 40 -9
-78 11 -47
-128 -44 -92
-143 -97 -111
-141 -107 -126
-114 -121 -100
-55 -102 -92
-6 -86 -44
43 -46 0
89 -2 37
110 41 82
134 81 110
136 113 134
130 121 125
98 118 100
48 100 64
-6 77 26
-45 29 -18
-83 -5 -55
-102 -38 -63
-102 -64 -80
-74 -64 -79
-38 -72 -58
2 -58 -20
49 -23 18
89 20 58
136 61 99
141 97 142
137 130 147
127 140 136
110 149 118
71 128 77
14 94 43
-39 41 -14
-84 -15 -55
-103 -52 -80
-119 -87 -104
-113 -111 -110
-86 -100 -95
-46 -91 -63
11 -71 -12
64 -47 31
86 12 72
127 42 88
118 76 110
106 94 116
85 97 114
42 92 68
-9 61 34
-65 27 -19
-103 -27 -74
-123 -60 -106
-144 -97 -125
-137 -123 -125
-98 -118 -106
-83 -113 -84
-20 -88 -35
30 -38 10
91 5 54
123 47 91
145 86 129
138 128 137
113 138 131
97 135 102
53 113 63
12 77 29
-36 36 -25
-79 -8 -61
-93 -40 -80
-105 -64 -87
-81 -84 -83
-53 -72 -61
-4 -57 -24
60 -28 12
105 8 63
123 57 105
155 95 136
155 125 135
150 140 136
103 137 120
65 133 88
21 92 44
-31 52 -6
-56 6 -45
-82 -28 -87
-96 -64 -97
-80 -86 -87
-62 -68 -76
-18 -70 -45
24 -40 -1
82 -16 40
106 20 88
130 67 115
142 94 140
134 112 142
98 127 121
69 107 93
35 78 47
-35 43 -3
-57 8 -43
-96 -52 -82
-100 -64 -99
-93 -84 -103
-84 -91 -100
-54 -88 -68
-10 -74 -28
46 -43 7
86 -13 55
112 26 93
132 63 117
111 103 130
105 112 114
61 115 90
32 81 56
-26 52 14
-51 24 -42
-98 -10 -72
-107 -64 -84
-111 -76 -108
-82 -97 -89
-54 -100 -66
-18 -80 -33
31 -41 7
73 -11 54
100 36 94
128 78 132
131 115 138
127 135 130
114 124 118
74 115 95
28 88 38
-23 48 -3
-67 8 -39
-90 -30 -59
-102 -58 -89
-90 -105 -97
-81 -99 -72
-31 -87 -49
14 -68 -7
49 -26 35
84 9 76
101 48 111
112 81 128
101 91 123
89 97 113
62 98 90
7 78 40
-24 57 -4
-70 13 -34
-94 -26 -74
-118 -58 -101
-116 -101 -116
-91 -114 -110
-62 -108 -82
-30 -101 -44
17 -63 -4
57 -23 35
82 12 66
103 42 88
102 73 93
80 77 87
49 66 67
16 57 23
-36 26 -10
-78 -8 -46
-104 -44 -88
-127 -80 -106
-124 -97 -129
-111 -103 -108
-96 -109 -87
-45 -112 -55
6 -64 -13
56 -29 21
87 22 69
116 68 105
126 87 106
119 112 111
85 111 89
50 90 63
-2 54 7
-46 22 -35
-88 -20 -92
-111 -82 -107
-123 -121 -129
-116 -126 -139
-113 -130 -113
-69 -113 -83
-28 -87 -43
28 -48 -1
79 -8 44
103 31 78
117 71 109
117 98 123
100 125 111
58 109 89
36 102 50
-13 48 -1
-58 14 -45
-75 -34 -82
-112 -81 -106
-107 -104 -106
-101 -106 -105
-68 -114 -80
-37 -85 -48
12 -53 -13
58 -35 32
89 8 55
126 33 76
126 76 97
98 89 100
60 84 77
18 72 54
-30 46 18
-60 2 -44
-99 -35 -76
-111 -78 -110
-121 -110 -126
-16 73 12
-52 36 -28
-74 0 -55
-89 -34 -57
-73 -56 -71
-57 -68 -51
-22 -55 -35
41 -34 10
59 -12 46
98 26 87
114 57 118
124 90 126
120 104 136
98 102 116
61 92 88
18 68 54
-20 56 20
-52 18 -11
-83 -16 -48
-92 -37 -67
-91 -80 -69
-51 -84 -78
-26 -91 -56
14 -64 -29
52 -42 19
82 -9 49
104 28 85
105 67 105
106 79 106
78 93 103
51 95 70
20 66 32
-40 35 -7
-81 -13 -64
-108 -51 -86
-116 -84 -115
-112 -119 -108
-91 -121 -97
-48 -110 -78
-8 -77 -46
28 -55 1
66 -6 39
93 37 76
105 57 89
106 79 96
80 88 92
45 87 56
18 73 39
-20 46 0
-64 25 -31
-84 -23 -60
-103 -41 -83
-97 -74 -87
-75 -80 -90
-46 -83 -57
7 -70 -26
53 -39 17
89 -2 61
116 25 84
126 73 93
105 102 104
90 105 94
62 101 77
23 80 36
-24 50 9
-68 11 -42
-99 -45 -82
-118 -55 -91
-111 -83 -114
-98 -110 -108
-59 -94 -80
-33 -83 -48
13 -57 -4
59 -6 41
80 25 71
104 55 92
98 80 104
97 107 106
57 96 95
21 81 52
-24 58 10
-77 23 -28
-101 -30 -73
-113 -46 -100
-119 -74 -99
-99 -98 -92
-85 -103 -79
-58 -91 -58
-2 -61 -21
40 -39 17
63 2 31
95 24 69
86 54 89
93 68 85
61 77 87
26 73 50
-14 61 21
-47 18 -16
-99 -14 -52
-103 -44 -81
-109 -73 -103
-105 -89 -95
-97 -100 -97
-51 -92 -69
-13 -74 -32
30 -48 0
67 -14 47
86 24 77
102 63 97
103 88 109
94 95 95
58 85 73
17 75 34
-46 35 -1
-70 -14 -70
-106 -35 -96
-123 -82 -115
-129 -116 -135
-102 -126 -126
-70 -127 -113
-36 -117 -76
9 -76 -41
49 -41 -2
84 -13 44
97 26 62
92 54 77
73 69 77
47 69 48
21 51 23
-18 30 0
-54 3 -38
-88 -31 -92
-117 -63 -101
-115 -97 -113
-107 -111 -104
-66 -111 -95
-21 -93 -62
23 -63 -29
61 -27 23
84 3 58
108 40 83
116 86 105
101 102 108
75 108 97
37 92 61
-6 59 18
-47 25 -16
-86 -11 -49
-109 -38 -81
-118 -61 -106
-96 -85 -88
-60 -87 -75
-46 -66 -70
10 -49 -22
58 -28 14
89 8 50
110 47 85
134 76 102
111 90 106
100 105 102
70 112 75
19 86 36
-9 51 -4
-56 30 -30
-82 -20 -79
-101 -56 -83
-109 -90 -92
-94 -109 -76
-58 -101 -71
-31 -83 -34
19 -56 -13
59 -22 34
95 16 66
106 50 88
118 86 105
87 89 93
65 93 77
8 92 47
-27 66 9
-66 17 -36
-90 -11 -72
-119 -47 -75
-123 -71 -95
-91 -97 -81
-57 -87 -74
-14 -78 -44
28 -41 -8
56 -1 43
108 27 62
113 62 98
123 73 117
115 94 107
74 99 91
34 81 52
-1 57 27
-28 31 -12
-66 14 -54
-83 -22 -71
-96 -49 -87
-81 -74 -86
-67 -93 -71
-23 -74 -47
27 -64 -1
74 -14 35
114 25 82
138 85 108
149 108 133
144 125 130
101 127 114
63 112 80
18 84 54
-27 42 13
-60 13 -29
-82 -10 -58
-84 -49 -82
-73 -60 -78
-45 -72 -60
-21 -68 -43
29 -53 -8
48 -26 25
93 10 62
130 47 88
131 68 109
136 90 117
118 118 114
82 124 105
49 98 66
9 76 25
-46 33 -7
-71 3 -34
-88 -39 -85
-97 -50 -87
-77 -70 -76
-29 -84 -60
3 -66 -28
47 -27 7
79 -10 50
115 36 84
121 64 114
116 80 115
116 102 105
75 108 89
38 87 63
-14 59 17
-46 30 -20
-68 -13 -47
-98 -38 -71
-94 -83 -89
-77 -93 -83
-57 -69 -61
22 43 46
-24 45 4
-52 12 -28
-79 -30 -51
-82 -58 -85
-107 -75 -93
-103 -71 -83
-106 -83 -80
-62 -96 -56
-19 -90 -45
10 -62 -5
52 -34 23
75 22 60
73 46 79
57 72 78
39 71 67
11 48 41
-15 26 11
-48 -10 -26
-80 -16 -56
-106 -41 -82
-107 -59 -80
-78 -72 -82
-58 -87 -73
-27 -77 -58
0 -47 -25
36 -23 20
70 9 51
92 46 69
99 66 83
92 67 80
71 72 73
52 83 60
10 63 36
-34 46 -13
-56 10 -40
-73 -7 -49
-62 -35 -62
-56 -51 -50
-35 -60 -40
-12 -45 -12
27 -8 21
60 6 62
95 24 87
110 56 98
121 83 110
109 91 111
88 93 95
54 84 70
-2 52 29
-39 31 -7
-63 0 -30
-81 -31 -51
-83 -65 -58
-70 -66 -64
-55 -67 -58
-19 -51 -30
18 -43 -2
49 -20 30
74 -8 53
82 17 74
92 54 79
78 65 93
62 77 72
40 75 46
-2 44 18
-35 1 -13
-78 -37 -47
-115 -60 -71
-118 -76 -89
-101 -74 -97
-66 -84 -87
-36 -73 -56
11 -67 -34
44 -37 7
57 -4 38
75 22 68
86 58 90
82 74 91
72 67 67
47 66 54
13 58 17
-10 45 -6
-53 18 -30
-79 -23 -54
-98 -43 -64
-89 -61 -71
-63 -75 -59
-20 -71 -44
12 -43 -16
46 -18 18
73 19 56
85 51 83
94 72 105
118 82 110
97 91 96
73 95 87
36 83 62
-4 60 42
-33 35 4
-66 5 -20
-63 -16 -41
-57 -28 -41
-39 -40 -42
-27 -34 -20
7 -39 1
42 -17 27
71 13 55
88 28 62
94 54 95
100 60 102
87 71 94
66 70 83
22 71 48
-6 62 20
-36 30 -6
-55 -1 -25
-61 -34 -39
-69 -56 -43
-67 -60 -39
-47 -52 -21
-13 -48 -3
35 -25 30
77 13 61
101 44 81
109 61 118
111 87 125
93 108 133
77 89 111
65 71 76
19 59 37
-20 40 1
-50 13 -9
-69 -10 -33
-77 -39 -44
-62 -62 -39
-47 -70 -46
-13 -45 -11
14 -33 22
55 -6 53
87 23 77
108 56 98
123 66 109
98 69 105
73 71 80
28 55 59
-17 39 23
-46 13 -14
-71 -23 -42
-87 -29 -62
-97 -53 -75
-86 -63 -81
-66 -64 -55
-36 -67 -28
-2 -46 11
43 -11 45
76 5 73
94 34 90
114 71 102
106 84 115
85 85 97
61 91 68
31 75 41
-14 39 12
-50 7 -22
-77 -25 -51
-89 -43 -68
-86 -56 -63
-51 -57 -65
-22 -50 -37
18 -41 4
64 -10 32
81 7 45
85 38 83
114 50 97
105 77 110
100 81 106
60 79 80
34 77 41
-9 50 13
-44 8 -12
-66 -14 -40
-90 -40 -60
-92 -47 -66
-79 -69 -65
-57 -84 -55
-25 -69 -34
5 -53 -15
36 -41 14
49 -4 37
77 29 60
73 49 74
56 53 64
39 45 38
-4 36 19
-56 -7 -15
-97 -32 -53
-123 -63 -84
-135 -91 -103
-141 -113 -114
-130 -103 -123
-103 -123 -129
-79 -125 -94
-32 -101 -74
-7 -81 -31
11 -58 -2
22 -20 17
29 0 30
21 15 19
10 12 1
-21 1 -24
-51 -25 -51
-98 -46 -75
-132 -56 -94
-136 -89 -109
-140 -111 -121
-122 -125 -129
-93 -111 -116
-65 -111 -82
-27 -94 -52
10 -71 -28
23 -36 -3
45 -14 26
38 9 31
36 28 38
14 22 28
3 26 8
-36 9 -24
-79 -16 -72
-95 -53 -100
-122 -94 -125
-135 -119 -137
-132 -117 -136
-114 -123 -126
-74 -109 -106
-40 -100 -78
4 -83 -38
25 -46 -12
34 -23 8
56 4 15
58 24 28
44 51 30
17 46 19
-15 24 -15
-57 7 -50
-81 -34 -87
-99 -46 -99
-106 -70 -107
-97 -71 -107
-75 -75 -95
69 -22 13
82 -12 13
59 7 30
29 4 34
-9 16 43
-28 23 30
-45 15 -1
-71 -5 -33
-89 -17 -73
-98 -50 -93
-97 -64 -91
-93 -79 -88
-64 -71 -66
-28 -56 -42
30 -41 5
64 -11 37
87 28 48
83 48 56
84 65 63
85 72 54
75 75 42
45 64 12
0 50 -14
-54 9 -59
-87 -43 -92
-135 -78 -119
-126 -96 -119
-97 -123 -110
-76 -109 -82
-23 -92 -46
8 -62 -19
36 -36 2
57 -10 22
66 5 44
76 30 47
78 36 45
42 39 29
1 38 -9
-44 22 -42
-80 -14 -77
-104 -61 -91
-103 -91 -104
-92 -107 -111
-68 -105 -94
-44 -94 -75
-17 -95 -46
11 -55 -18
36 -39 10
52 -4 43
73 21 63
67 42 71
62 46 60
32 65 32
-8 44 5
-59 27 -40
-101 4 -70
-121 -31 -92
-114 -66 -98
-97 -66 -91
-56 -72 -76
-18 -71 -53
5 -39 -38
28 -24 -10
63 7 42
90 27 69
103 63 95
99 97 114
87 119 90
68 119 63
33 100 36
-17 75 11
-67 45 -34
-86 4 -60
-105 -19 -74
-80 -46 -91
-54 -63 -81
-26 -54 -72
6 -43 -43
42 -39 -21
64 -22 15
92 11 53
115 36 74
117 71 85
96 82 74
60 83 57
25 61 19
-28 53 -8
-68 16 -37
-93 -25 -63
-100 -56 -60
-97 -79 -71
-80 -72 -55
-62 -62 -24
-11 -36 1
43 -22 28
82 14 55
113 39 71
143 71 89
134 88 97
120 102 90
87 105 48
36 84 25
-1 52 -7
-41 14 -35
-65 -26 -70
-79 -63 -89
-99 -86 -86
-84 -85 -76
-51 -73 -42
-10 -64 -7
34 -28 19
67 0 49
90 23 74
101 49 101
111 83 121
95 99 109
66 107 79
38 91 41
3 69 7
-37 25 -35
-62 -6 -63
-84 -43 -82
-80 -64 -72
-75 -83 -79
-37 -65 -62
0 -57 -42
26 -42 -20
55 -8 10
78 6 51
100 37 89
106 71 97
107 95 92
68 107 80
47 97 50
-13 74 5
-54 39 -39
-85 -5 -66
-94 -30 -73
-107 -77 -80
-90 -88 -90
-58 -80 -81
-30 -66 -45
7 -50 -15
46 -22 25
72 13 49
110 31 75
113 65 93
116 77 94
84 98 67
54 87 44
-2 69 32
-42 41 8
-76 6 -30
-77 -3 -46
-76 -23 -56
-54 -45 -55
-48 -46 -48
-25 -42 -20
12 -28 7
51 -7 39
93 29 67
133 44 98
131 68 101
115 89 86
75 95 76
48 85 54
-5 62 33
-38 38 -2
-57 15 -21
-68 -21 -57
-78 -46 -75
-84 -63 -69
-74 -73 -42
-42 -38 -7
13 -4 47
57 9 75
96 58 106
142 88 116
157 121 126
139 126 133
107 133 116
66 117 95
27 105 57
-10 73 13
-31 28 -44
-60 -34 -79
-83 -73 -104
-82 -91 -102
-68 -96 -75
-40 -80 -24
-3 -54 12
42 -11 40
82 26 57
108 58 92
110 78 120
106 114 125
85 131 121
66 127 106
23 115 84
-6 88 47
-44 54 12
-71 25 -17
-73 -7 -39
-69 -48 -34
-34 -61 -29
4 -49 -8
44 -26 27
89 -14 43
114 5 72
126 44 90
131 67 107
117 93 114
118 110 121
89 119 105
57 110 69
14 94 43
-46 37 2
-91 -2 -34
-108 -38 -54
-106 -62 -54
-81 -69 -38
-38 -75 -23
2 -57 1
29 -33 26
73 -7 51
89 25 80
104 46 91
109 65 105
107 99 98
86 95 87
49 89 56
5 80 21
-33 37 -7
-84 2 -41
-97 -30 -58
-85 -55 -57
-57 -72 -63
-26 -72 -43
4 -56 -11
32 -53 9
42 -22 35
74 -1 46
83 26 71
87 51 76
67 53 76
53 63 55
-4 43 24
-63 22 -15
-94 -7 -39
-118 -46 -67
118 153 132
86 133 113
63 104 93
38 72 62
36 40 31
7 42 9
-13 33 0
-24 10 -11
-21 1 -11
-4 -15 -7
13 -18 19
34 -23 58
50 -9 81
69 29 92
78 45 106
82 70 106
85 72 88
69 65 62
33 46 31
-5 14 -8
-50 -18 -39
-74 -40 -71
-82 -82 -83
-83 -97 -76
-71 -90 -54
-53 -68 -22
-24 -43 1
17 -14 29
62 26 50
90 58 85
104 89 101
105 98 108
80 113 96
56 98 83
17 80 47
-8 43 19
-35 9 -15
-48 -20 -53
-53 -42 -49
-51 -49 -47
-28 -42 -26
4 -26 -3
48 1 31
84 38 49
109 57 75
119 83 103
115 97 125
114 103 130
102 106 128
93 114 111
64 108 74
23 81 41
-9 51 19
-38 5 1
-51 -40 -9
-48 -64 -28
-37 -66 -41
-27 -74 -34
-3 -73 1
30 -54 18
58 -36 36
72 -11 42
77 19 34
67 18 20
42 0 18
7 -13 -11
-33 -30 -36
-78 -52 -43
-121 -52 -66
-142 -74 -74
-132 -93 -69
-91 -98 -70
-60 -86 -62
-20 -79 -61
11 -52 -48
6 -28 -21
10 -32 21
30 -17 39
30 -12 44
22 4 45
18 33 30
9 44 8
-1 29 -15
-11 23 -45
-30 0 -54
-61 -20 -58
-84 -32 -40
-89 -33 -20
-57 -27 -1
-25 -11 22
26 18 55
80 50 94
109 77 126
125 100 153
137 120 158
121 130 144
101 115 121
70 94 96
43 68 69
-1 46 31
-35 8 4
-66 -18 -31
-85 -47 -62
-72 -79 -75
-44 -96 -66
-18 -95 -49
8 -74 -21
25 -53 8
33 -25 32
43 -3 49
50 8 62
40 13 65
26 20 57
7 33 38
-19 25 16
-42 16 -14
-63 -6 -50
-66 -33 -87
-72 -59 -97
-70 -81 -95
-69 -93 -82
-66 -103 -54
-41 -79 -34
-7 -54 -16
37 -26 3
58 2 20
80 17 26
72 31 25
50 33 25
9 35 19
-27 21 -5
-57 5 -15
-76 -22 -44
-83 -39 -62
-79 -51 -75
-69 -55 -74
-46 -55 -64
-20 -43 -48
8 -36 -20
39 -22 8
50 -18 33
64 5 49
68 18 54
66 22 62
49 38 61
38 48 49
10 32 25
-22 20 -6
-51 -5 -37
-67 -34 -55
-82 -66 -79
-81 -84 -80
-83 -97 -80
-62 -90 -67
-41 -85 -43
-17 -84 -28
4 -70 -24
17 -60 -29
18 -62 -34
10 -50 -35
-2 -60 -42
-22 -54 -56
-49 -48 -72
-93 -59 -81
-110 -74 -97
-132 -87 -117
-122 -106 -125
-104 -111 -124
-86 -112 -110
-66 -94 -85
-47 -80 -63
-33 -54 -29
-1 -30 1
23 -8 18
40 7 22
50 20 20
42 29 10
13 22 -9
-10 23 -27
-37 5 -40
-68 -10 -53
-79 -20 -57
-85 -32 -59
-70 -24 -54
-46 -25 -51
-13 -14 -27
11 -3 -3
42 8 29
71 38 62
94 74 87
102 90 102
95 102 99
88 103 95
55 84 67
26 72 33
-10 50 6
-44 23 -30
-70 4 -47
-83 -30 -64
-84 -58 -73
-66 -71 -74
-40 -70 -66
-5 -52 -45
19 -33 -23
32 -23 6
47 2 34
57 23 53
52 41 51
45 40 45
29 40 21
1 26 -5
-33 17 -42
-66 -16 -61
-94 -40 -83
-103 -56 -86
-105 -63 -81
-80 -61 -74
-52 -56 -60
-21 -40 -44
9 -42 -26
39 -32 -2
57 -6 19
63 10 36
52 25 41
40 27 35
13 25 17
-14 16 -13
-45 1 -38
-65 -26 -61
-71 -58 -90
-86 -77 -99
-93 -85 -111
-79 -80 -86
-53 -64 -63
-18 -34 -33
19 -14 -8
53 10 30
84 43 54
104 65 82
101 79 87
87 80 77
72 86 52
33 66 26
-12 41 -6
-48 8 -31
-64 -23 -64
-66 -51 -85
-66 -68 -91
-55 -70 -84
-26 -59 -71
-74 -111 -102
-44 -90 -66
-7 -67 -26
31 -24 12
66 4 38
83 25 58
79 33 71
63 52 53
21 38 14
-15 19 -17
-54 -13 -55
-86 -63 -100
-116 -87 -127
-136 -116 -150
-119 -126 -147
-104 -130 -135
-78 -102 -99
-42 -84 -63
2 -55 -10
46 -14 21
67 29 54
88 53 69
79 64 77
57 69 65
37 62 35
-9 46 5
-51 21 -29
-68 -12 -63
-82 -46 -80
-81 -57 -94
-74 -52 -87
-49 -44 -69
-18 -23 -27
31 -3 17
74 21 58
115 46 88
118 85 113
122 101 116
111 111 98
74 99 84
46 69 47
7 37 9
-24 11 -29
-66 -29 -65
-79 -43 -81
-75 -60 -79
-64 -63 -65
-40 -55 -42
-2 -31 -9
39 -2 29
79 34 75
111 68 104
127 96 129
121 114 126
103 107 105
77 88 66
31 61 28
-11 23 -12
-43 -7 -58
-90 -45 -92
-108 -73 -105
-99 -89 -106
-81 -75 -96
-41 -76 -63
-21 -58 -27
24 -23 16
61 12 63
89 44 97
110 77 106
114 89 105
86 82 95
57 77 67
16 54 24
-22 9 -13
-61 -22 -51
-97 -59 -100
-108 -78 -112
-100 -91 -107
-86 -105 -96
-60 -87 -75
-23 -67 -31
21 -34 12
60 -8 56
89 32 84
105 68 106
114 86 110
102 94 97
74 91 76
33 71 38
-7 38 -16
-46 4 -41
-71 -39 -83
-87 -66 -102
-101 -94 -113
-94 -96 -114
-67 -87 -89
-26 -75 -52
9 -52 -8
53 -18 39
79 13 75
95 42 98
94 70 101
81 74 102
48 60 71
12 57 30
-23 34 -12
-57 2 -40
-76 -39 -80
-94 -61 -98
-98 -80 -105
-89 -92 -101
-79 -92 -86
-41 -80 -58
2 -63 -25
30 -41 8
56 -11 47
68 13 64
68 35 73
47 33 69
24 43 45
2 20 2
-39 5 -25
-62 -14 -62
-90 -29 -83
-104 -50 -98
-98 -67 -108
-78 -78 -95
-40 -70 -65
-1 -50 -30
36 -31 10
77 6 43
92 34 67
103 54 82
82 77 92
74 78 91
56 68 56
20 62 21
-16 30 -10
-46 2 -54
-65 -16 -72
-67 -36 -88
-78 -59 -91
-51 -61 -80
-28 -55 -40
15 -25 -1
53 1 35
78 33 77
112 69 115
128 104 129
122 117 139
105 126 133
84 132 114
52 108 70
14 86 36
-21 54 -11
-31 22 -39
-49 -16 -54
-35 -30 -54
-29 -19 -38
4 -12 -7
29 2 22
72 30 65
105 62 102
122 91 134
134 114 144
135 116 146
110 115 124
76 101 96
33 77 60
-7 46 14
-49 10 -28
-67 -18 -57
-74 -56 -74
-81 -74 -92
-51 -76 -79
-28 -63 -42
12 -46 -16
46 -25 32
70 18 65
87 47 101
104 71 122
111 86 117
102 87 102
62 75 70
30 62 30
-18 29 -3
-54 2 -41
-73 -25 -62
-87 -58 -84
-95 -64 -89
-76 -73 -82
-49 -70 -54
-3 -61 -19
35 -24 8
77 2 50
93 36 77
93 57 84
83 54 77
64 66 62
35 39 24
-12 15 -10
-51 -30 -51
-88 -38 -88
-118 -75 -111
-130 -98 -128
-131 -118 -116
-105 -113 -114
-77 -105 -67
-26 -75 -20
28 -39 27
60 1 76
89 52 106
108 89 127
109 105 129
95 110 116
62 87 91
17 70 41
-28 29 -13
-68 9 -44
-80 -44 -79
-99 -63 -84
-90 -81 -99
-71 -70 -84
-49 -63 -45
-9 -53 -11
33 -29 23
73 7 68
99 42 81
100 64 100
86 80 109
55 78 77
28 58 50
-6 32 6
-39 -1 -32
-67 -28 -73
-87 -54 -97
-101 -73 -107
-103 -82 -107
-72 -81 -82
-35 -61 -42
7 -42 9
53 -4 54
93 41 87
112 76 122
123 117 138
119 128 132
107 126 115
68 121 84
30 79 41
-13 49 -9
10 -47 -8
37 -25 17
67 9 43
82 30 55
94 46 60
75 48 60
49 43 48
20 26 25
-25 14 -1
-54 -11 -33
-77 -30 -58
-83 -62 -81
-76 -71 -79
-53 -68 -65
-28 -63 -54
1 -47 -20
34 -26 5
38 -3 34
50 15 42
54 37 53
44 32 46
28 26 25
1 12 0
-31 -13 -36
-72 -41 -61
-102 -65 -77
-124 -87 -86
-120 -97 -92
-113 -103 -80
-81 -98 -54
-38 -66 -20
15 -34 14
58 12 65
93 57 93
111 89 120
113 126 126
109 123 129
94 126 111
62 105 74
20 81 28
-22 40 -5
-53 4 -34
-71 -32 -60
-74 -61 -67
-78 -77 -60
-51 -79 -53
-21 -76 -24
8 -54 3
38 -23 34
62 -1 53
69 27 75
67 48 82
53 48 74
16 56 62
-8 51 33
-35 31 8
-51 19 -17
-62 -1 -46
-54 -20 -58
-42 -33 -58
-25 -37 -56
-5 -33 -43
22 -26 -14
46 -8 16
75 8 36
96 30 60
96 46 57
85 52 61
53 36 45
18 17 22
-30 -2 -12
-73 -38 -45
-105 -58 -74
-116 -76 -94
-118 -90 -103
-109 -98 -107
-85 -89 -94
-57 -90 -75
-28 -71 -41
-2 -45 -13
31 -28 7
57 -4 36
82 27 58
78 46 63
60 53 54
21 49 38
-9 26 2
-39 5 -26
-50 -16 -50
-67 -38 -65
-65 -47 -68
-55 -51 -58
-43 -51 -44
-22 -44 -28
11 -34 -1
34 -8 37
55 18 58
85 45 90
100 57 98
98 76 94
68 77 63
33 54 22
-14 18 -17
-64 -17 -50
-94 -57 -74
-112 -90 -94
-107 -97 -100
-88 -96 -95
-60 -85 -79
-17 -50 -42
15 -24 -5
41 8 30
70 40 65
93 65 85
99 82 85
89 92 72
61 82 48
17 63 8
-35 21 -17
-64 -16 -47
-89 -51 -84
-105 -83 -102
-100 -100 -100
-92 -116 -98
-68 -111 -66
-44 -99 -41
-9 -64 -6
24 -20 26
57 4 58
83 45 87
87 73 102
67 93 90
37 91 63
12 75 25
-26 44 -21
-54 3 -65
-75 -31 -86
-87 -49 -109
-97 -78 -121
-92 -98 -116
-62 -96 -94
-28 -89 -68
13 -67 -31
53 -35 13
74 7 45
91 46 73
94 58 78
69 71 75
42 71 60
10 61 48
-23 37 29
-45 18 10
-58 -4 -20
-65 -15 -39
-60 -33 -44
-49 -36 -41
-27 -44 -26
-2 -29 -12
31 -15 9
64 11 36
95 42 64
113 70 83
114 78 83
88 83 71
62 78 51
14 58 23
-19 28 -2
-37 5 -28
-54 -23 -44
-56 -31 -50
-57 -38 -49
-40 -31 -37
-12 -24 -4
13 -6 29
66 22 65
101 51 96
123 73 116
140 94 119
124 99 110
82 96 87
42 76 54
0 45 37
-34 13 8
-48 -19 -19
-59 -37 -37
-69 -45 -54
-63 -41 -69
-49 -42 -65
-17 -36 -55
15 -34 -23
42 -20 11
68 3 42
80 34 67
88 63 87
79 73 80
61 74 69
36 71 50
9 47 10
-30 20 -14
-41 -3 -32
-55 -25 -51
-59 -58 -62
-51 -63 -71
-39 -63 -66
-28 -62 -52
6 -47 -19
38 -40 12
64 -23 38
65 7 53
60 31 64
54 40 66
32 43 45
8 41 7
-33 17 -39
-66 -24 -74
-92 -55 -112
-108 -91 -124
-122 -119 -131
-110 -125 -119
-79 -116 -99
-49 -96 -56
-2 -70 -21
50 -32 24
73 3 60
86 46 95
93 77 114
76 94 105
64 95 92
23 84 51
-11 55 2
-47 22 -36
-73 -12 -78
-85 -58 -103
-106 -94 -114
-106 -115 -126
-97 -128 -119
-73 -121 -95
-42 -108 -63
-7 -80 -31
23 -57 -1
47 -19 16
50 15 22
40 34 29
14 41 23
-6 41 3
-33 18 -25
-54 -6 -51
-77 -26 -73
-82 -45 -81
-79 -57 -72
78 -2 31
97 38 72
108 71 111
108 98 123
97 109 126
76 106 108
50 98 104
19 88 77
-19 61 46
-40 30 19
-47 10 1
-51 -3 -12
-34 -9 -4
4 -4 8
47 3 36
73 23 56
89 46 84
86 66 91
89 71 97
92 77 80
82 77 70
45 66 49
7 41 21
-34 10 -10
-56 -18 -40
-75 -57 -65
-70 -75 -74
-61 -82 -73
-33 -73 -57
0 -57 -31
32 -39 5
61 -8 41
85 18 60
98 41 71
102 52 76
85 62 79
51 70 71
15 59 37
-22 37 13
-61 -5 -33
-84 -44 -63
-105 -71 -82
-110 -83 -78
-87 -94 -62
-55 -92 -49
-7 -70 -32
27 -36 -5
51 -5 22
69 10 44
72 26 58
73 32 65
61 43 61
46 42 31
-3 17 16
-54 -7 -40
-97 -49 -75
-105 -73 -103
-98 -96 -103
-85 -113 -108
-78 -123 -105
-56 -121 -91
-29 -88 -63
-1 -68 -25
18 -42 16
49 0 15
62 23 23
63 34 17
49 46 21
11 36 15
-40 29 -9
-67 -5 -50
-97 -29 -60
-86 -50 -62
-76 -73 -67
-68 -67 -52
-51 -53 -40
-10 -38 -16
32 -17 18
63 2 61
90 38 87
103 56 98
98 85 103
89 97 90
51 88 68
18 66 36
-15 39 1
-59 -19 -41
-97 -42 -74
-107 -63 -96
-110 -86 -112
-98 -95 -110
-74 -94 -100
-30 -90 -82
-7 -64 -46
27 -39 -14
62 -7 16
79 23 44
83 39 54
67 53 55
34 54 40
-6 32 16
-30 18 -8
-57 -7 -34
-69 -17 -49
-58 -35 -58
-63 -36 -52
-39 -41 -28
-27 -30 -10
-2 -10 16
44 22 37
98 53 60
132 65 90
132 97 116
107 117 114
62 119 89
27 105 55
-6 68 28
-37 30 -2
-67 -9 -45
-100 -39 -69
-115 -79 -89
-113 -97 -91
-92 -94 -75
-46 -83 -62
2 -67 -33
44 -39 -4
67 -10 27
84 25 55
91 55 77
78 62 63
67 66 46
40 47 28
-5 40 8
-40 17 -10
-67 -9 -30
-91 -37 -42
-86 -55 -73
-80 -69 -76
-52 -63 -64
-16 -51 -49
15 -34 -10
41 -7 21
73 14 47
88 39 63
78 55 72
66 65 58
42 62 44
18 42 32
-18 27 1
-46 2 -29
-73 -24 -58
-93 -54 -85
-90 -78 -97
-85 -100 -85
-49 -94 -70
-16 -69 -42
24 -51 -28
47 -19 16
74 3 47
85 36 58
101 54 65
88 61 63
68 59 42
21 40 16
-21 30 -17
-70 4 -48
-82 -23 -78
-87 -62 -98
-79 -81 -95
-66 -79 -82
-41 -68 -66
-10 -59 -41
8 -39 5
47 -21 46
79 25 60
95 58 78
94 69 85
84 68 95
51 66 77
12 57 41
-34 33 2
-61 7 -30
-75 -29 -39
-80 -61 -56
-80 -70 -66
-53 -62 -71
-33 -58 -47
7 -43 -23
48 -33 9
76 13 34
90 45 47
96 67 66
96 73 79
80 83 74
53 90 50
16 67 31
-20 38 15
-51 12 2
-68 -2 -6
-65 -5 -24
-49 -1 -15
-15 -7 18
20 9 51
70 38 88
105 74 114
133 109 131
157 134 149
161 158 161
155 156 158
130 154 140
83 142 105
42 128 78
15 87 37
-11 50 18
-26 13 -12
-42 -24 -27
-48 -35 -28
-38 -38 -11
-3 -40 12
40 -10 21
75 10 48
98 32 62
113 50 93
101 81 112
92 87 109
73 96 95
42 81 60
12 60 34
-14 23 11
-38 1 -3
-59 -14 -13
-60 -31 -20
-42 -28 -21
-14 -38 0
26 -23 20
60 1 40
84 33 54
100 59 83
102 67 99
100 72 105
84 71 94
56 77 66
28 55 29
-11 25 4
-41 -7 -19
-65 -33 -38
-78 -52 -51
-81 -60 -54
-62 -59 -42
-28 -66 -14
70 -9 62
113 40 106
119 85 127
118 115 139
101 121 117
55 106 78
13 79 22
-24 35 -9
-77 -11 -74
-104 -63 -92
-115 -101 -118
-111 -134 -112
-86 -129 -79
-33 -109 -56
9 -71 -13
57 -17 48
102 40 85
126 78 134
131 108 125
125 126 129
84 134 105
45 116 68
9 87 32
-42 30 -19
-62 -11 -36
-85 -58 -57
-84 -75 -57
-61 -71 -47
-18 -68 -30
29 -46 12
72 4 57
114 43 109
138 85 134
158 118 154
141 138 154
104 131 125
69 116 86
14 82 46
-33 36 2
-71 -11 -35
-97 -56 -71
-103 -100 -85
-82 -115 -103
-68 -114 -90
-29 -96 -60
19 -66 -22
50 -34 26
83 3 54
103 39 82
82 67 75
79 82 72
46 72 45
14 58 6
-37 39 -35
-65 -12 -55
-103 -36 -74
-110 -74 -104
-124 -92 -107
-91 -103 -103
-56 -105 -80
-17 -76 -33
32 -38 8
79 11 36
106 56 67
126 89 89
111 117 102
87 115 90
51 102 50
4 65 18
-31 39 -18
-73 -4 -51
-101 -24 -84
-120 -78 -89
-99 -87 -93
-79 -92 -64
-34 -73 -41
12 -48 2
54 -13 42
99 43 84
122 61 107
134 81 125
108 109 116
76 101 90
38 93 49
-5 51 21
-53 18 -33
-81 -38 -59
-102 -66 -89
-109 -105 -100
-106 -105 -94
-71 -110 -58
-28 -88 -29
18 -43 23
65 -13 62
111 40 111
146 95 137
143 122 149
136 145 142
106 128 120
63 111 85
14 86 42
-26 42 -11
-67 -7 -44
-85 -45 -62
-94 -71 -78
-80 -81 -63
-42 -88 -35
3 -55 4
38 -29 41
75 14 79
109 53 123
129 80 141
118 105 138
110 108 128
70 103 94
20 82 46
-24 24 1
-73 -11 -52
-107 -61 -89
-133 -92 -118
-134 -134 -132
-111 -148 -111
-85 -143 -79
-41 -104 -51
0 -62 -8
58 -19 37
87 23 80
96 74 102
103 92 105
92 104 89
55 101 68
14 78 27
-27 47 -21
-65 -8 -52
-96 -54 -80
-105 -84 -105
-107 -108 -115
-85 -102 -94
-52 -93 -57
-4 -71 -14
43 -29 20
82 30 65
113 69 106
115 90 129
116 111 130
85 113 106
48 114 77
3 78 30
-34 27 -6
-68 -14 -52
-91 -57 -85
-108 -92 -107
-90 -115 -89
-68 -115 -69
-36 -106 -49
18 -75 -4
66 -21 36
100 16 78
121 54 99
134 90 122
122 124 127
96 111 105
52 102 70
9 67 28
-40 22 -19
-74 -23 -62
-106 -66 -86
-108 -107 -108
-98 -138 -98
-78 -135 -92
-49 -114 -58
3 -86 -10
37 -34 31
71 -3 63
89 47 94
94 63 98
79 79 86
45 80 53
-1 60 12
-39 16 -25
-83 -14 -61
-112 -55 -94
-126 -90 -109
-134 -115 -119
-99 -129 -101
-65 -124 -75
-20 -87 -33
19 -46 9
60 3 58
84 45 84
112 76 90
102 86 103
92 108 78
56 108 53
1 81 22
-32 34 -19
-76 -2 -53
-104 -36 -90
-113 -83 -102
-100 -112 -113
-74 -108 -96
-38 -90 -60
13 -45 -10
46 -17 36
79 22 71
108 61 100
104 89 120
96 101 100
73 107 66
35 88 24
-10 42 -13
-60 -7 -51
-95 -51 -96
-128 -96 -117
-127 -113 -135
-110 -131 -129
-84 -143 -114
-40 -124 -81
-5 -86 -45
38 -51 -6
71 -3 36
86 28 73
96 60 79
76 74 68
58 77 39
6 42 2
-51 18 -27
-100 -33 -83
-124 -74 -106
-146 -121 -139
-137 -156 -144
-122 -154 -130
-97 -129 -103
-49 -110 -71
0 -66 -39
36 -34 0
62 0 43
83 39 62
80 65 65
59 72 44
33 75 31
-20 47 -5
-62 3 -53
-102 -20 -86
-118 -61 -110
-126 -89 -128
-118 -103 -130
-95 -108 -105
-40 -98 -74
-3 -74 -38
-100 -90 -91
-58 -87 -66
-10 -83 -17
28 -33 11
69 5 49
112 47 85
130 81 98
134 104 114
118 124 94
73 122 85
32 102 50
-20 68 16
-46 26 -23
-81 -18 -59
-64 -32 -73
-71 -62 -69
-42 -55 -50
-2 -52 -21
41 -31 17
83 -7 49
116 35 82
139 71 108
144 108 119
127 118 113
92 122 94
42 97 62
0 62 13
-38 28 -21
-82 -12 -58
-88 -62 -83
-86 -76 -83
-69 -95 -70
-39 -90 -52
6 -53 -14
54 -16 22
89 10 70
126 43 93
130 89 100
120 102 98
103 103 82
59 102 53
7 68 14
-40 28 -20
-69 -4 -58
-97 -46 -91
-107 -74 -98
-96 -96 -104
-63 -113 -78
-29 -87 -47
19 -75 -7
60 -35 22
89 10 61
117 56 83
123 74 90
106 86 85
70 84 59
19 62 36
-28 28 -15
-70 -1 -55
-102 -52 -81
-118 -74 -86
-105 -95 -94
-87 -96 -84
-52 -75 -47
-9 -57 -14
42 -18 21
81 25 72
115 71 100
125 92 125
118 123 119
98 126 116
76 114 84
31 96 42
-7 58 3
-58 24 -33
-89 -21 -72
-101 -58 -89
-83 -84 -93
-68 -92 -89
-37 -96 -60
-2 -74 -16
54 -39 17
76 3 57
105 45 73
113 69 87
98 89 86
83 86 77
31 77 49
-20 58 5
-65 21 -27
-90 -28 -68
-110 -71 -91
-112 -76 -86
-93 -89 -84
-63 -91 -60
-28 -70 -25
18 -43 10
62 7 52
98 34 81
122 73 88
106 91 109
105 95 94
61 97 66
23 76 27
-29 44 -4
-69 5 -36
-86 -28 -75
-112 -70 -93
-110 -76 -105
-87 -93 -95
-52 -98 -70
-6 -78 -28
30 -50 10
72 -14 46
99 35 73
113 52 96
112 92 100
94 100 78
59 94 52
13 71 10
-39 37 -15
-76 -7 -64
-103 -49 -94
-107 -87 -106
-101 -100 -100
-80 -119 -83
-49 -91 -46
6 -60 -18
50 -17 39
86 19 63
114 67 96
136 100 116
116 113 106
91 109 94
45 98 60
0 73 21
-35 41 -18
-76 -2 -59
-84 -41 -79
-97 -81 -97
-81 -80 -91
-57 -80 -62
-14 -69 -34
32 -52 -4
78 -16 37
98 23 73
120 55 90
115 83 105
101 95 94
65 98 69
30 71 36
-12 34 1
-64 6 -33
-94 -39 -66
-98 -67 -79
-100 -85 -92
-74 -87 -68
-44 -76 -47
6 -52 -13
38 -31 18
82 11 67
104 42 94
122 68 107
114 89 98
89 102 83
53 93 54
0 65 14
-37 25 -22
-90 -20 -63
-114 -61 -86
-116 -78 -105
-119 -94 -95
-75 -96 -83
-40 -92 -58
9 -63 -11
48 -30 20
77 -1 52
99 42 84
109 75 89
95 94 85
74 98 77
40 85 32
-10 57 -1
-49 19 -38
-86 -10 -66
-105 -53 -84
-99 -79 -90
-88 -89 -82
-56 -77 -62
-16 -55 -21
28 -31 16
68 6 52
103 41 78
126 84 106
120 98 106
110 104 100
78 93 72
36 77 41
-27 43 -2
-66 5 -51
-101 -39 -87
-112 -68 -97
-101 -90 -108
-87 -97 -84
-48 -95 -56
-7 -63 -21
51 -21 12
91 10 60
109 47 81
117 73 101
113 87 100
91 97 86
57 104 64
9 78 24
-41 50 -2
-75 14 -45
-92 -13 -62
-93 -39 -76
-79 -56 -74
-44 -71 -58
-4 -58 -19
28 -33 19
69 2 58
101 38 82
117 78 105
119 101 109
118 112 101
78 114 79
38 99 52
-14 63 10
-54 27 -28
-90 -28 -60
-114 -61 -83
-101 -93 -86
-87 -102 -80
-56 -92 -56
-14 -78 -19
29 -40 23
75 -1 55
101 34 92
115 68 113
114 94 109
95 107 94
62 90 63
14 73 19
-26 37 -19
-75 -2 -49
-96 -48 -84
-113 -77 -106
-107 -93 -103
98 23 59
113 67 90
110 85 93
80 96 80
48 91 47
-14 70 12
-66 28 -33
-101 -8 -69
-128 -55 -103
-122 -98 -107
-112 -121 -111
-81 -113 -88
-31 -100 -56
4 -66 -11
69 -22 36
122 9 65
135 54 89
143 94 104
121 110 102
75 106 82
26 91 52
-28 54 0
-77 2 -47
-103 -35 -82
-122 -69 -101
-116 -97 -104
-86 -104 -91
-41 -96 -69
8 -73 -23
55 -40 11
109 9 59
115 42 86
120 82 95
110 105 80
77 94 75
16 100 38
-35 70 -3
-78 21 -34
-118 -23 -78
-131 -62 -106
-124 -98 -112
-98 -105 -100
-71 -106 -67
-16 -78 -20
41 -43 12
83 -3 41
118 42 80
132 72 98
125 95 107
88 110 88
41 97 56
-6 66 14
-58 26 -35
-98 -14 -76
-125 -56 -97
-126 -90 -121
-117 -122 -104
-79 -108 -87
-24 -97 -50
27 -62 -5
77 -26 37
131 36 73
160 67 102
145 105 117
136 127 109
84 129 91
35 104 53
-19 71 14
-66 25 -17
-94 -18 -55
-104 -56 -78
-101 -70 -81
-78 -81 -70
-38 -74 -39
17 -45 -6
75 -13 30
119 20 76
150 66 94
158 104 120
143 108 125
121 127 104
67 103 70
17 82 28
-43 41 -17
-85 -1 -56
-110 -43 -83
-123 -83 -103
-113 -101 -97
-76 -118 -90
-33 -93 -58
20 -83 -14
67 -35 26
100 -2 69
124 31 88
126 82 102
99 96 94
71 103 83
30 73 39
-39 47 -9
-85 13 -51
-118 -27 -88
-150 -75 -112
-132 -114 -116
-116 -127 -117
-78 -112 -84
-26 -98 -48
30 -75 -12
82 -25 27
104 6 58
113 50 79
102 68 93
87 99 80
50 85 63
-4 68 21
-44 34 -23
-91 -9 -62
-121 -44 -90
-127 -72 -105
-112 -97 -107
-83 -114 -84
-46 -100 -54
6 -69 -18
59 -31 16
101 9 57
127 56 90
130 80 105
128 102 99
84 116 79
38 102 52
-2 82 12
-60 45 -34
-93 -3 -72
-121 -57 -94
-115 -89 -96
-101 -95 -105
-64 -103 -81
-20 -89 -48
36 -60 -3
70 -23 45
114 18 77
134 68 104
128 86 109
102 111 103
68 102 81
20 80 45
-37 52 -10
-86 9 -52
-118 -29 -88
-127 -79 -124
-127 -111 -119
-96 -129 -91
-67 -115 -69
-7 -92 -33
38 -48 16
81 -18 47
106 39 76
130 77 109
108 97 103
93 97 82
47 102 52
-13 63 20
-67 27 -30
-106 -5 -63
-124 -50 -98
-122 -91 -107
-110 -108 -117
-78 -110 -89
-39 -92 -54
-4 -75 -15
66 -41 22
95 5 65
130 40 89
127 69 102
110 98 89
79 98 74
28 94 39
-16 59 -1
-75 21 -37
-104 -20 -76
-125 -68 -113
-124 -97 -102
-87 -113 -103
-44 -102 -72
-8 -78 -31
57 -44 4
97 -3 52
127 39 95
137 69 107
125 106 110
102 101 94
56 102 65
5 77 25
-44 38 -11
-93 -6 -65
-127 -46 -91
-119 -79 -112
-115 -102 -112
-66 -113 -98
-28 -91 -58
21 -73 -19
64 -25 34
106 9 71
134 58 108
134 98 116
114 111 109
85 116 79
50 101 45
-6 74 6
-71 26 -48
-102 -31 -75
-125 -66 -109
-121 -105 -113
-96 -118 -100
-51 -102 -71
-1 -94 -22
55 -57 23
89 -1 58
143 37 92
153 89 116
142 130 119
114 140 116
67 125 82
17 96 38
-39 63 -5
-83 16 -40
-109 -22 -73
-116 -64 -98
-98 -84 -97
-72 -104 -86
-20 -89 -44
25 -53 1
74 -12 40
107 30 86
141 70 119
148 105 128
123 126 129
92 130 99
34 109 61
-4 85 21
-61 32 -21
-91 -6 -61
-115 -46 -79
-116 -89 -98
-94 -91 -91
-52 -91 -64
-4 -72 -31
50 -35 15
92 10 57
124 49 102
149 78 111
End
