0 0 1 0
654 -26 -26
-26 -58 -25
-10 -58 -10
5 -58 2
5 -58 4
5 -58 5
54 -58 5
66 -58 5
69 -58 5
85 -58 45
134 -55 62
134 -55 66
134 -26 69
134 -26 69
134 -25 69
134 -10 85
134 -2 13
134 5 84
134 5 69
134 5 69
134 5 69
134 5 69
134 5 69
134 45 66
85 54 62
69 54 54
62 62 -219
37 62 5
5 62 5
5 62 5
2 54 4
-10 54 -10
-26 37 -23
-44 5 -26
-58 5 -26
-58 5 -55
-58 5 -58
-91 5 -58
-94 -2 -58
-123 -10 -119
-123 -26 -91
-123 -26 -94
-123 -44 -98
-123 -55 -98
-123 -58 -94
-123 -58 -98
-123 -83 -92
-107 -91 -98
-94 -94 -91
-91 -98 -87
-58 -123 -58
-58 -123 -58
-55 -123 -58
-26 -123 -58
-26 -123 -58
-10 -123 -57
4 -126 -51
5 -124 -26
5 -123 -26
45 -123 -10
62 -123 -2
68 -107 2
77 -94 5
6 -91 5
134 -58 5
134 -58 5
134 -58 5
134 -51 5
134 -26 5
134 -26 37
134 -10 -219
134 -2 5
134 4 5
134 5 5
134 5 5
134 5 5
102 5 5
69 5 5
68 45 5
54 54 4
5 54 -2
5 62 -23
5 54 -26
2 62 -26
-10 37 -55
-26 45 -58
-26 5 -58
-55 5 -58
-58 5 -87
-58 5 -92
-91 4 -91
-92 2 -107
-123 -10 -123
-123 -23 -123
-123 -26 -123
-123 -51 -123
-123 -58 -124
-123 -58 -123
-123 -58 -123
-98 -58 -123
102 5 5
84 37 5
69 45 5
66 62 5
54 62 5
37 66 5
5 66 5
5 66 2
-2 66 -10
-23 62 -10
-26 62 -26
-58 54 -51
-58 37 -58
-58 5 -58
-94 5 -58
-98 5 -87
-123 4 -92
-123 -2 -98
-123 -10 -123
-124 -26 -123
-126 -26 -123
-126 -51 -123
-124 -58 -123
-123 -58 -123
-123 -58 -123
-123 -91 -123
-98 -92 -123
-91 -107 -107
-58 -123 -98
-58 -123 -91
-55 -123 -91
-26 -123 -91
-26 -123 -58
-2 -123 -58
5 -123 -55
5 -123 -26
5 -98 -26
37 -92 -26
62 -119 -10
69 -58 -2
69 -58 -2
69 -57 5
84 -55 5
85 -26 5
85 -26 5
85 -10 5
69 -2 5
69 4 5
69 5 5
66 5 5
54 5 5
5 5 5
5 5 2
5 5 -2
2 5 -2
-10 5 -25
-26 5 -26
-43 5 -26
-58 5 -51
-58 5 -58
-119 5 -58
-94 5 -58
-123 4 -87
-123 -2 -58
-126 -23 -92
-126 -26 -94
-130 -26 -98
-130 -51 -94
-130 -58 -123
-130 -58 -107
-126 -58 -123
-124 -91 -123
-123 -98 -114
-123 -107 -92
-98 -123 -92
-91 -123 -91
-58 -123 -58
-58 -123 -58
-55 -123 -58
-25 -123 -58
-10 -123 -57
4 -123 -26
5 -123 -26
5 -107 -26
5 -91 -23
62 -87 -10
66 -58 -2
69 -58 2
69 -58 5
77 -55 5
85 -26 5
85 -23 5
85 -23 5
85 -2 5
77 -2 5
69 5 5
66 5 5
62 5 5
45 5 5
5 5 5
-58 5 -10
-87 5 -26
-91 5 -26
-94 4 -26
-107 2 -51
-123 -23 -51
-123 -26 -55
-123 -26 -55
-107 -26 -55
-92 -51 -57
-91 -55 -55
-122 -58 -57
-58 -58 -51
-58 -58 -43
-51 -58 -26
-26 -58 -26
-26 -58 -25
-2 -58 -10
5 -58 -10
5 -58 2
5 -58 4
37 -58 5
66 -58 5
68 -58 5
69 -55 5
77 -51 5
85 -26 5
6 -26 5
134 -10 5
134 -2 5
134 2 5
134 5 5
134 5 5
85 5 5
69 5 5
68 5 5
62 37 5
54 37 5
37 37 -2
5 54 -10
5 54 -26
2 54 -26
-10 37 -26
-26 5 -55
-26 5 -58
-57 5 -58
-58 5 -58
-58 5 -58
-58 5 -91
-91 2 -92
-94 -10 -123
-123 -23 -123
-123 -26 -123
-123 -26 -123
-123 -26 -123
-123 -51 -123
-123 -58 -123
-98 -58 -123
-92 -58 -107
-91 -58 -92
-58 -58 -91
-58 -58 -87
-51 -87 -58
-26 -58 -58
-26 -122 -58
-10 -58 -51
2 -58 -26
5 -58 -26
5 -58 -10
37 -58 -2
54 -55 2
66 -51 5
68 -26 5
69 -26 5
85 -10 5
134 -2 5
134 -2 5
134 4 5
134 5 5
134 5 5
85 5 5
77 5 5
69 5 5
66 5 5
62 37 4
5 37 -2
5 37 -2
5 37 -23
4 37 -26
-2 37 -26
-26 37 -26
-26 5 -51
-55 5 -55
-58 5 -58
-58 5 -58
-58 5 -58
-92 5 -58
-98 2 -58
-123 -2 -58
-123 -10 -58
5 69 5
-2 69 5
-10 68 2
-26 66 -10
-26 62 -10
-55 54 -26
-58 5 -26
-58 5 -26
-58 5 -44
-122 5 -58
-91 5 -58
-92 -2 -58
-91 -10 -58
-91 -25 -58
-91 -26 -58
-87 -26 -58
-58 -26 -58
-58 -58 -51
-58 -58 -52
-51 -58 -51
-26 -58 -26
-26 -58 -26
-10 -58 -26
5 -58 -10
5 -58 -10
5 -58 4
37 -58 5
62 -58 5
69 -51 5
77 -55 5
85 -26 5
134 -26 37
134 -26 37
134 -10 45
134 -2 54
134 2 54
134 5 54
134 5 54
134 5 37
85 5 37
69 5 5
69 5 -219
62 37 5
37 45 5
5 37 5
5 37 5
-2 45 4
-10 37 -2
-26 37 -10
-26 5 -26
-55 5 -26
-58 5 -44
-58 5 -51
-91 5 -58
-94 4 -58
-123 -2 -58
-123 -25 -58
-123 -26 -58
-123 -26 -58
-123 -26 -58
-123 -51 -58
-123 -58 -58
-94 -58 -58
-91 -58 -58
-91 -58 -58
-58 -87 -58
-58 -91 -55
-55 -91 -26
-26 -91 -26
-10 -91 -10
-2 -91 -10
5 -58 2
5 -58 2
5 -58 5
62 -58 5
68 -58 5
69 -55 5
85 -55 37
134 -26 37
134 -26 37
134 -10 54
134 -10 54
134 2 54
134 5 62
134 5 54
134 5 38
134 5 37
6 37 5
85 37 5
69 54 5
66 54 5
5 62 5
5 54 5
5 45 2
2 37 -10
-10 45 -26
-26 5 -26
-55 5 -51
-58 5 -55
-58 5 -58
134 54 54
134 62 54
85 66 37
69 66 5
68 68 5
54 69 5
5 68 5
5 66 5
5 66 5
-2 62 2
-25 62 -10
-26 54 -26
-55 37 -26
-58 37 -26
-58 5 -26
-58 5 -57
-91 5 -58
-92 4 -58
-94 2 -58
-98 -10 -58
-107 -26 -58
-98 -26 -58
-94 -51 -58
-92 -55 -58
-91 -58 -58
-58 -58 -58
-58 -58 -55
-58 -58 -55
-26 -58 -26
-26 -58 -26
-10 -58 -26
4 -58 -10
5 -58 -2
5 -58 5
54 -58 5
66 -55 5
69 -51 5
85 -26 5
134 -26 45
134 -10 66
134 -2 68
134 4 68
134 5 69
134 5 69
134 5 69
134 37 77
134 66 77
134 69 77
134 69 69
134 77 69
102 134 69
69 134 66
66 134 62
54 134 62
37 134 45
5 134 5
4 134 5
-2 134 5
-10 77 4
-26 69 -2
-26 69 -10
-57 66 -26
-58 54 -26
-58 37 -26
-87 5 -51
-91 5 -57
-91 5 -57
-91 4 -58
-91 -10 -58
-91 -10 -58
-87 -26 -58
-58 -26 -58
-58 -51 -58
-58 -51 -51
-55 -58 -44
-26 -58 -26
-26 -58 -26
-10 -58 -23
-2 -58 -10
5 -58 2
5 -58 5
37 -58 5
54 -58 5
66 -57 5
69 -51 54
85 -26 62
134 -26 66
134 -23 69
134 -2 69
134 2 69
134 5 85
134 5 69
134 5 69
134 37 77
134 45 69
134 62 69
6 66 69
77 68 66
69 69 66
62 69 54
-58 69 -26
-58 66 -26
-58 62 -26
-119 37 -44
-91 5 -55
-92 5 -58
-91 5 -58
-91 2 -58
-91 -10 -58
-91 -23 -58
-58 -26 -58
-58 -26 -51
-55 -51 -44
-26 -58 -26
-26 -58 -26
-10 -58 -26
2 -58 -10
5 -58 -10
5 -58 4
37 -58 5
62 -58 5
69 -58 5
69 -55 5
134 -43 37
134 -26 62
134 -26 66
134 -23 68
134 -10 69
137 5 77
137 5 77
134 5 77
134 5 85
134 37 85
134 62 85
134 66 69
134 69 69
134 77 69
85 102 69
69 134 66
66 134 62
37 134 54
5 134 5
5 134 5
2 134 5
-10 134 5
-26 134 5
-43 85 4
-58 84 -2
-58 69 -23
-58 66 -25
-58 62 -26
-91 37 -26
-91 5 -26
-91 5 -26
-91 5 -26
-91 5 -26
-58 2 -23
-58 -10 -10
-58 -23 -10
-55 -26 -2
-26 -26 2
-26 -26 2
-2 -51 5
5 -43 5
5 -51 5
5 -26 37
54 -26 62
66 -26 69
85 -26 69
134 -23 77
134 -10 134
134 -2 134
134 2 134
134 5 134
135 5 134
137 5 134
141 37 134
141 54 134
141 66 134
134 69 134
134 85 134
134 134 134
134 134 134
134 134 134
134 134 134
69 134 134
62 134 85
37 134 69
5 134 69
5 134 66
4 134 54
-23 134 5
-26 134 5
-51 85 5
-58 69 5
-58 69 5
-58 62 -2
-91 54 -23
-92 5 -23
-92 5 -25
134 5 134
134 5 134
134 5 134
134 45 134
134 62 134
134 69 78
134 85 85
134 85 77
134 134 69
84 134 69
69 134 69
54 134 54
5 134 37
5 134 5
5 134 5
-10 134 5
-26 134 -2
-51 134 -10
-58 134 -26
-58 85 -26
-58 69 -26
-91 69 -51
-107 45 -58
-123 5 -58
-123 5 -58
-123 5 -58
-123 -2 -58
-123 -2 -58
-94 -26 -58
-91 -43 -55
-122 -44 -58
-58 -58 -51
-58 -58 -26
-55 -58 -26
-26 -58 -26
-10 -58 -10
4 -58 -10
5 -58 2
5 -58 4
54 -58 5
68 -58 5
69 -58 37
85 -58 62
134 -57 68
134 -26 68
134 -25 69
134 -2 69
134 2 69
134 5 69
134 5 69
134 5 69
134 37 77
134 37 77
134 54 77
134 66 69
85 69 69
69 77 62
62 85 54
37 134 5
5 134 5
5 134 5
-2 78 2
-26 85 -2
-51 69 -10
-58 68 -23
-58 62 -26
-58 54 -26
-92 -219 -55
-123 5 -58
-123 5 -58
-123 5 -58
-124 5 -58
-130 -2 -87
-124 -26 -87
-123 -26 -58
-123 -51 -58
-123 -58 -58
-98 -58 -58
-87 -58 -58
-58 -91 -58
-58 -91 -57
-26 -92 -55
-26 -114 -26
-10 -94 -26
2 -123 -10
5 -235 5
5 -123 5
54 -94 5
66 -92 5
69 -87 5
134 -58 54
134 -58 62
134 -58 66
134 -26 68
134 -26 69
134 -26 69
134 -10 69
134 5 69
134 5 69
134 5 62
-123 5 -58
-126 5 -58
-130 2 -58
-130 -10 -58
-130 -26 -91
-130 -43 -87
-130 -55 -87
-130 -58 -58
-123 -58 -58
-123 -91 -58
-98 -91 -58
-58 -107 -58
-58 -123 -58
-55 -123 -55
-26 -123 -58
-25 -123 -26
-2 -123 -10
5 -123 -2
5 -123 2
37 -123 5
54 -123 5
68 -94 5
69 -87 5
85 -58 5
134 -58 37
134 -55 54
134 -26 54
134 -26 62
134 -10 54
134 -2 62
134 5 54
85 5 45
69 5 37
69 37 5
54 37 5
5 45 5
5 54 5
5 54 -2
-10 66 -10
-26 66 -26
-55 54 -26
-58 54 -55
-58 37 -58
-91 -219 -58
-123 5 -87
-123 5 -92
-126 5 -235
-130 2 -123
-138 -10 -123
-138 -26 -123
-138 -26 -123
-138 -51 -123
-138 -58 -123
-138 -58 -123
-126 -58 -123
-124 -91 -123
-123 -94 -107
-94 -123 -94
-58 -123 -87
-58 -123 -58
-57 -123 -58
-26 -123 -51
-10 -123 -26
4 -123 -26
5 -94 -10
5 -92 -2
45 -92 4
66 -87 5
77 -58 5
134 -58 5
134 -55 37
134 -26 54
134 -26 54
134 -2 62
134 2 62
134 5 66
134 5 62
134 5 62
134 37 66
134 62 54
77 68 37
69 66 5
62 69 5
37 77 5
5 77 2
5 85 -2
-2 85 -10
-26 85 -23
-26 69 -26
-57 69 -26
-58 68 -57
-91 62 -58
-107 37 -58
-123 5 -58
-124 5 -58
-126 5 -58
-130 -2 -91
-130 -10 -92
-130 -26 -94
-124 -26 -94
-123 -91 -123
-107 -91 -94
-91 -94 -91
-58 -123 -91
-58 -123 -58
-58 -123 -58
-26 -123 -58
-23 -123 -51
-2 -123 -26
5 -123 -26
5 -123 -10
37 -94 2
54 -94 4
66 -91 5
69 -58 5
77 -58 5
85 -58 37
134 -51 37
134 -26 45
134 -26 37
134 -10 37
134 -2 54
134 4 37
85 5 37
69 5 -219
68 5 5
62 5 5
37 37 5
5 45 4
5 45 -2
2 54 -10
-10 54 -26
-26 54 -26
-26 45 -58
-58 37 -58
-58 5 -58
-91 5 -91
-98 5 -91
-123 5 -123
-123 5 -123
-123 -2 -123
-123 -10 -123
-124 -26 -124
-124 -26 -123
-124 -26 -123
-123 -58 -123
-123 -58 -123
-107 -58 -123
-92 -58 -123
-87 -87 -98
-58 -91 -91
-55 -94 -58
-26 -91 -58
-26 -94 -58
-2 -92 -55
5 -92 -26
5 -91 -26
45 -58 2
66 -58 5
69 -58 5
85 -58 5
6 -58 5
134 -26 37
134 -25 54
134 -10 54
134 -10 62
134 5 62
134 5 62
134 5 54
134 5 66
134 37 62
6 54 54
69 62 37
69 66 37
54 69 5
5 69 5
5 69 5
5 69 5
-2 69 -2
-26 69 -25
-43 68 -26
-58 62 -26
-58 54 -51
-58 45 -58
-91 5 -58
-98 5 -58
-107 5 -58
-123 5 -91
-123 4 -91
-123 -2 -91
-123 -23 -91
-123 -26 -87
-123 -26 -58
-98 -26 -58
-92 -51 -58
-87 -58 -58
-58 -58 -51
-55 -58 -43
-26 -58 -26
-26 -58 -23
134 5 134
141 37 134
158 62 134
158 68 134
162 69 134
165 85 134
162 134 134
158 134 134
149 134 102
141 134 84
135 134 77
134 134 69
134 134 66
134 134 66
69 134 62
66 137 45
37 134 5
5 134 5
5 134 5
-2 134 5
-25 134 5
-26 134 2
-55 85 -2
-58 69 -2
-58 66 -10
-91 54 -10
-92 45 -23
-107 5 -26
-98 5 -10
-98 5 -10
-92 4 -10
-91 4 -10
-91 4 -10
-58 -10 -2
-58 -10 4
-51 -26 2
-26 -25 5
-25 -25 5
-2 -25 5
5 -26 5
5 -10 5
37 -10 37
66 -10 45
69 -2 54
102 2 62
134 5 68
134 5 68
134 5 69
134 5 69
135 5 69
141 54 69
141 54 69
141 66 69
137 69 69
135 69 84
134 77 69
134 78 69
134 102 69
134 134 62
85 134 62
69 134 45
62 134 5
5 134 5
5 134 5
2 85 5
-23 77 2
-26 77 -2
-51 68 -23
-58 62 -26
-58 45 -26
-91 5 -26
-94 5 -26
-123 5 -55
-123 2 -55
-123 -2 -57
-123 -10 -55
-123 -26 -51
-123 -26 -55
-107 -55 -51
-98 -55 -51
-91 -58 -55
-58 -58 -26
-58 -58 -26
-55 -58 -26
-43 -58 -10
-10 -58 -10
-2 -58 -2
5 -58 2
5 -58 5
37 -58 5
54 -58 5
69 -58 5
78 -55 5
134 -26 37
134 -26 54
134 -10 62
134 2 62
134 5 66
134 5 62
134 5 62
134 45 134
134 54 134
134 62 134
134 66 134
134 66 134
134 69 134
134 69 134
134 69 134
134 69 134
134 77 134
134 85 134
85 85 85
69 85 69
66 85 68
54 77 66
5 77 45
5 69 5
2 69 5
-10 68 5
-26 66 5
-26 62 2
-55 45 -2
-58 5 -10
-58 5 -26
-91 5 -26
-92 5 -26
-94 4 -26
-107 -2 -26
-123 -25 -26
-123 -26 -26
-123 -26 -26
-123 -26 -25
-94 -51 -26
-91 -58 -2
-58 -58 2
-58 -58 2
-55 -58 5
-58 -58 5
-26 -58 5
-2 -58 5
2 -58 37
5 -58 62
5 -58 62
5 -58 68
45 -51 69
68 -51 69
69 -26 77
77 -26 77
85 -26 85
102 -25 77
134 -2 77
134 2 85
134 5 85
134 5 77
134 5 69
85 5 68
69 5 62
69 5 37
66 -219 5
54 5 5
5 37 5
5 13 -2
4 37 -10
-10 37 -23
-26 37 -25
-26 37 -26
-44 37 -26
-58 5 -26
-58 5 -51
-91 5 -55
-91 5 -58
-94 5 -58
-123 5 -58
-123 4 -57
-123 2 -51
-123 -2 -26
-123 -2 -26
-98 -10 -26
-91 -10 -26
-58 -25 -10
-58 -26 -2
-57 -26 2
-51 -23 -2
-26 -23 5
-25 -10 5
2 -10 5
5 -10 54
5 -10 68
37 -2 69
62 2 69
69 5 85
134 5 85
134 5 134
134 5 134
134 5 134
134 5 134
134 37 134
134 54 134
134 66 85
134 68 85
66 -26 69
69 -10 69
77 -2 13
134 5 77
134 5 77
134 5 69
134 5 77
134 5 69
134 37 69
134 54 68
134 62 62
134 62 54
85 66 -219
69 68 5
69 66 5
66 68 5
37 66 -2
5 66 -10
5 62 -26
5 54 -26
4 37 -51
-2 37 -55
-26 5 -58
-26 5 -58
-55 5 -58
-58 5 -58
-58 5 -91
-58 4 -91
-58 -2 -91
-87 -25 -91
-58 -25 -91
-87 -26 -87
-91 -26 -58
-87 -43 -58
-58 -51 -58
-58 -57 -51
-58 -58 -26
-58 -58 -26
-55 -58 -26
-26 -58 -2
-26 -58 5
-10 -58 5
2 -58 5
5 -57 5
5 -58 5
37 -51 54
54 -43 62
62 -26 62
69 -26 66
69 -10 68
85 -2 62
134 2 66
134 5 66
134 5 66
134 5 54
134 5 54
134 5 37
85 5 5
78 -219 5
85 37 5
69 54 5
69 54 2
62 37 -10
37 37 -25
5 45 -26
5 37 -26
5 37 -26
4 5 -58
-10 5 -58
-25 5 -58
-26 5 -91
-51 5 -91
-55 2 -92
-58 -2 -91
-58 -2 -91
-58 -10 -91
-58 -10 -91
-58 -26 -91
-58 -26 -58
-58 -26 -58
-58 -26 -58
-58 -26 -58
-58 -51 -44
-51 -51 -26
-26 -51 -10
-25 -55 -10
-10 -57 4
2 -51 5
5 -55 5
5 -51 5
5 -26 5
37 -26 37
54 -26 45
68 -26 62
69 -10 62
85 -10 66
134 2 68
134 4 69
134 5 69
134 5 69
62 2 134
66 5 134
69 5 134
85 5 134
134 5 134
134 5 134
134 5 134
134 37 134
134 45 134
134 62 134
134 66 134
134 66 134
134 66 76
134 66 69
134 66 62
134 66 37
77 68 5
68 66 5
62 69 2
37 66 -10
5 66 -26
5 62 -26
2 62 -51
-10 54 -58
-26 37 -58
-26 37 -58
-55 5 -91
-58 5 -91
-58 5 -91
-58 5 -58
-91 -2 -91
-92 -10 -87
-123 -26 -122
-123 -26 -58
-123 -26 -58
-123 -26 -58
-124 -26 -55
-124 -26 -58
-123 -26 -26
-123 -26 -10
-92 -26 -2
-58 -26 5
-58 -26 5
-26 -26 5
-10 -26 37
5 -26 37
5 -26 45
54 -10 54
68 -2 66
69 -2 66
85 2 66
85 5 66
85 5 66
85 5 68
77 5 68
69 5 62
69 5 54
69 5 5
69 5 5
66 5 5
54 5 5
37 5 -23
5 37 -26
5 37 -43
-2 37 -51
-23 37 -58
-26 37 -58
-26 5 -58
-55 5 -58
-58 5 -58
-58 5 -91
-58 5 -87
-58 2 -91
-58 -10 -94
-58 -26 -92
-58 -26 -98
-58 -26 -123
-58 -26 -123
-58 -26 -123
-58 -26 -123
-58 -58 -98
-58 -51 -92
-58 -51 -58
-55 -26 -58
-51 -51 -55
-26 -55 -26
-26 -55 -26
-23 -58 -25
-2 -58 -10
4 -55 -2
5 -58 5
5 -58 5
45 -57 5
62 -57 5
69 -55 5
69 -51 45
134 -26 68
134 -26 77
134 -23 69
134 -10 85
62 62 5
45 62 -2
5 62 -23
5 54 -26
2 54 -26
-10 37 -58
-43 5 -58
-58 5 -58
-58 5 -91
-58 5 -91
-94 5 -91
-123 4 -91
-123 -2 -91
-123 -2 -87
-123 -10 -58
-123 -25 -58
-123 -26 -58
-123 -26 -51
-123 -26 -26
-94 -51 -26
-92 -55 -10
-58 -51 -2
-58 -51 5
-51 -55 5
-26 -51 5
-10 -43 54
4 -26 66
5 -26 77
5 -26 85
62 -26 134
68 -26 134
13 -10 134
6 -2 134
134 2 134
134 5 134
134 5 134
134 5 134
134 5 134
134 -219 134
134 54 134
134 54 134
134 62 85
134 66 69
134 66 69
102 69 37
69 69 5
62 69 5
45 69 5
5 69 2
5 66 -25
2 68 -26
-26 62 -51
-26 54 -55
-55 37 -58
-58 5 -58
-58 5 -58
-94 5 -87
-123 5 -87
-123 5 -92
-123 4 -58
-126 -2 -91
-126 -10 -87
-124 -25 -58
-123 -26 -58
-123 -26 -58
-123 -26 -55
-98 -44 -26
-92 -44 -26
-58 -55 -10
-58 -55 -2
-58 -26 5
-26 -51 5
-23 -51 5
2 -26 62
5 -26 66
45 -26 69
62 -25 77
69 -25 85
85 -2 134
134 -2 134
134 5 134
134 5 134
134 5 134
134 5 134
134 5 6
134 37 76
134 37 69
134 54 68
134 54 66
134 54 37
77 54 5
68 62 5
62 62 4
37 62 -2
5 54 -25
5 45 -26
-10 5 -55
-26 5 -58
-51 5 -58
-58 5 -58
-58 -58 -2
-58 -58 -2
-58 -58 5
-26 -58 5
-25 -58 -219
-2 -51 54
5 -51 62
5 -26 69
45 -26 102
66 -26 134
69 -23 134
134 -2 134
134 5 134
134 5 134
134 5 134
134 5 134
134 5 85
134 45 85
134 54 13
134 66 69
134 66 68
134 66 54
69 69 5
66 68 5
37 69 5
5 69 -2
5 68 -10
5 66 -26
-23 66 -26
-26 54 -51
-51 54 -58
-58 37 -58
-58 5 -58
-91 5 -58
-123 5 -58
-123 5 -58
-123 2 -58
-124 -2 -58
-130 -2 -58
-126 -26 -58
-126 -26 -55
-123 -26 -51
-123 -26 -26
-123 -44 -26
-94 -51 -10
-58 -44 -2
-58 -55 5
-58 -51 5
-44 -55 -219
-26 -55 62
-2 -51 69
5 -26 77
5 -26 85
37 -26 134
62 -25 134
68 -10 134
85 4 134
134 5 134
134 5 134
134 5 134
134 37 134
134 37 134
134 62 134
134 68 134
134 69 134
134 69 134
134 84 85
134 85 69
85 134 69
69 134 66
69 134 37
62 134 5
37 134 5
5 102 4
2 85 -10
-10 69 -26
-26 69 -26
-51 68 -51
-58 62 -58
-58 37 -58
-91 5 -58
-92 5 -58
-94 5 -58
-123 5 -58
-123 2 -58
-123 -2 -58
-123 -10 -55
-123 -10 -51
-114 -26 -26
-94 -26 -26
-91 -26 -10
-58 -51 -2
-58 -51 5
-57 -51 5
-26 -55 5
-26 -51 54
4 -51 68
5 -26 69
5 -26 69
37 -26 85
-10 -26 102
2 -26 134
5 -2 134
5 -10 134
37 -10 134
62 4 137
69 5 149
85 5 142
134 5 141
134 5 141
134 37 141
134 62 134
134 66 134
134 66 134
134 69 134
134 69 134
134 69 84
134 85 69
134 85 66
6 85 62
13 85 5
68 134 5
62 77 2
5 69 -25
5 69 -26
2 68 -55
-10 62 -58
-26 54 -58
-57 37 -87
-58 5 -91
-58 5 -92
-91 5 -94
-98 -2 -98
-123 -2 -94
-123 -26 -92
-124 -26 -91
-130 -55 -58
-130 -58 -58
-126 -58 -58
-123 -58 -51
-123 -87 -26
-123 -91 -26
-235 -92 -10
-91 -94 2
-58 -91 5
-58 -92 5
-43 -91 5
-26 -87 54
-10 -58 69
2 -58 69
5 -58 85
-219 -51 134
62 -26 134
68 -26 134
69 -23 134
77 -10 134
134 4 134
134 5 134
134 5 134
134 5 134
134 37 134
134 62 77
134 68 69
134 69 66
134 69 45
84 69 5
69 77 5
66 69 4
5 69 -10
5 69 -10
5 69 -26
2 69 -51
-25 66 -58
-26 54 -58
-58 -219 -58
-58 5 -92
-58 5 -92
-92 5 -98
-107 4 -123
-123 -10 -123
-123 -25 -98
-124 -26 -94
-126 -26 -92
-126 -58 -91
-124 -58 -58
-123 -58 -58
-123 -58 -51
-123 -87 -26
-94 -91 -26
-91 -91 -25
-58 -92 4
-58 -92 5
-26 -91 5
-26 -87 5
-10 -58 37
2 -58 62
5 -58 69
37 -51 77
54 -26 6
66 -26 102
-58 -58 5
-51 -58 5
-26 -58 5
-26 -55 -219
-2 -55 37
5 -26 62
5 -26 66
5 -26 69
54 -10 69
62 -23 85
69 -2 85
134 5 102
134 5 102
134 5 134
134 5 6
134 37 102
134 54 77
134 62 77
134 66 69
134 69 69
134 84 62
134 85 54
134 134 37
85 134 5
69 78 5
68 134 5
54 85 4
5 85 -2
5 69 -26
4 69 -26
-10 69 -26
-26 66 -26
-26 54 -51
-58 37 -58
-58 5 -55
-58 5 -58
-94 5 -58
-94 4 -58
-107 -2 -58
-123 -23 -58
-123 -26 -55
-123 -26 -26
-123 -51 -26
-107 -55 -26
-92 -58 -10
-87 -58 -2
-58 -58 5
-58 -58 5
-57 -58 5
-26 -58 5
-23 -58 5
2 -51 54
5 -26 62
5 -26 66
37 -26 69
62 -26 69
69 -10 69
85 -2 85
134 4 85
134 5 77
134 5 13
134 5 69
134 5 69
134 54 68
134 62 62
134 68 45
134 69 5
134 69 5
134 68 5
85 69 5
69 69 2
66 68 -10
54 68 -26
5 68 -51
5 62 -57
4 54 -58
-10 45 -58
-26 37 -58
-51 5 -58
-58 5 -91
-58 5 -91
-91 -2 -91
-94 -10 -91
-123 -26 -91
-123 -26 -91
-123 -51 -58
-123 -58 -58
-123 -58 -58
-123 -58 -58
-123 -58 -58
-98 -87 -26
-91 -87 -26
-122 -58 -23
-58 -87 -10
-58 -91 2
-51 -91 5
-26 -91 5
-10 -58 5
4 -58 37
5 -58 54
-23 54 -91
-26 37 -94
-51 5 -94
-58 5 -107
-58 5 -123
-91 5 -123
-94 -2 -123
-123 -10 -123
-123 -26 -98
-123 -26 -107
-123 -55 -92
-123 -58 -58
-123 -58 -58
-123 -58 -58
-123 -58 -57
-123 -58 -26
-92 -91 -26
-58 -119 -10
-58 -91 2
-55 -87 5
-26 -91 5
-25 -58 5
-10 -58 37
5 -58 62
5 -58 66
5 -57 69
54 -55 69
66 -26 77
77 -10 85
78 2 85
134 5 85
134 5 85
134 5 69
134 37 66
134 54 66
134 62 54
134 62 37
134 66 5
85 69 5
69 69 -2
66 69 -10
54 69 -26
5 69 -26
5 66 -26
5 62 -58
-10 54 -58
-26 37 -58
-51 -219 -87
-58 5 -92
-58 5 -94
-58 4 -123
-107 -2 -107
-123 -10 -92
-123 -26 -91
-123 -26 -94
-124 -51 -91
-123 -58 -58
-123 -58 -58
-123 -58 -57
-123 -58 -51
-123 -91 -26
-98 -91 -23
-91 -91 -2
-58 -91 5
-58 -91 5
-51 -87 5
-26 -58 5
-25 -58 62
5 -58 66
5 -57 77
5 -55 77
13 -26 6
66 -26 134
69 -10 134
6 4 134
134 5 134
134 5 134
134 5 134
134 45 134
134 66 102
134 69 85
134 69 69
134 77 69
134 85 62
134 134 37
6 134 5
69 134 5
66 134 5
62 134 2
5 134 -10
5 134 -26
4 134 -26
-2 85 -55
-26 69 -58
-26 69 -58
-55 68 -58
-58 5 -58
-58 5 -58
-92 5 -58
-94 5 -58
5 -26 77
5 -26 134
54 -10 134
62 -2 134
69 2 134
85 5 134
134 5 134
134 5 134
134 37 134
134 54 134
134 62 134
134 69 134
134 13 134
134 85 134
134 134 134
134 134 134
134 134 69
134 134 69
134 134 68
134 134 54
77 134 37
69 134 5
62 134 5
5 134 5
5 102 5
5 77 4
2 85 4
-10 69 -2
-26 66 -2
-51 66 -10
-55 54 -10
-58 45 -2
-58 5 -2
-58 5 2
-58 5 5
-58 5 5
-58 5 5
-58 5 5
-58 5 5
-58 2 54
-57 2 66
-26 4 69
-26 4 85
-10 5 134
2 5 134
5 5 134
5 5 134
37 5 141
66 5 141
69 5 162
85 5 164
134 54 164
134 66 165
134 69 164
134 76 162
135 85 162
141 134 149
148 134 149
141 134 137
141 134 134
137 134 134
134 134 134
134 134 134
134 134 134
134 137 85
134 134 69
77 134 62
69 134 37
54 134 5
5 134 5
5 134 5
5 134 5
-2 134 5
-10 85 2
-26 69 2
-51 69 -2
-58 66 -2
-58 54 -2
-58 5 -2
-58 5 2
-58 5 -2
-58 5 2
-87 2 5
-87 -2 5
-58 -2 5
-58 -10 5
-58 -26 5
-57 -26 37
-55 -26 54
-26 -26 62
-23 -26 69
-2 -26 69
5 -26 77
5 -26 102
5 -26 134
54 -10 134
69 -10 134
69 -10 134
102 4 134
134 5 134
-94 -123 -51
-91 -123 -26
-58 -123 -26
-58 -123 -25
-58 -123 -10
-43 -98 4
-26 -92 5
-10 -92 5
4 -91 5
5 -58 5
5 -58 -219
-219 -55 37
62 -51 37
66 -26 37
69 -26 54
69 -26 54
85 -10 45
85 4 54
134 5 37
134 5 37
134 5 5
78 5 5
85 5 5
69 5 5
68 37 2
66 37 -2
54 -219 -23
37 5 -26
5 5 -26
5 5 -55
-2 5 -58
-10 5 -58
-26 4 -58
-44 2 -58
-58 -10 -91
-58 -10 -91
-87 -26 -87
-92 -26 -92
-98 -26 -91
-123 -51 -91
-123 -58 -91
-123 -58 -58
-123 -58 -58
-123 -58 -58
-123 -58 -58
-114 -58 -58
-94 -58 -51
-91 -87 -26
-58 -91 -26
-58 -58 -10
-58 -58 -2
-26 -58 5
-26 -58 5
-10 -57 5
2 -55 5
5 -26 5
5 -26 54
54 -23 54
66 -10 62
69 4 66
77 5 62
6 5 66
134 5 62
134 5 54
134 37 45
134 13 37
134 54 37
134 66 5
134 68 5
85 69 5
77 69 5
69 69 5
66 69 2
54 69 -10
5 69 -26
5 66 -26
5 66 -26
-2 66 -26
-10 54 -55
-26 54 -58
-55 37 -58
-58 37 -57
-58 5 -58
-58 5 -58
-87 5 -58
-91 2 -51
-91 2 -26
-92 2 -43
-91 -2 -26
-91 -10 -26
-58 -23 -23
-58 -26 -10
-58 -25 2
-57 -23 5
-51 -25 5
-26 -23 5
-10 -10 37
2 -2 54
5 2 66
5 2 69
5 -55 2
5 -51 5
37 -26 5
62 -23 5
66 -10 5
68 -10 5
69 2 5
77 5 5
85 5 5
102 5 5
134 5 5
78 38 5
85 45 5
77 62 5
69 66 5
68 69 2
62 69 -2
37 69 -10
5 69 -23
5 69 -26
5 69 -26
2 68 -26
-10 62 -44
-26 54 -51
-51 45 -55
-55 5 -58
-58 5 -58
-58 5 -58
-91 5 -58
-94 5 -58
-114 2 -58
-123 -2 -57
-123 -10 -55
-123 -10 -51
-114 -26 -26
-94 -26 -26
-92 -26 -26
-91 -26 -26
-58 -26 -10
-58 -26 -2
-58 -43 5
-44 -26 5
-26 -51 5
-10 -26 5
-2 -26 5
5 -26 37
5 -26 45
5 -26 54
45 -23 54
62 -10 62
68 -2 66
77 5 62
85 5 62
134 5 62
134 5 62
134 5 62
134 37 54
134 54 45
134 54 37
102 54 5
85 62 5
69 66 5
68 66 5
54 62 5
37 62 4
5 66 2
5 62 -2
5 54 -10
-10 37 -25
-26 -219 -26
-26 5 -26
-51 5 -26
-58 5 -26
-58 5 -26
-58 5 -26
-91 2 -26
-91 2 -26
-92 -10 -26
-94 -10 -26
-92 -26 -26
-91 -26 -10
-92 -26 -10
-87 -26 2
-58 -44 2
-58 -51 4
-55 -51 5
-26 -55 5
-26 -57 5
-26 -55 5
-2 -51 5
4 -26 45
5 -26 54
5 -26 54
45 -26 62
66 -26 66
69 -10 66
85 -2 68
134 5 62
134 5 66
134 5 66
5 -26 68
37 -26 69
62 -10 69
68 -10 85
69 -10 85
85 -2 85
134 2 6
134 5 102
134 5 85
134 5 77
134 5 69
134 5 68
134 5 66
134 37 62
134 54 38
134 54 37
134 62 5
85 66 5
69 66 5
66 66 5
54 66 2
5 66 -10
5 62 -26
-2 37 -26
-23 37 -26
-26 5 -55
-55 5 -55
-58 5 -58
-58 5 -58
-91 2 -58
-94 -2 -58
-98 -10 -55
-123 -26 -51
-123 -43 -51
-123 -55 -26
-123 -58 -26
-123 -57 -26
-98 -58 -23
-94 -58 -10
-91 -58 2
-58 -58 5
-58 -58 5
-55 -58 5
-26 -58 5
-25 -58 5
2 -58 37
5 -58 37
5 -58 37
37 -55 62
54 -51 62
66 -26 54
69 -26 62
85 -25 54
134 -10 54
134 -2 45
134 4 37
134 5 5
134 5 5
134 5 5
134 5 5
134 5 5
134 5 -2
77 5 -10
69 5 -26
68 5 -26
54 5 -26
5 5 -55
5 5 -58
5 5 -58
-2 5 -58
-23 5 -58
-26 2 -91
-51 2 -91
-58 -10 -91
-58 -26 -92
-87 -26 -92
-91 -26 -98
-94 -43 -91
-123 -57 -91
-123 -58 -87
-123 -58 -58
-123 -58 -58
-123 -58 -58
-107 -58 -58
-92 -58 -26
-58 -122 -26
-58 -58 -26
-58 -58 -10
-51 -58 2
-26 -58 4
-23 -58 5
5 -58 5
5 -58 5
5 -55 5
37 -52 45
62 -26 62
69 -26 54
77 -23 54
6 -10 54
134 -2 54
-10 77 -2
-26 69 -2
-26 66 -2
-51 62 -23
-58 37 -10
-58 5 -10
-58 5 -10
-58 5 -10
-58 5 -10
-58 4 -2
-58 -2 -2
-58 -10 4
-58 -10 5
-58 -26 5
-55 -26 5
-51 -26 5
-26 -26 37
-10 -26 54
2 -26 66
5 -26 66
5 -26 69
5 -25 69
45 -10 77
68 -2 85
69 4 102
134 5 134
134 5 134
134 5 134
134 5 102
134 5 85
134 5 85
134 37 77
134 45 69
134 62 68
134 66 54
134 66 37
134 66 5
134 66 5
85 66 5
69 66 2
54 62 -10
37 54 -23
5 37 -26
5 37 -26
4 5 -51
-23 5 -55
-26 4 -58
-51 4 -58
-58 -2 -58
-58 -10 -58
-58 -26 -58
-91 -51 -58
-94 -55 -58
-123 -58 -58
-123 -58 -58
-123 -87 -58
-123 -92 -58
-98 -98 -57
-94 -123 -55
-91 -123 -26
-87 -123 -26
-58 -123 -26
-58 -123 -10
-55 -123 -2
-26 -123 2
-26 -123 5
-10 -123 5
-2 -123 5
5 -92 5
5 -92 5
5 -91 5
37 -58 37
54 -58 37
62 -55 37
68 -51 37
69 -26 5
69 -26 5
69 -10 5
69 -10 5
69 -2 5
69 4 5
66 5 5
62 2 -2
45 5 -10
5 5 -23
5 5 -26
5 4 -26
2 2 -51
-10 -2 -58
-26 2 -58
-26 -10 -58
-58 -26 -58
-58 -23 -58
-91 -51 -91
-98 -51 -91
-123 -57 -91
-123 -58 -91
-124 -58 -87
-126 -91 -58
-130 -94 -58
5 37 -58
-2 37 -58
-10 5 -58
-26 5 -58
-51 5 -87
-58 5 -91
-58 5 -91
-91 -2 -92
-94 -10 -94
-98 -26 -92
-123 -26 -92
-123 -43 -91
-123 -55 -58
-123 -58 -58
-123 -58 -58
-123 -58 -58
-107 -58 -51
-92 -58 -26
-87 -58 -26
-58 -58 -23
-58 -58 -2
-51 -58 4
-26 -58 5
-2 -58 5
4 -58 5
5 -58 37
5 -55 54
37 -51 62
68 -26 62
69 -26 66
85 -10 66
134 2 69
134 4 69
134 5 68
134 5 66
134 37 62
134 45 45
134 66 37
134 69 5
134 69 5
134 69 5
85 69 5
69 69 -2
66 69 -10
54 69 -26
5 69 -26
5 68 -51
5 68 -55
-10 62 -58
-26 54 -58
-26 54 -58
-57 5 -87
-58 5 -87
-58 5 -91
-92 5 -87
-98 2 -91
-123 -10 -58
-123 -26 -58
-123 -26 -58
-123 -26 -58
-123 -51 -58
-123 -55 -55
-94 -58 -26
-87 -58 -26
-58 -58 -26
-58 -58 -10
-57 -58 2
-26 -58 5
-10 -58 5
2 -55 37
5 -43 54
5 -26 66
5 -26 68
54 -10 69
69 -2 69
84 5 85
134 5 85
134 5 85
134 5 77
134 38 69
134 62 69
134 66 69
134 68 66
134 69 54
134 77 5
134 85 5
102 134 5
85 134 5
69 134 4
62 102 -2
45 85 -23
5 6 -26
5 77 -26
2 69 -51
-10 66 -57
-26 62 -58
-51 37 -58
-58 37 -58
-58 5 -58
-87 5 -58
134 -2 102
134 5 134
134 5 85
137 37 85
137 54 85
141 69 77
141 69 69
135 77 68
134 85 62
134 102 37
134 85 5
134 134 5
77 134 5
68 134 -2
54 85 -10
5 85 -26
5 77 -26
-2 77 -26
-26 69 -55
-26 54 -58
-57 37 -58
-58 5 -58
-91 5 -58
-94 5 -58
-98 5 -58
-123 2 -58
-123 -10 -58
-123 -26 -58
-123 -26 -58
-123 -26 -26
-235 -44 -26
-92 -51 -26
-91 -51 -10
-58 -55 5
-58 -55 5
-43 -58 5
-26 -55 5
-2 -55 5
4 -26 54
5 -26 69
54 -23 77
66 -23 85
77 2 134
134 5 134
134 5 134
134 5 134
134 5 134
141 54 134
149 68 134
149 69 134
162 85 134
149 134 134
149 134 85
137 134 69
134 134 69
134 134 62
134 134 37
134 134 5
77 134 5
69 134 5
54 134 5
5 134 -2
5 134 -10
-10 134 -26
-26 134 -26
-26 85 -43
-58 69 -51
-58 66 -55
-87 54 -57
-92 5 -55
-107 5 -57
-123 5 -44
-123 4 -26
-123 -10 -26
-123 -23 -26
-123 -25 -10
-94 -26 -2
-91 -26 5
-58 -26 5
-58 -26 5
-55 -26 37
-26 -26 62
-23 -26 69
-2 -26 69
5 -26 134
5 -2 134
62 2 134
69 5 134
134 5 134
134 5 134
134 37 137
135 62 141
137 66 134
149 69 141
158 85 134
158 134 134
142 134 134
149 134 134
149 134 134
137 134 134
-123 -126 -123
-235 -130 -94
-92 -130 -91
-87 -130 -122
-58 -130 -58
-55 -130 -58
-26 -126 -58
-26 -126 -51
-23 -123 -43
-2 -123 -26
5 -123 -26
5 -94 -26
5 -91 -23
54 -91 -25
62 -58 -23
68 -58 -25
69 -51 -10
69 -26 -23
69 -26 -26
69 -26 -26
69 -23 -26
66 -10 -26
62 -2 -43
62 2 -55
37 2 -58
5 5 -58
5 4 -58
5 2 -58
2 2 -91
-10 2 -92
-26 2 -123
-26 2 -123
-55 -10 -123
-58 -10 -123
-87 -26 -123
-91 -26 -123
-107 -26 -126
-123 -44 -126
-123 -55 -124
-123 -58 -126
-124 -58 -123
-123 -58 -123
-124 -58 -123
-123 -58 -98
-123 -58 -92
-123 -91 -58
-98 -91 -58
-92 -87 -58
-87 -58 -55
-58 -58 -26
-58 -58 -23
-26 -58 -10
-26 -58 -2
-10 -51 5
4 -26 5
5 -26 5
37 -26 37
62 -2 54
68 4 66
69 5 66
85 5 69
102 5 77
134 62 6
134 69 134
134 13 102
134 6 102
134 134 102
134 134 85
134 134 77
134 134 77
134 134 69
134 134 69
85 134 62
69 134 37
62 134 37
37 134 5
5 134 5
5 134 5
5 134 5
-10 134 5
-26 134 5
-26 134 5
-26 85 5
-51 84 5
-55 66 5
-58 62 5
-58 54 5
-58 5 5
-58 5 5
-58 5 5
-58 5 5
-58 2 5
-51 5 5
-43 -2 5
-26 -10 5
-26 -10 37
-10 -10 54
-2 -10 54
4 -26 62
5 -10 66
-58 -58 -2
-58 -58 2
-58 -58 2
-51 -58 2
-26 -58 2
-26 -58 2
-10 -58 4
2 -58 5
5 -58 5
5 -58 2
5 -58 -2
5 -58 -2
37 -58 -10
37 -58 -10
54 -58 -23
54 -58 -26
54 -58 -26
38 -58 -26
37 -58 -51
-219 -55 -58
5 -58 -58
5 -57 -58
5 -55 -58
4 -58 -91
-10 -58 -94
-10 -58 -94
-26 -58 -123
-43 -58 -123
-58 -58 -123
-58 -58 -123
-58 -58 -124
-91 -58 -126
-98 -58 -126
-123 -122 -126
-123 -91 -126
-123 -91 -126
-123 -92 -123
-123 -92 -123
-123 -94 -123
-123 -98 -98
-123 -107 -92
-123 -98 -87
-98 -94 -58
-91 -94 -58
-58 -98 -58
-58 -92 -51
-55 -91 -26
-26 -91 -25
-26 -58 -10
-10 -58 -2
5 -58 5
5 -58 5
5 -51 5
45 -26 5
66 -26 5
69 -10 5
85 2 5
134 5 37
134 5 37
134 5 37
134 37 45
134 54 37
134 69 37
134 69 37
134 77 5
134 85 5
134 134 5
102 134 5
77 134 5
69 134 5
66 134 5
62 134 5
37 134 5
5 134 5
5 134 5
5 134 5
5 134 5
-2 134 5
-2 134 5
-10 134 37
-25 134 45
-23 134 54
-26 134 62
-26 134 62
-25 134 66
-10 134 69
-10 102 69
-2 134 69
2 85 85
5 6 102
5 85 134
5 85 134
37 102 134
54 85 134
68 134 134
69 134 134
134 134 134
134 134 134
134 134 134
134 134 134
134 37 85
134 54 85
134 68 85
134 66 85
134 69 85
134 69 78
134 69 85
134 13 69
134 77 69
134 77 69
134 85 68
134 77 54
134 69 45
85 69 5
69 69 5
66 69 5
54 68 5
5 62 4
5 37 -2
2 37 -23
-10 5 -25
-26 5 -26
-26 5 -43
-57 5 -51
-58 2 -57
-58 -2 -58
-58 -10 -58
-91 -23 -58
-92 -26 -58
-92 -51 -58
-92 -58 -58
-92 -58 -58
-91 -58 -58
-91 -58 -51
-58 -122 -55
-58 -87 -26
-58 -91 -26
-57 -91 -26
-44 -91 -26
-26 -91 -25
-10 -91 -10
-2 -58 -2
5 -58 -2
5 -58 2
5 -58 2
5 -55 2
37 -51 2
54 -26 4
54 -26 4
54 -26 2
54 -10 2
62 -2 5
54 2 4
62 5 2
54 5 2
54 5 2
37 5 -2
5 5 -2
5 5 -10
5 37 -10
5 37 -23
5 54 -23
-2 54 -26
-10 37 -26
-23 5 -26
-26 37 -26
-26 5 -26
-26 5 -26
-55 5 -25
-55 5 -25
-58 5 -23
-58 5 -10
-58 5 -2
-58 2 -2
-58 2 -2
-58 -2 5
-55 -2 5
-51 -10 5
-44 -10 5
-26 -10 5
-26 -25 5
-10 -23 37
-2 -26 45
4 -10 62
5 -10 68
5 -2 69
5 2 77
45 2 85
62 5 134
69 5 134
77 5 134
134 5 134
134 37 134
134 37 134
134 62 134
134 62 134
134 69 134
134 69 134
134 77 134
134 85 134
134 5 85
134 37 69
134 62 69
134 69 68
134 69 66
134 69 54
134 134 37
102 134 5
77 134 5
69 134 5
66 134 5
13 85 -10
5 6 -10
5 85 -23
5 77 -26
2 69 -26
-2 69 -51
-26 66 -51
-26 54 -58
-55 37 -58
-58 5 -58
-58 5 -58
-58 5 -55
-87 2 -57
-91 -10 -55
-91 -23 -26
-91 -26 -26
-87 -26 -26
-58 -26 -26
-58 -51 -10
-58 -51 2
-58 -51 5
-51 -51 5
-26 -43 5
-10 -26 37
-10 -43 54
5 -26 62
5 -26 66
5 -26 66
37 -26 69
66 -10 69
69 -2 69
85 -2 69
85 5 69
134 5 69
134 5 66
134 5 62
134 54 62
134 54 45
134 62 37
134 68 5
134 69 5
85 69 5
84 69 4
69 69 -10
66 69 -10
37 69 -26
5 69 -26
5 69 -26
5 68 -51
-2 66 -51
-10 62 -51
-26 37 -58
-51 5 -58
-57 5 -57
-58 5 -58
-58 5 -58
-58 2 -57
-58 -2 -51
-87 -23 -26
-91 -26 -26
-91 -26 -26
-58 -26 -10
-58 -58 -2
-58 -44 5
-58 -51 5
-58 -55 5
-55 -51 5
-26 -55 5
-23 -51 5
-2 -51 37
2 -26 54
5 -26 62
5 -26 66
5 -26 69
45 -10 69
62 -10 69
69 2 69
13 5 69
85 5 69
134 5 69
134 5 68
134 5 62
134 45 62
134 45 45
134 62 37
134 66 5
85 68 5
13 66 5
69 69 5
134 69 54
134 77 5
134 77 5
134 77 5
134 77 5
102 69 2
69 69 -10
62 69 -26
54 69 -26
5 69 -55
5 66 -58
-2 54 -58
-10 37 -58
-26 5 -87
-51 5 -58
-58 5 -91
-58 -2 -98
-91 -25 -114
-114 -26 -98
-123 -44 -123
-123 -58 -235
-123 -58 -235
-123 -91 -92
-123 -94 -92
-123 -94 -91
-107 -123 -58
-94 -123 -58
-91 -123 -58
-58 -126 -57
-58 -126 -55
-58 -126 -44
-52 -130 -26
-26 -123 -26
-25 -126 -23
5 -123 -26
5 -123 -10
5 -107 -2
-219 -91 -2
45 -91 2
62 -58 2
69 -58 4
69 -58 4
69 -51 2
69 -26 -2
69 -26 -10
69 -26 -26
69 -23 -26
62 -10 -51
62 -25 -58
45 -10 -58
5 -10 -87
5 -10 -92
5 -10 -123
-10 -10 -123
-26 -25 -124
-51 -26 -126
-58 -26 -138
-87 -51 -153
-91 -58 -153
-123 -58 -154
-123 -58 -154
-124 -58 -154
-130 -91 -154
-138 -94 -154
-138 -123 -153
-151 -123 -138
-154 -123 -138
-151 -126 -123
-153 -130 -123
-138 -138 -98
-130 -138 -91
-126 -130 -58
-123 -138 -58
-123 -130 -51
-87 -130 -26
-58 -126 -26
-55 -123 -10
-26 -123 2
-25 -123 2
2 -91 5
5 -58 5
5 -58 5
37 -55 5
54 -26 5
69 -26 37
85 -10 -219
85 2 37
134 5 37
134 5 5
134 5 37
134 54 5
134 62 5
134 68 5
134 69 5
85 77 5
69 77 5
66 77 -10
54 134 -10
37 85 -25
5 85 -26
134 69 54
134 69 37
134 69 5
134 85 5
134 134 5
134 134 5
77 134 5
69 134 2
66 134 -2
45 134 -10
5 85 -25
5 77 -26
-2 69 -26
-23 68 -51
-26 54 -51
-51 5 -55
-58 5 -55
-58 5 -58
-92 2 -58
-98 -10 -58
-123 -26 -58
-123 -26 -58
-123 -51 -58
-123 -58 -51
-123 -58 -51
-123 -58 -26
-123 -91 -26
-94 -91 -23
-87 -92 2
-58 -91 5
-58 -94 5
-51 -91 5
-26 -91 37
-25 -91 66
5 -58 69
5 -58 69
5 -58 85
54 -58 85
66 -26 134
69 -23 85
134 -2 134
134 5 134
134 5 134
134 5 134
134 37 85
134 68 69
134 69 62
134 85 45
134 6 37
134 134 -219
134 134 5
85 134 5
69 134 -2
66 134 -2
54 134 -10
5 85 -26
5 69 -26
-2 69 -51
-26 62 -58
-26 62 -58
-55 5 -58
-58 5 -58
-58 5 -58
-92 2 -58
-98 -10 -55
-123 -26 -58
-123 -26 -51
-123 -58 -26
-123 -58 -26
-123 -58 -26
-123 -91 -26
-123 -91 -26
-94 -92 -2
-91 -92 4
-58 -91 5
-58 -91 5
-26 -91 5
-26 -91 5
-10 -58 5
5 -58 54
5 -58 54
37 -26 68
62 -26 66
69 -23 69
85 -10 69
134 5 84
134 5 85
134 5 85
134 37 77
134 37 69
134 66 69
134 69 69
134 85 62
134 85 62
134 85 45
134 78 5
134 85 5
69 85 5
68 134 -2
54 77 -2
5 -26 85
37 -26 85
62 -26 85
69 -26 134
6 -2 6
134 5 134
134 5 78
134 37 85
134 69 69
134 77 69
134 85 68
134 134 66
134 134 37
134 134 5
134 134 5
134 134 2
85 134 -2
69 134 2
62 134 -23
37 134 -25
5 134 -26
5 134 -51
-10 134 -58
-26 134 -55
-26 69 -58
-55 69 -58
-58 66 -57
-58 62 -58
-94 5 -58
-94 5 -58
-123 -2 -58
-123 -2 -58
-123 -10 -58
-123 -26 -26
-123 -26 -26
-123 -51 -26
-123 -55 -10
-94 -55 -23
-91 -57 -10
-58 -58 5
-55 -58 5
-26 -58 5
-26 -57 5
-10 -55 37
4 -55 62
5 -57 66
5 -51 69
54 -26 69
69 -26 69
69 -10 69
134 5 13
134 5 85
134 5 85
134 5 77
134 -219 69
134 45 66
134 66 5
134 68 5
134 69 5
134 85 5
134 134 -2
134 85 -26
69 85 -26
54 77 -58
5 77 -58
5 66 -58
4 62 -91
-25 62 -91
-44 37 -94
-58 5 -94
-58 5 -94
-58 5 -123
-114 2 -123
-123 -26 -123
-123 -26 -123
-126 -26 -123
-130 -55 -92
-130 -57 -91
-130 -58 -58
-126 -58 -58
-124 -92 -55
-123 -123 -51
-123 -123 -26
-123 -123 -26
-94 -123 -10
-58 -123 4
-57 -123 5
-26 -123 5
-25 -123 5
-10 -94 5
5 -91 5
5 -58 5
54 -58 5
68 -58 5
77 -58 37
134 -26 37
134 -26 5
134 -10 5
134 -2 5
134 -2 5
77 134 37
69 134 5
62 134 5
54 134 5
5 85 5
5 85 5
4 85 4
-10 13 4
-26 69 2
-26 69 2
-57 69 4
-58 54 2
-58 37 2
-87 5 5
-91 5 5
-91 5 5
-94 5 5
-94 4 5
-92 -10 37
-91 -26 37
-58 -10 62
-58 -25 62
-58 -26 69
-55 -26 85
-26 -23 85
-26 -10 134
-10 -10 134
2 -10 134
5 4 134
37 5 134
62 5 134
69 5 134
77 37 134
85 62 134
134 66 134
134 69 134
134 85 134
134 134 85
134 134 69
134 134 62
134 134 54
134 134 37
134 134 5
134 137 5
134 141 5
69 149 2
69 158 -2
62 149 -10
45 149 -26
5 140 -26
5 141 -26
5 134 -51
2 134 -51
-23 134 -55
-26 134 -55
-26 134 -57
-57 85 -51
-58 76 -51
-58 69 -51
-58 66 -26
-58 54 -26
-58 54 -25
-58 5 -10
-58 5 2
-58 5 5
-57 5 5
-55 5 5
-26 4 45
-23 -2 66
-2 2 69
5 4 77
5 4 102
5 5 134
62 5 134
68 5 134
84 5 134
134 5 134
134 37 137
134 37 137
134 69 141
137 69 141
149 69 141
149 134 137
149 134 134
158 134 134
142 134 134
158 137 134
149 141 134
141 149 134
134 149 134
134 164 85
134 162 85
102 158 84
69 162 69
66 164 68
54 141 62
5 137 37
5 134 37
-2 134 5
-26 134 5
-57 5 -51
-58 5 -26
-58 5 -26
-58 4 -26
-58 -2 -26
-58 -2 -10
-58 -2 -2
-58 -10 4
-58 -23 5
-58 -23 5
-58 -26 5
-51 -26 37
-26 -26 54
-25 -23 62
-2 -23 69
2 -25 69
5 -2 6
5 -2 134
37 2 6
54 4 134
66 5 134
69 5 134
85 5 134
102 5 85
134 5 77
134 5 69
134 5 77
134 5 69
134 37 66
134 37 54
134 37 54
134 45 5
102 37 5
85 37 5
69 37 4
62 37 -2
45 37 -10
5 5 -26
5 5 -26
5 5 -57
-2 5 -58
-10 5 -58
-26 5 -58
-26 2 -58
-51 -2 -58
-58 -10 -58
-58 -26 -58
-58 -26 -58
-58 -26 -58
-58 -26 -58
-87 -26 -55
-87 -26 -26
-58 -51 -26
-58 -51 -26
-58 -51 -26
-58 -51 -10
-55 -43 2
-26 -26 4
-26 -26 5
-10 -26 5
-10 -26 5
2 -26 5
5 -10 37
5 -2 54
5 2 62
45 5 66
62 5 68
68 5 69
69 5 69
69 5 69
85 37 69
85 62 69
85 66 66
85 68 66
77 68 62
69 69 54
69 69 37
68 69 5
62 69 5
37 68 5
5 66 5
5 66 2
5 62 -10
2 54 -10
-10 5 -26
-26 5 -26
-26 5 -26
-55 5 -51
-57 5 -55
-58 5 -55
-58 -2 -57
-58 -2 -58
-58 -10 -55
-58 -26 -55
-58 -26 -26
-58 -44 -26
-58 -51 -26
-58 -55 -26
-55 -58 -26
-51 -55 -10
69 69 102
69 69 85
69 84 85
69 102 77
77 134 69
77 134 66
69 134 54
69 134 54
69 134 37
68 134 5
62 134 5
37 134 5
5 6 5
5 77 5
5 77 5
5 69 5
5 66 5
-2 54 4
-10 37 4
-10 37 5
-23 5 5
-25 5 5
-26 5 5
-26 5 5
-26 5 5
-26 5 5
-26 5 5
-23 5 5
-10 4 -219
-2 2 54
4 -2 62
5 -2 66
5 -2 69
5 2 77
5 5 85
37 5 134
62 5 134
66 5 134
69 5 134
77 5 134
134 37 134
134 45 134
134 62 102
134 66 85
134 69 77
134 69 69
134 69 68
134 85 66
134 85 45
134 102 54
134 134 5
69 134 5
69 134 5
66 102 5
45 85 -2
5 13 -10
5 69 -26
5 68 -44
-2 62 -58
-10 37 -58
-26 5 -58
-26 5 -58
-58 5 -58
-58 4 -58
-58 -2 -58
-58 -25 -58
-58 -26 -58
-91 -26 -51
-91 -55 -26
-91 -55 -26
-91 -58 -26
-91 -58 -10
-58 -58 -10
-58 -58 2
-57 -58 5
-55 -58 5
-26 -58 5
-26 -57 5
-10 -58 37
2 -51 62
5 -26 69
5 -26 69
5 -26 69
-219 -10 85
54 -2 134
66 5 134
69 5 134
69 5 134
69 37 134
69 38 134
69 66 134
77 69 6
77 69 85
69 77 77
69 102 69
69 134 69
62 134 54
54 134 54
5 134 5
5 134 5
54 5 134
66 5 134
69 5 134
85 37 134
134 37 134
134 62 134
134 54 134
134 66 134
134 68 134
134 69 134
134 69 85
134 85 69
134 85 69
134 134 66
134 134 62
134 134 37
134 134 5
85 134 5
69 134 5
68 134 2
62 134 -10
5 134 -10
5 85 -26
5 69 -26
2 77 -51
-10 69 -51
-26 66 -58
-43 62 -58
-55 37 -58
-58 5 -58
-58 5 -58
-58 5 -58
-87 5 -58
-122 -2 -51
-58 -10 -51
-58 -26 -26
-58 -26 -26
-58 -26 -26
-58 -44 -26
-58 -55 -10
-55 -55 4
-26 -58 4
-26 -55 5
-23 -58 5
-2 -58 5
5 -58 5
5 -57 37
5 -51 62
37 -51 54
54 -26 62
66 -26 69
69 -23 69
69 -10 69
77 -2 69
85 2 69
85 2 69
85 5 69
85 5 69
85 5 68
69 5 66
68 5 62
66 5 62
54 5 37
5 5 37
5 5 5
5 37 5
4 -219 5
-2 5 5
-26 5 5
-26 5 5
-44 5 4
-58 5 2
-58 5 -2
-58 5 -2
-58 5 -10
-91 2 -2
-91 -2 -2
-91 -2 -2
-91 -23 2
-91 -26 4
-58 -26 5
-58 -26 5
-58 -26 5
-55 -26 5
-26 -26 5
-25 -26 37
-10 -26 54
4 -26 62
5 -25 66
5 -10 69
54 -2 69
66 2 77
69 5 85
85 5 85
134 5 134
134 5 78
134 37 134
134 54 102
134 66 85
134 69 77
54 5 5
37 37 2
5 37 -2
5 37 -10
5 37 -10
2 45 -23
-23 37 -26
-26 37 -26
-26 5 -23
-55 5 -26
-58 5 -26
-58 5 -10
-58 5 -10
-58 5 -10
-58 5 -2
-58 5 4
-58 5 5
-58 4 5
-58 2 5
-58 2 5
-57 -2 37
-26 -2 54
-26 -2 66
-10 -10 69
-2 -2 69
5 -2 85
5 2 102
5 2 134
62 2 134
68 2 134
69 4 134
85 5 134
134 5 134
134 5 134
134 5 134
134 5 134
134 5 134
134 5 85
134 5 77
134 5 66
134 -219 62
134 5 45
134 37 5
85 -219 5
69 5 5
62 5 4
37 5 -2
5 5 -10
5 5 -26
2 5 -26
-10 5 -51
-26 5 -58
-58 5 -58
-58 4 -58
-91 -2 -58
-94 -10 -58
-123 -25 -58
-123 -26 -58
-124 -26 -58
-124 -26 -58
-126 -51 -58
-130 -55 -58
-126 -57 -58
-123 -58 -51
-123 -58 -55
-123 -58 -26
-107 -58 -26
-91 -58 -23
-58 -58 -10
-55 -58 -10
-26 -57 2
-10 -55 5
-2 -51 5
5 -44 5
5 -26 5
54 -26 5
62 -26 5
69 -10 5
77 -2 5
134 2 5
134 5 5
134 5 5
134 5 5
134 5 5
134 5 2
134 5 2
134 5 -10
134 37 -10
6 37 -26
77 54 -26
69 54 -26
54 54 -51
5 54 -55
5 54 -58
5 45 -58
2 54 -58
-25 37 -58
-26 5 -58
-51 5 -58
-58 5 -58
-58 -58 -51
-58 -58 -26
-58 -58 -26
-51 -58 -26
-51 -58 -10
-26 -58 -2
-23 -58 2
-2 -58 5
2 -58 5
5 -58 5
5 -55 5
5 -51 5
45 -26 5
62 -26 37
68 -26 37
69 -25 37
69 -10 5
77 2 5
76 4 5
77 5 5
77 5 5
69 5 5
69 5 5
69 5 4
62 5 -2
54 5 -2
37 5 -25
5 5 -26
5 5 -26
5 5 -51
2 5 -51
-2 5 -58
-23 5 -58
-26 5 -58
-26 5 -58
-57 5 -55
-58 5 -55
-58 5 -26
-58 4 -26
-58 2 -23
-58 2 -10
-87 -2 2
-87 -2 5
-58 -10 5
-58 -10 5
-58 -10 37
-58 -10 68
-55 -2 69
-26 -2 85
-26 -2 134
-10 4 134
4 5 135
5 5 141
5 5 149
37 5 165
54 37 164
69 54 165
77 62 162
134 69 162
134 69 165
134 76 164
134 134 165
134 134 158
134 134 149
134 134 141
134 134 137
134 134 134
134 134 134
134 134 134
134 134 134
134 134 69
84 134 69
69 134 68
62 134 37
37 134 5
5 134 5
5 85 5
5 77 5
2 69 2
-25 62 -10
-26 54 -10
-26 5 -26
-55 5 -26
-57 5 -26
-58 2 -26
-58 -10 -26
-58 -26 -26
-58 -26 -26
-58 -58 -26
-58 -55 -26
-58 -58 -26
-58 -58 -25
-55 -58 -10
-26 -58 -10
-26 -58 2
-23 -58 4
-2 -58 4
4 -58 5
5 -58 5
5 -58 5
69 5 85
85 5 85
6 5 102
134 5 134
134 5 85
134 45 77
134 62 69
134 66 69
134 66 68
134 69 62
102 69 54
69 69 5
69 69 5
66 69 5
45 69 5
5 66 2
5 66 -10
5 54 -23
-2 37 -26
-25 5 -26
-26 5 -26
-44 5 -51
-55 5 -55
-58 -2 -55
-122 -10 -58
-91 -10 -58
-91 -26 -58
-92 -44 -58
-94 -57 -51
-92 -58 -51
-91 -58 -26
-91 -58 -26
-58 -58 -26
-58 -58 -10
-58 -58 -2
-55 -58 2
-26 -58 5
-26 -58 5
-23 -58 5
4 -58 5
5 -58 -219
5 -51 37
37 -26 54
54 -26 54
66 -26 54
69 -10 62
85 2 54
85 4 54
134 5 37
134 5 37
134 5 5
134 5 5
134 5 5
134 45 5
85 37 4
85 54 2
68 45 -10
62 37 -25
37 37 -26
5 37 -26
5 5 -51
5 5 -58
-10 5 -58
-26 5 -58
-26 -2 -58
-51 -10 -58
-58 -23 -58
-58 -26 -91
-91 -51 -91
-92 -57 -87
-98 -58 -87
-107 -58 -122
-123 -87 -58
-123 -92 -58
-107 -123 -58
-98 -123 -58
-94 -123 -55
-91 -123 -26
-58 -123 -26
-58 -123 -25
-58 -123 -10
-26 -123 -2
-26 -107 2
-25 -94 5
-2 -87 5
5 -58 5
5 -58 5
5 -58 5
45 -51 5
54 -26 -219
66 -25 5
69 -10 5
77 2 5
77 5 5
84 5 5
85 5 5
77 5 5
69 37 5
69 38 5
66 54 2
-123 -26 -58
-124 -51 -55
-123 -51 -55
-123 -58 -26
-123 -58 -26
-123 -58 -26
-107 -58 -10
-91 -58 2
-58 -58 5
-58 -58 5
-55 -58 5
-26 -58 5
-10 -58 37
2 -58 54
5 -51 54
5 -26 62
37 -26 68
66 -23 69
69 -10 69
134 5 69
134 5 66
134 5 62
134 5 62
134 5 45
134 54 37
134 54 5
134 62 5
134 66 5
134 69 4
85 69 -2
69 69 -10
66 69 -26
37 69 -26
5 68 -51
5 62 -58
-2 62 -58
-25 5 -58
-26 5 -58
-55 5 -58
-58 5 -58
-91 5 -87
-94 -10 -87
-123 -23 -91
-123 -25 -58
-123 -26 -58
-124 -51 -58
-123 -51 -58
-123 -58 -55
-123 -58 -43
-123 -58 -26
-123 -58 -26
-92 -58 -10
-58 -91 -2
-58 -87 5
-55 -91 5
-26 -58 5
-10 -58 37
5 -58 5
5 -58 54
5 -55 62
54 -51 66
66 -26 66
77 -26 66
102 -10 66
134 2 66
134 2 66
134 5 62
134 5 45
134 37 37
134 45 5
134 37 5
134 62 5
134 68 5
134 66 4
69 66 -2
66 68 -10
54 68 -26
5 62 -26
5 66 -26
-2 54 -55
-25 37 -58
-26 5 -58
-55 5 -58
-58 5 -58
-58 5 -58
-94 -2 -58
-123 -2 -58
-123 -26 -58
-123 -26 -58
-126 -26 -58
-126 -58 -55
-126 -58 -55
-123 -58 -26
-123 -58 -26
-123 -58 -23
-94 -58 -2
-58 -91 5
-58 -58 5
-55 -91 5
-26 -58 5
-123 -26 -43
-123 -26 -26
-123 -51 -26
-94 -55 -10
-91 -51 -10
-58 -57 5
-58 -58 5
-51 -58 5
-26 -58 37
-2 -55 54
5 -55 66
5 -26 69
54 -26 78
69 -25 85
84 -2 134
134 2 134
134 5 134
134 5 134
137 5 134
148 62 134
149 66 134
162 69 134
162 85 134
162 134 77
149 134 69
141 134 69
134 134 62
134 134 45
134 134 5
134 134 5
69 134 5
62 134 2
37 134 -10
5 134 -26
-2 6 -26
-25 77 -51
-26 69 -51
-55 62 -55
-58 54 -57
-58 5 -58
-91 5 -57
-94 5 -55
-94 2 -55
-114 -10 -51
-123 -26 -26
-94 -26 -26
-92 -55 -10
-91 -58 -10
-58 -58 4
-58 -58 5
-55 -58 5
-26 -58 5
-10 -58 -219
2 -58 54
5 -58 62
5 -51 66
62 -26 69
69 -26 85
85 -10 85
134 -2 13
134 4 6
134 5 85
141 5 85
141 5 69
149 62 69
149 62 69
149 69 68
149 77 62
137 85 37
134 134 5
134 134 5
134 134 5
134 134 5
69 134 -2
68 134 -26
45 134 -26
5 134 -26
5 77 -51
-2 69 -58
-26 69 -58
-51 54 -58
-58 37 -58
-58 5 -58
-91 5 -58
-94 5 -58
-123 -10 -58
-123 -23 -58
-123 -26 -58
-123 -26 -55
-123 -55 -26
-123 -58 -26
-98 -58 -10
-91 -58 -10
-58 -58 2
-58 -58 5
-55 -58 5
-26 -58 5
-2 -58 37
5 -58 62
5 -58 62
69 -26 134
77 -25 134
134 -2 134
134 5 134
134 5 134
134 5 134
134 54 134
134 62 85
134 69 69
134 69 69
134 77 68
134 134 54
134 134 5
102 134 5
69 134 5
66 134 -2
45 134 -26
5 134 -44
5 134 -57
-10 69 -58
-26 69 -58
-51 62 -58
-58 37 -58
-87 5 -91
-94 5 -91
-123 5 -91
-123 -2 -91
-124 -25 -87
-126 -26 -58
-130 -58 -58
-130 -58 -58
-130 -58 -57
-124 -92 -26
-124 -123 -23
-123 -123 -2
-91 -123 2
-58 -123 5
-58 -123 5
-51 -123 5
-26 -98 62
-2 -87 66
5 -91 69
5 -58 69
37 -58 77
62 -55 85
77 -26 102
102 -23 85
134 2 102
134 5 77
134 5 85
134 37 69
134 62 62
134 66 62
134 68 5
134 69 5
134 69 5
85 85 -10
69 69 -25
66 69 -26
54 77 -26
5 69 -58
5 68 -58
-2 62 -58
-25 54 -94
-26 37 -123
-58 5 -123
-58 5 -123
-91 4 -123
-123 -26 -123
-123 -26 -123
-126 -26 -123
-130 -58 -123
-138 -58 -123
-138 -91 -94
-138 -94 -98
-130 -123 -87
-126 -123 -58
-124 -123 -58
-123 -123 -55
-94 -124 -26
-91 -126 -25
-58 -124 -2
-58 -123 4
-26 -123 5
-10 -123 5
5 -107 5
5 -92 54
37 -91 54
62 -58 62
69 -58 69
85 -26 69
134 -10 69
134 -2 69
134 5 69
134 5 66
134 5 62
134 62 5
134 66 37
134 69 5
134 69 5
-26 -58 5
-23 -58 5
-2 -58 5
5 -58 5
5 -58 5
5 -58 37
54 -51 37
62 -26 37
69 -26 45
77 -23 45
85 -10 37
134 5 5
134 5 5
134 5 5
134 5 5
134 37 5
102 45 5
77 54 5
69 62 5
66 62 5
62 62 4
37 62 -2
5 54 -23
5 54 -26
4 37 -26
-2 5 -43
-26 5 -52
-26 5 -58
-58 5 -58
-58 5 -58
-58 2 -58
-58 -2 -58
-91 -2 -58
-92 -26 -51
-98 -26 -43
-123 -26 -26
-94 -26 -26
-94 -52 -10
-91 -55 -10
-87 -58 2
-58 -58 5
-58 -58 5
-55 -58 5
-26 -58 5
-26 -58 5
-2 -58 45
5 -55 45
5 -26 54
5 -51 62
54 -26 66
66 -26 62
69 -10 62
102 -2 62
134 4 62
134 5 54
134 5 54
134 5 37
134 5 37
134 37 5
134 37 5
134 54 5
134 37 5
69 54 5
69 62 5
62 62 2
37 62 -10
5 62 -10
5 45 -26
-2 37 -26
-26 37 -26
-26 5 -26
-55 5 -26
-58 5 -44
-58 5 -51
-91 5 -51
-94 5 -51
-114 4 -43
-123 -2 -26
-123 -10 -26
-123 -25 -26
-123 -26 -10
-235 -26 -10
-98 -26 -2
-92 -51 2
-87 -51 5
-58 -51 5
-58 -55 5
-43 -55 5
-26 -51 5
-10 -51 5
5 -44 54
5 -26 62
37 -26 66
62 -26 66
68 -23 66
69 -10 66
134 2 68
134 2 66
134 5 62
134 5 54
-58 -123 -26
-58 -123 -10
-51 -98 -10
-26 -92 -2
-23 -91 2
2 -58 5
5 -58 5
5 -58 5
5 -58 5
5 -58 5
54 -58 5
68 -51 5
69 -43 5
69 -26 5
77 -26 5
77 -23 4
69 -10 2
69 -2 -10
68 4 -25
62 4 -26
54 5 -26
37 5 -26
5 5 -26
5 5 -55
5 5 -58
2 5 -58
-10 5 -58
-26 5 -58
-55 5 -58
-58 4 -122
-58 4 -87
-91 -2 -91
-92 -10 -91
-114 -25 -91
-123 -26 -91
-123 -51 -87
-123 -55 -58
-123 -58 -58
-123 -58 -58
-123 -58 -58
-123 -91 -58
-123 -92 -55
-94 -94 -55
-91 -92 -26
-58 -107 -26
-58 -123 -26
-57 -123 -25
-26 -123 -10
-23 -235 2
2 -98 2
5 -92 5
5 -58 5
45 -58 5
66 -57 5
69 -51 5
76 -26 5
134 -10 5
134 2 5
134 5 5
134 5 5
134 5 -2
134 5 -10
77 37 -26
69 37 -26
68 37 -26
54 37 -26
37 37 -55
5 5 -58
5 37 -58
2 5 -58
-10 5 -58
-26 5 -58
-26 5 -87
-58 -2 -91
-58 -10 -91
-87 -23 -94
-94 -26 -94
-107 -26 -94
-123 -26 -94
-123 -51 -94
-123 -55 -92
-123 -58 -91
-123 -58 -87
-98 -58 -58
-94 -87 -58
-91 -91 -58
-58 -92 -58
-58 -92 -26
-58 -92 -26
-55 -91 -26
-26 -91 -10
-25 -92 -2
-10 -91 -2
2 -91 5
5 -91 5
5 -91 5
5 -58 5
5 -58 5
54 -58 5
66 -26 5
-91 -58 -10
-58 -58 2
-58 -58 5
-51 -58 5
-26 -58 5
-10 -58 5
4 -58 5
5 -55 54
5 -43 54
37 -26 62
62 -26 66
69 -10 62
84 -2 62
6 2 62
134 5 62
134 5 54
134 5 54
134 62 37
134 68 5
134 68 5
134 69 5
134 85 5
134 85 5
69 134 2
69 134 -10
62 134 -10
54 134 -23
5 134 -26
5 85 -26
2 85 -26
-10 13 -26
-26 69 -26
-26 66 -26
-51 54 -26
-58 54 -26
-58 37 -26
-58 5 -10
-58 5 -10
-58 5 -10
-58 5 -2
-58 -2 -2
-58 -2 2
-58 -10 2
-58 -10 5
-57 -10 5
-26 -26 5
-26 -10 5
-10 -10 5
-2 -10 37
5 2 45
5 2 62
37 5 66
62 5 69
69 5 69
77 5 69
134 5 77
134 54 85
134 54 85
134 69 85
134 69 85
134 69 69
134 77 69
134 134 68
134 134 62
134 134 54
134 134 37
134 134 5
134 134 5
69 134 2
68 134 -2
54 134 -25
5 134 -26
5 85 -26
5 69 -26
-10 69 -51
-26 69 -26
-26 62 -26
-51 54 -43
-58 5 -26
-58 5 -26
-58 5 -26
-122 5 -26
-91 5 -25
-58 2 -10
-87 -2 -2
-58 -10 2
-58 -25 5
-58 -26 5
-58 -26 5
-55 -26 5
-44 -26 37
-25 -26 45
-10 -26 54
5 -26 54
5 -25 54
5 -10 62
62 -2 66
69 4 66
69 5 66
85 5 68
37 -26 45
54 -25 62
68 -10 62
69 -2 66
77 5 68
85 5 69
134 5 69
134 37 66
134 37 66
134 62 66
134 66 54
134 69 45
85 69 5
84 85 5
69 85 5
62 85 5
54 134 5
5 102 2
5 85 2
5 85 -10
-2 77 -10
-10 69 -23
-26 69 -26
-44 68 -26
-57 66 -26
-58 54 -26
-58 37 -26
-58 5 -26
-58 5 -26
-87 5 -10
-91 5 -10
-87 5 -2
-58 5 5
-58 4 5
-58 5 5
-55 -2 13
-43 -2 54
-26 2 62
-23 -2 69
2 2 77
5 2 102
5 5 134
5 5 134
37 5 134
66 5 134
69 5 134
85 5 134
134 5 134
134 5 134
134 37 134
134 66 134
134 68 102
134 69 102
134 84 69
134 85 69
134 85 69
6 134 54
77 134 5
69 134 5
66 78 5
45 85 4
5 85 -2
5 69 -10
2 69 -23
-10 68 -26
-26 66 -26
-26 54 -26
-51 54 -26
-58 5 -26
-58 5 -26
-58 5 -26
-91 4 -26
-94 -10 -26
-98 -25 -26
-94 -26 -26
-92 -26 -10
-91 -55 -10
-91 -58 -10
-87 -58 -2
-58 -58 4
-55 -58 5
-26 -58 5
-26 -58 5
-10 -58 5
-2 -58 5
5 -58 -219
5 -58 37
5 -55 62
37 -51 62
62 -26 66
69 -26 68
77 -23 68
85 -2 68
134 2 66
134 5 66
134 5 54
134 5 45
134 5 37
134 5 5
85 5 5
-130 -58 -92
-138 -58 -94
-130 -92 -94
-138 -123 -91
-130 -123 -87
-126 -123 -58
-123 -126 -58
-123 -123 -58
-123 -126 -58
-91 -124 -43
-58 -124 -26
-57 -123 -26
-26 -123 -10
-26 -123 -10
-10 -123 2
2 -114 4
5 -58 5
5 -58 5
37 -58 5
45 -55 5
54 -51 5
62 -26 5
66 -26 5
68 -23 5
68 2 5
68 2 2
66 5 -2
62 5 -10
54 5 -23
37 5 -26
5 5 -26
5 37 -26
5 37 -26
5 62 -51
-2 37 -55
-10 45 -58
-26 37 -58
-26 37 -58
-58 5 -58
-58 5 -58
-58 5 -58
-91 5 -58
-94 5 -58
-123 5 -58
-123 4 -58
-123 -2 -58
-123 -10 -58
-123 -26 -51
-235 -26 -44
-107 -26 -26
-92 -26 -10
-58 -26 -2
-58 -43 4
-58 -43 5
-26 -58 5
-26 -43 5
2 -26 54
5 -26 62
5 -25 68
37 -10 69
62 -2 69
69 4 85
85 5 134
134 5 134
134 37 134
134 66 134
134 69 134
134 69 134
134 134 102
134 134 85
134 134 84
134 134 69
134 134 69
85 135 62
69 141 54
66 141 37
62 141 5
37 141 5
5 149 5
5 135 5
5 134 5
-2 134 5
-10 134 5
-26 134 5
-26 134 5
-51 134 5
-57 102 5
-58 77 5
-58 69 5
-58 69 5
-58 66 37
-58 62 45
-58 62 54
-58 54 62
-51 37 69
-43 5 77
-26 5 85
-10 5 134
2 5 134
5 5 134
54 66 5
37 66 5
5 66 5
5 62 4
5 62 4
-2 54 -2
-10 38 -10
-26 -219 -10
-26 5 -26
-51 5 -26
-58 5 -26
-58 5 -26
-58 5 -26
-58 4 -26
-58 -2 -26
-58 -2 -26
-58 -10 -23
-58 -25 -26
-58 -26 -10
-58 -26 -10
-58 -26 -10
-58 -26 -2
-51 -51 2
-26 -51 4
-25 -51 5
-10 -51 5
4 -51 5
5 -43 5
5 -26 5
5 -26 5
37 -26 5
62 -26 5
66 -26 5
68 -25 5
69 -10 5
69 -10 5
69 -2 5
69 -2 5
69 2 4
69 4 -2
68 5 -10
62 5 -23
62 5 -26
37 5 -26
5 5 -26
5 5 -51
5 5 -55
2 5 -58
-10 5 -58
-25 4 -58
-26 -2 -58
-57 -2 -58
-58 -10 -58
-58 -25 -58
-58 -26 -58
-91 -26 -58
-91 -26 -58
-94 -43 -58
-94 -55 -58
-94 -58 -58
-92 -58 -58
-92 -58 -58
-91 -58 -58
-122 -58 -55
-58 -58 -51
-58 -58 -26
-58 -58 -26
-44 -58 -26
-26 -87 -26
-10 -58 -25
-2 -58 -10
2 -58 -10
5 -58 -2
5 -58 -2
5 -58 -2
37 -55 2
54 -55 -2
62 -51 -2
66 -26 2
66 -26 -2
66 -23 -2
68 -10 -10
66 -10 -10
62 -2 -23
62 -2 -26
37 2 -26
37 4 -26
5 4 -26
5 4 -51
5 4 -51
2 5 -58
-10 2 -58
-26 -2 -58
-26 -2 -58
-51 -10 -58
-58 -23 -58
-58 -26 -58
-91 -26 -58
-92 -26 -58
-94 -26 -58
-58 5 5
-58 5 5
-58 4 5
-58 2 5
-58 2 5
-51 -2 -219
-26 -2 37
-10 -10 54
2 -2 62
5 -2 69
5 2 69
5 2 69
54 5 69
62 5 69
66 5 69
69 5 69
85 5 69
134 5 69
134 5 69
134 5 69
134 54 69
134 62 69
134 69 66
134 69 62
134 85 54
134 6 37
85 85 37
13 84 5
66 13 5
54 77 5
37 69 5
5 85 5
5 13 5
5 69 5
-10 69 4
-26 66 4
-51 66 2
-58 68 -2
-58 62 -2
-58 37 -2
-58 5 2
-58 5 -2
-58 5 -2
-58 5 2
-58 4 5
-58 -2 5
-58 -10 37
-57 -10 54
-51 -10 62
-26 -10 66
-26 -2 66
-10 -2 66
4 -2 66
5 -10 66
5 -10 66
5 -10 69
66 -10 69
69 -2 69
85 2 69
134 4 77
134 5 77
134 5 69
134 5 69
134 5 69
134 37 69
134 54 68
134 62 66
134 68 54
134 69 37
134 69 5
102 69 5
69 69 5
68 69 5
37 69 5
5 68 2
5 69 -2
4 69 -10
-2 69 -26
-26 69 -26
-26 68 -26
-51 66 -26
-58 54 -26
-58 37 -26
-58 5 -26
-58 5 -25
-87 5 -10
-58 5 -2
-58 5 -2
-58 -2 -2
-58 -2 -2
-58 -26 -2
-55 -26 4
-58 -26 5
-26 -26 5
-23 -26 5
-2 -26 5
5 -26 5
5 -26 5
5 -23 5
5 -10 37
-126 -58 -58
-126 -87 -58
-124 -87 -58
-123 -91 -58
-123 -94 -55
-123 -123 -51
-92 -123 -26
-91 -123 -26
-58 -123 -25
-58 -123 -10
-51 -123 -2
-26 -123 2
-2 -98 5
4 -92 5
5 -91 5
5 -58 5
5 -58 5
54 -58 5
66 -58 5
69 -26 5
69 -26 5
69 -26 5
69 -2 5
69 5 4
69 5 4
66 5 -2
62 5 -10
37 5 -23
5 5 -26
5 5 -26
5 5 -26
4 5 -51
-10 5 -51
-25 5 -58
-26 5 -58
-57 5 -58
-58 5 -58
-58 5 -58
-87 4 -58
-92 4 -58
-94 -2 -57
-107 -23 -57
-98 -10 -51
-114 -26 -43
-94 -26 -26
-94 -26 -25
-92 -26 -10
-87 -26 -2
-58 -43 4
-58 -51 5
-55 -51 5
-26 -55 5
-23 -51 5
-2 -26 45
5 -26 62
5 -26 62
37 -10 69
62 -10 69
68 -2 69
69 -2 69
85 4 69
134 5 69
134 5 69
134 5 69
134 5 68
134 37 62
134 54 54
134 62 37
134 62 5
85 62 5
77 66 5
69 68 5
66 62 5
5 62 -10
5 54 -25
5 54 -26
-2 45 -26
-10 5 -55
-26 5 -57
-58 5 -58
-58 5 -58
-58 4 -58
-91 2 -58
-98 -10 -58
-123 -26 -58
-123 -26 -58
-123 -58 -58
-123 -58 -58
-123 -58 -58
-123 -87 -58
-123 -94 -58
-123 -123 -58
-98 -123 -58
-92 -123 -55
-58 -123 -51
-58 -124 -26
-51 -124 -26
-26 -123 -26
-23 -123 -26
-10 -123 -23
66 -2 -26
54 -2 -26
37 2 -51
5 5 -51
5 4 -58
5 5 -58
-10 5 -58
-26 2 -58
-26 2 -91
-58 -2 -94
-58 -2 -92
-91 -10 -98
-114 -26 -94
-123 -26 -98
-123 -26 -94
-123 -26 -94
-123 -26 -91
-124 -57 -87
-126 -58 -58
-123 -58 -58
-123 -58 -58
-123 -58 -43
-98 -58 -26
-91 -58 -10
-58 -58 2
-58 -58 5
-57 -58 5
-26 -55 5
-10 -44 37
4 -26 62
5 -26 66
5 -23 68
45 -2 69
66 5 69
69 5 85
6 5 77
134 5 13
134 37 77
134 54 69
134 66 77
134 69 69
134 77 68
134 102 66
134 134 62
134 134 37
6 134 5
69 134 5
69 134 5
54 134 5
-219 134 5
5 134 -2
5 134 -10
-10 134 -10
-26 85 -26
-26 77 -26
-51 69 -26
-58 66 -26
-58 62 -26
-58 45 -26
-119 37 -26
-91 5 -26
-91 5 -10
-91 5 -10
-91 5 2
-58 4 5
-58 -2 5
-58 -2 5
-58 -10 5
-26 -10 5
-26 -10 37
-10 -23 62
2 -10 68
5 -2 69
5 -2 69
54 2 77
66 5 13
69 5 85
85 5 85
134 5 85
134 5 85
134 54 84
134 54 85
134 62 69
134 66 69
134 69 66
134 71 66
134 134 54
134 134 5
6 134 5
85 134 5
66 134 5
54 134 4
5 134 -2
5 134 -10
5 134 -25
-10 85 -26
-26 77 -26
-51 69 -26
-58 69 -26
-58 66 -26
5 134 5
5 134 5
2 134 5
-10 85 5
-26 69 5
-26 69 4
-57 66 -2
-58 54 -2
-58 37 -2
-58 -219 -2
-58 5 -2
-58 5 -2
-58 5 -2
-58 5 4
-58 2 5
-58 -10 5
-55 -23 5
-26 -23 5
-26 -25 37
-2 -23 37
4 -25 54
5 -23 66
5 -10 69
54 -2 69
66 -2 76
69 4 77
85 5 102
134 5 134
134 5 134
134 5 134
134 54 134
134 62 134
134 69 102
134 69 85
134 77 77
134 134 69
134 134 69
134 134 62
134 134 62
85 134 37
69 134 5
66 134 5
54 134 5
5 134 2
5 134 -2
2 85 -10
-10 69 -23
-26 69 -26
-26 66 -26
-55 62 -26
-58 37 -26
-58 5 -26
-58 5 -26
-58 5 -26
-58 5 -26
-58 -2 -26
-58 -26 -26
-58 -25 -26
-58 -26 -10
-58 -26 -10
-55 -26 -2
-26 -55 5
-10 -26 5
-2 -55 5
5 -26 5
5 -26 5
37 -26 37
62 -26 62
69 -10 62
6 -2 68
134 2 68
134 5 69
134 5 69
134 5 69
134 37 69
137 54 69
137 66 69
137 69 68
134 69 62
134 85 54
134 85 54
134 85 37
134 134 5
77 134 5
68 85 5
37 85 5
5 69 -2
5 69 -10
2 68 -10
-10 66 -25
-26 45 -26
-51 37 -26
-58 5 -26
-58 5 -26
-58 5 -26
-58 2 -26
-91 -2 -26
-91 -23 -26
-91 -26 -23
-91 -43 -10
-123 2 -91
-123 -2 -91
-123 -10 -91
-130 -25 -91
-130 -26 -58
-130 -51 -58
-130 -55 -58
-126 -58 -55
-123 -58 -51
-123 -58 -26
-123 -58 -26
-91 -58 -2
-58 -58 5
-58 -58 5
-26 -58 5
-26 -58 5
-2 -58 62
5 -58 62
37 -51 68
62 -26 69
69 -26 69
85 -26 69
134 4 85
134 5 77
134 5 77
134 5 85
134 37 69
134 38 69
134 66 66
134 69 66
134 69 62
134 85 45
134 6 5
85 134 5
66 85 5
45 85 5
5 102 2
5 77 -10
2 69 -10
-26 68 -26
-26 66 -26
-58 62 -43
-58 45 -51
-87 5 -55
-94 5 -55
-123 5 -55
-123 2 -55
-123 -2 -51
-123 -26 -43
-123 -26 -26
-123 -26 -26
-123 -58 -26
-94 -58 -26
-91 -58 -10
-87 -58 2
-58 -58 5
-55 -58 5
-26 -58 5
-25 -58 37
2 -58 66
5 -58 66
5 -58 69
62 -58 77
69 -55 77
69 -26 85
134 -26 85
134 -10 102
134 -2 85
134 4 6
134 5 85
134 5 69
134 5 69
134 37 68
134 54 62
134 66 37
134 69 37
85 77 5
68 85 5
62 69 5
5 77 -2
5 77 -10
4 69 -26
-10 69 -26
-26 66 -26
-51 62 -58
-58 37 -55
-91 5 -58
-92 5 -58
-123 5 -58
-123 2 -58
-123 -10 -58
-123 -26 -58
-123 -26 -58
-123 -51 -57
-123 -55 -51
-123 -58 -26
-91 -58 -26
-122 -58 -10
-58 -91 2
-57 -91 4
134 5 134
134 37 134
134 54 134
134 68 77
134 68 69
134 69 54
134 84 45
134 102 -219
85 134 5
69 85 5
68 6 -2
37 102 -23
5 77 -26
5 77 -51
-2 69 -55
-25 66 -58
-26 66 -58
-58 37 -58
-58 5 -58
-58 5 -58
-91 5 -58
-98 2 -58
-123 -26 -58
-123 -26 -58
-123 -26 -55
-123 -51 -26
-123 -58 -26
-98 -58 -10
-91 -58 2
-58 -91 5
-58 -92 5
-51 -92 5
-26 -91 37
-10 -92 62
5 -87 69
5 -58 69
37 -58 85
62 -58 134
69 -51 134
85 -26 134
134 -26 134
134 -23 134
134 -10 134
134 4 134
134 5 84
134 5 69
134 5 66
134 37 54
134 62 54
134 66 5
134 68 5
69 69 2
66 69 -10
54 69 -26
5 69 -26
5 68 -51
-2 62 -58
-25 62 -58
-26 37 -91
-55 5 -91
-58 5 -94
-58 5 -98
-94 -2 -94
-123 -10 -123
-123 -26 -123
-123 -26 -92
-123 -58 -91
-124 -58 -58
-123 -58 -58
-123 -91 -58
-123 -92 -55
-123 -123 -26
-92 -123 -26
-87 -123 -10
-58 -123 2
-55 -123 5
-26 -123 5
-26 -98 5
-2 -94 37
5 -91 54
5 -91 66
37 -58 66
62 -58 66
68 -58 68
77 -51 68
134 -26 68
134 -26 66
134 -10 54
134 2 62
134 5 37
134 5 5
134 5 5
134 37 5
85 5 -2
69 62 -25
68 45 -26
37 62 -58
5 37 -58
5 54 -91
2 37 -98
-58 -57 -138
-91 -58 -138
-98 -58 -154
-123 -58 -151
-124 -58 -154
-130 -87 -138
-138 -91 -138
-153 -94 -138
-154 -94 -126
-153 -123 -123
-153 -123 -123
-138 -123 -123
-130 -123 -94
-126 -126 -91
-123 -130 -58
-123 -130 -58
-91 -138 -58
-58 -130 -44
-58 -126 -26
-55 -126 -26
-26 -124 -25
-23 -123 -10
-2 -123 -10
5 -94 -2
5 -91 -10
5 -122 -2
54 -58 -2
62 -58 2
68 -51 4
69 -44 5
69 -26 5
69 -26 5
69 -10 4
68 2 -2
62 5 -10
54 5 -23
37 5 -26
5 5 -26
5 5 -51
5 5 -58
-10 5 -58
-10 5 -58
-26 5 -87
-51 5 -92
-58 5 -94
-58 5 -98
-91 5 -98
-94 4 -107
-123 2 -94
-123 -2 -92
-123 -10 -91
-123 -26 -58
-123 -26 -58
-123 -43 -58
-123 -55 -58
-123 -58 -51
-123 -58 -26
-92 -58 -10
-58 -58 -2
-58 -58 5
-58 -57 5
-26 -58 5
-25 -55 37
2 -26 13
5 -26 54
5 -26 54
5 -26 62
62 -23 62
69 -2 62
77 5 66
85 5 66
85 5 66
134 5 62
134 54 62
134 66 62
134 69 54
6 77 54
134 134 45
85 134 -219
69 134 5
66 134 5
62 134 5
37 134 2
5 134 -2
5 6 -26
-2 85 -26
-25 69 -26
-26 69 -51
-51 66 -51
-58 54 -51
-58 37 -55
-58 5 -43
-91 5 -26
-91 5 -26
-94 5 -26
-94 4 -26
-94 -10 -10
-92 -10 -2
-91 -10 2
-58 -25 5
-58 -10 -10
-58 -10 -10
-58 -26 -2
-58 -26 -2
-43 -26 4
-26 -26 5
-10 -26 5
2 -26 5
5 -26 5
5 -26 5
5 -26 5
62 -26 37
69 -23 54
85 -10 62
134 -2 62
134 -2 62
134 4 66
134 5 62
134 5 62
134 5 62
134 5 62
134 5 62
134 54 54
134 54 37
134 66 37
134 66 5
85 66 5
69 69 5
54 69 5
5 68 4
5 66 2
5 62 -2
2 54 -2
-10 62 -10
-26 37 -23
-55 5 -25
-58 5 -26
-58 5 -26
-58 5 -23
-58 5 -23
-91 4 -10
-91 4 -10
-91 2 -2
-58 -10 2
-58 -10 2
-58 -26 5
-58 -26 5
-51 -26 5
-26 -26 5
-26 -26 5
-2 -26 37
5 -26 54
5 -26 62
5 -26 66
54 -26 66
66 -26 69
69 -10 69
102 -10 69
134 -10 69
134 2 69
134 4 68
134 5 66
134 5 62
134 5 45
134 5 5
134 5 5
6 5 5
85 37 5
69 37 5
62 54 -2
37 45 -10
5 37 -25
5 37 -26
2 -219 -26
-25 5 -26
-26 5 -51
-55 5 -55
-58 5 -55
-58 5 -58
-91 5 -55
-92 2 -57
-123 -2 -55
-123 -10 -55
-123 -23 -51
-123 -23 -26
-123 -26 -26
-123 -26 -25
-98 -26 -10
-92 -51 -2
-87 -51 2
-58 -58 5
-58 -58 5
-51 -58 5
-26 -58 5
-25 -58 5
-2 -57 37
5 -51 37
5 -26 54
5 -26 54
62 -26 54
-10 62 -26
-26 54 -26
-51 37 -26
-58 5 -26
-58 5 -26
-58 5 -26
-91 5 -26
-92 5 -26
-98 5 -26
-98 2 -26
-98 -2 -10
-94 -10 2
-92 -23 5
-91 -26 5
-58 -26 5
-58 -26 5
-58 -26 62
-26 -26 66
-10 -26 68
2 -26 69
5 -26 77
5 -10 134
37 -10 134
68 2 134
69 5 134
134 5 134
134 5 134
134 5 134
134 54 134
134 54 134
134 68 134
137 69 77
134 69 69
135 85 69
134 134 62
134 134 62
134 134 37
134 134 5
77 134 5
66 134 5
54 134 5
5 134 5
5 134 5
5 134 2
2 134 -2
-26 134 -2
-26 85 2
-43 69 -2
-55 69 -2
-58 69 4
-58 62 5
-58 37 5
-58 -219 5
-58 5 5
-58 5 -219
-58 5 38
-51 5 66
-26 5 69
-26 5 69
-10 5 69
2 4 102
5 5 134
5 5 134
37 5 134
62 5 134
69 5 134
85 5 134
134 5 134
134 5 134
134 54 134
134 62 134
134 66 134
137 69 134
141 69 134
137 76 134
137 6 134
134 134 85
134 134 69
134 134 68
134 102 54
134 134 5
69 134 5
66 6 5
13 85 5
5 85 2
5 69 -2
-2 69 -10
-25 62 -23
-26 54 -26
-51 37 -26
-58 5 -26
-58 5 -26
-91 5 -26
-91 2 -26
-91 -2 -26
-94 -10 -26
-98 -26 -10
-91 -26 -10
-91 -55 -10
-58 -58 -2
134 54 5
134 62 5
134 68 4
85 69 -2
69 69 -10
68 69 -26
37 69 -26
5 77 -55
5 69 -58
2 66 -58
-10 62 -58
-26 54 -58
-55 37 -91
-58 5 -91
-87 5 -91
-94 5 -91
-123 4 -58
-123 -10 -58
-124 -10 -58
-126 -26 -55
-130 -26 -51
-124 -26 -26
-123 -58 -10
-123 -58 -10
-92 -58 2
-58 -58 5
-58 -87 5
-51 -91 5
-26 -58 37
-2 -58 62
5 -58 66
5 -58 68
37 -55 68
62 -26 69
69 -25 68
85 -10 69
134 2 69
134 5 68
134 5 69
134 37 66
134 37 54
134 62 37
134 69 5
134 69 5
134 69 5
134 69 5
85 77 5
69 77 2
66 85 -10
62 77 -26
5 69 -44
5 69 -58
2 68 -58
-10 62 -58
-26 54 -58
-26 54 -58
-58 5 -58
-58 5 -58
-91 5 -58
-92 5 -58
-94 5 -58
-123 5 -51
-123 -10 -26
-123 -10 -26
-98 -26 -10
-94 -26 2
-91 -55 4
-58 -51 5
-58 -58 5
-55 -55 5
-26 -58 54
-23 -51 66
-2 -55 68
5 -57 68
5 -26 69
62 -26 69
69 -23 69
85 -2 69
134 5 13
134 5 69
134 5 69
134 5 69
134 5 62
134 37 54
134 37 38
134 54 5
134 66 5
134 68 5
134 69 5
85 85 5
69 85 2
66 85 -10
37 134 -10
5 85 -26
5 134 -26
5 85 -51
-10 85 -51
-26 69 -55
-26 66 -58
-57 62 -58
-58 5 -43
-58 5 -26
-87 2 -26
-91 -2 -25
-91 -10 -10
-91 -26 -2
-91 -26 4
-58 -43 5
-58 -26 5
-58 -51 5
-51 -51 54
-26 -55 66
-10 -51 69
2 -26 69
5 -26 84
5 -26 134
5 -26 134
62 -10 134
69 -10 134
77 -2 134
102 5 134
134 5 134
134 5 134
134 -219 134
134 37 76
134 62 69
134 62 69
134 69 62
134 69 54
134 13 37
134 85 5
77 85 5
69 85 5
66 85 5
37 85 4
5 85 2
5 76 -2
4 69 -10
-2 69 -25
-26 66 -25
-26 62 -25
-51 45 -26
-58 45 -25
-58 5 -25
-58 5 -26
-58 5 -10
-58 5 -2
-58 5 2
-58 5 5
-58 2 5
-58 2 5
-55 -2 5
-26 -10 37
-26 -10 54
-10 -10 62
-2 -2 69
5 -10 77
5 2 78
37 4 134
66 5 134
69 5 134
85 5 134
134 5 134
134 37 134
134 54 134
134 68 134
141 69 134
141 69 134
141 102 134
149 134 134
137 134 85
137 134 69
134 134 62
134 134 37
134 134 5
134 134 5
69 134 5
68 134 5
54 134 2
5 134 -2
5 134 -10
5 134 -25
-2 85 -26
-23 85 -23
-26 68 -25
-51 66 -26
-58 45 -23
-58 5 -10
-58 5 -10
-58 5 -10
-58 2 5
-58 -2 5
-58 -2 5
-58 -10 5
-51 -10 5
-26 -23 45
-23 -26 66
-2 -26 69
5 -26 69
5 -26 77
-94 -55 -87
-94 -58 -87
-98 -58 -58
-98 -58 -58
-94 -58 -58
-92 -58 -58
-91 -58 -58
-122 -91 -58
-58 -91 -58
-58 -91 -55
-58 -91 -51
-44 -91 -26
-26 -91 -26
-23 -91 -26
-10 -91 -10
2 -58 -10
5 -58 -10
5 -58 -2
5 -58 -10
5 -58 -10
37 -58 -10
37 -55 -10
54 -26 -23
54 -26 -25
45 -26 -26
37 -26 -26
5 -26 -26
5 -26 -26
5 -10 -43
5 -23 -55
5 -10 -58
2 -10 -58
-25 -10 -58
-26 -10 -58
-51 -10 -58
-58 -23 -58
-58 -23 -58
-122 -26 -58
-91 -26 -58
-123 -26 -58
-123 -26 -58
-123 -26 -58
-123 -26 -58
-123 -26 -58
-123 -26 -58
-123 -51 -51
-123 -51 -51
-123 -57 -26
-123 -57 -26
-114 -57 -26
-92 -57 -10
-58 -58 -2
-58 -57 2
-57 -58 5
-26 -55 5
-26 -51 5
-2 -43 5
5 -51 5
5 -26 5
5 -26 5
37 -26 5
54 -26 5
68 -10 5
69 -10 5
69 -2 5
69 2 5
77 4 5
77 5 5
69 5 5
69 5 5
69 5 5
69 5 5
66 5 2
37 5 -2
5 5 -10
5 5 -10
5 5 -23
5 5 -26
2 5 -26
-10 5 -26
-26 5 -26
-26 5 -26
-26 5 -26
-51 5 -26
-57 2 -26
-58 -10 -26
-58 -23 -26
-58 -26 -26
-58 -26 -26
-58 -26 -26
-58 -26 -23
-58 -26 -10
-55 -26 -2
-26 -51 4
-26 -26 5
-26 -26 5
-10 -26 5
2 -26 5
5 -26 5
5 -26 5
134 66 54
134 68 37
134 68 37
134 68 5
85 69 5
69 68 5
54 68 5
5 68 2
5 68 -2
5 66 -10
-2 62 -23
-26 54 -25
-43 54 -26
-55 37 -26
-58 5 -26
-58 5 -26
-58 5 -25
-91 5 -23
-91 5 -10
-91 5 -10
-87 2 -10
-58 -2 2
-58 -10 5
-58 -10 5
-51 -23 5
-26 -10 5
-26 -10 5
-10 -23 45
5 -23 54
5 -10 66
5 -10 69
54 -2 69
68 -2 69
69 2 69
134 5 69
134 5 69
134 5 69
134 5 68
134 5 68
134 5 66
134 5 62
134 37 54
134 37 37
134 54 5
134 54 5
85 62 5
69 66 5
66 66 5
54 62 2
5 66 2
5 66 -10
-2 62 -25
-10 54 -10
-26 37 -25
-51 37 -26
-58 5 -26
-58 5 -26
-87 5 -26
-91 5 -26
-91 5 -26
-98 4 -23
-98 2 -10
-94 -10 -2
-92 -10 2
-91 -26 2
-58 -26 5
-58 -26 5
-58 -26 5
-51 -26 5
-26 -26 5
-10 -26 37
4 -26 37
5 -26 62
5 -26 62
54 -26 66
66 -26 66
69 -26 66
76 -10 66
134 -2 66
134 -2 66
134 -2 62
134 4 54
134 5 37
134 5 37
134 5 5
134 5 5
134 5 5
77 5 5
69 5 4
66 5 -2
5 5 -10
5 5 -26
5 5 -26
-10 5 -26
-26 5 -51
-26 5 -51
-58 5 -55
-58 5 -55
-91 4 -57
-92 2 -57
76 2 134
134 5 134
134 5 134
134 5 134
134 5 134
134 5 85
135 5 85
134 37 77
137 54 69
134 54 68
134 62 62
134 66 54
134 69 5
134 69 5
76 69 5
69 69 5
66 69 4
5 69 -10
5 69 -10
4 68 -25
-10 62 -26
-26 62 -26
-26 37 -26
-58 5 -26
-58 5 -26
-58 5 -26
-91 5 -26
-91 5 -26
-92 4 -10
-94 -2 -2
-92 -10 2
-91 -10 4
-91 -10 5
-58 -23 5
-58 -26 5
-51 -26 5
-26 -26 37
-10 -26 54
2 -26 62
5 -26 68
5 -26 69
54 -25 77
68 -25 85
77 -10 134
134 -10 102
134 -2 134
134 5 102
134 5 134
134 5 85
134 5 84
134 5 69
134 37 68
134 62 62
134 62 37
134 66 37
134 66 5
134 68 5
69 66 5
62 68 2
37 68 -2
5 66 -10
5 62 -25
-10 54 -26
-26 37 -26
-26 37 -26
-58 5 -51
-58 5 -51
-58 5 -51
-91 5 -43
-92 5 -26
-94 2 -26
-114 -2 -26
-94 -10 -26
-92 -26 -23
-91 -26 -10
-58 -26 2
-58 -26 4
-58 -26 5
-51 -51 5
-26 -51 5
-10 -51 5
5 -51 45
5 -51 62
5 -51 62
37 -26 66
69 -26 68
77 -26 69
102 -10 69
134 -10 68
134 -2 69
134 5 66
134 5 66
134 5 62
134 5 54
134 5 37
134 5 5
134 5 5
134 37 5
85 37 5
69 45 2
-138 -58 -92
-138 -58 -87
-138 -58 -58
-130 -91 -58
-124 -91 -58
-123 -94 -51
-91 -94 -26
-91 -94 -23
-58 -92 -10
-55 -94 2
-26 -94 5
-2 -94 5
5 -91 5
5 -91 5
37 -58 5
62 -58 5
69 -58 37
85 -51 37
134 -26 5
134 -26 -219
134 -23 5
134 -10 5
134 2 5
134 -2 5
134 5 -2
134 5 -2
85 5 -23
69 5 -26
54 5 -26
-219 5 -51
5 5 -58
5 5 -58
-10 5 -58
-26 5 -87
-57 5 -91
-58 5 -94
-91 5 -107
-98 -2 -123
-123 -10 -107
-126 -26 -123
-130 -26 -94
-138 -26 -91
-138 -51 -58
-138 -55 -58
-138 -58 -58
-130 -58 -55
-124 -58 -51
-123 -58 -26
-98 -87 -26
-91 -58 -10
-58 -91 2
-51 -91 4
-26 -91 5
-2 -91 5
5 -58 5
5 -58 5
5 -58 45
66 -58 37
69 -55 54
84 -51 54
134 -26 37
134 -25 45
134 -10 5
134 -2 5
134 4 5
134 5 5
134 5 5
134 5 2
85 5 -10
69 5 -26
66 5 -26
54 5 -26
5 5 -58
5 5 -58
2 5 -58
-23 5 -58
-26 5 -91
-58 5 -91
-58 5 -92
-94 5 -94
-123 -2 -92
-123 -10 -94
-126 -23 -94
-126 -26 -91
-130 -26 -91
-138 -57 -58
-138 -58 -58
-130 -58 -58
-126 -58 -58
-123 -58 -55
-123 -91 -26
-94 -91 -26
-58 -91 -10
-58 -91 -2
-57 -87 4
-26 -91 5
-2 -87 5
5 -58 5
5 -58 5
37 -58 5
134 134 5
134 134 5
13 134 2
66 134 -10
13 134 -26
5 134 -26
5 134 -51
-2 134 -57
-26 85 -58
-26 77 -58
-55 69 -58
-58 54 -58
-58 54 -55
-91 -219 -55
-91 5 -51
-94 5 -26
-94 5 -26
-92 4 -10
-92 -2 -2
-87 -10 5
-58 -26 5
-58 -26 5
-57 -26 54
-26 -26 66
-10 -26 69
2 -26 85
5 -26 134
5 -26 134
62 -26 134
69 -10 134
85 -10 134
134 2 134
134 4 134
134 5 134
134 5 134
137 5 134
141 37 134
141 45 102
137 62 69
134 69 62
134 69 37
134 69 5
134 69 5
134 77 4
69 85 -23
62 77 -26
5 85 -26
5 84 -51
5 69 -58
-2 69 -58
-26 62 -58
-51 54 -58
-58 54 -58
-58 37 -58
-91 5 -58
-94 5 -58
-123 5 -58
-123 2 -58
-123 -10 -55
-123 -10 -26
-94 -26 -26
-92 -26 -2
-58 -51 5
-58 -44 5
-58 -55 5
-26 -51 37
-26 -51 62
-10 -55 69
5 -51 84
5 -55 102
45 -26 134
66 -26 134
69 -26 134
134 -10 134
134 -2 134
134 2 134
134 5 134
134 5 134
135 5 85
137 5 77
135 45 69
134 62 66
134 68 54
134 69 5
134 69 5
134 69 2
76 77 -2
66 77 -26
54 69 -26
5 77 -26
5 69 -58
-2 69 -58
-26 62 -58
-26 62 -58
-55 45 -87
-58 5 -91
-87 5 -87
-92 5 -58
-107 4 -58
-123 2 -58
5 2 85
5 -2 134
5 2 134
54 -2 134
68 4 134
69 2 134
134 5 134
134 5 134
134 5 134
134 5 134
134 5 134
134 37 134
134 45 134
134 62 85
134 66 69
134 68 69
134 69 54
134 69 37
134 69 5
69 69 5
69 69 5
54 69 5
5 66 -2
5 62 -10
-2 54 -26
-10 37 -26
-26 37 -26
-55 5 -26
-58 5 -51
-87 5 -51
-91 2 -55
-94 -23 -52
-123 -26 -26
-123 -26 -26
-123 -57 -26
-123 -58 -25
-123 -58 -10
-123 -58 2
-94 -91 5
-119 -91 5
-58 -91 5
-58 -94 5
-51 -92 37
-26 -92 37
-10 -91 62
5 -91 62
5 -91 68
37 -58 69
54 -58 69
66 -58 69
69 -58 68
85 -26 66
85 -26 66
134 -26 62
134 -10 37
134 -2 5
134 2 5
85 5 5
77 5 5
69 5 -2
66 5 -10
54 5 -26
5 5 -43
5 5 -57
5 5 -58
-2 5 -58
-26 5 -58
-26 5 -94
-58 -2 -98
-58 -2 -123
-91 -10 -123
-94 -26 -123
-123 -26 -107
-123 -57 -94
-123 -58 -94
-124 -5 -98
-124 -122 -91
-124 -91 -58
-124 -94 -58
-123 -123 -58
-123 -123 -55
-94 -123 -26
-91 -123 -26
-58 -123 -26
-58 -126 -10
-26 -124 2
-25 -124 5
-2 -123 5
5 -123 5
5 -123 5
5 -98 5
62 -94 5
68 -91 5
69 -58 5
77 -58 5
85 -58 5
6 -51 5
134 -26 5
134 -26 2
102 -26 2
End
