0 0 1 0
724 11 8
10 8 -4
11 4 4
4 8 -4
4 4 4
10 8 4
4 -4 -17
11 11 -4
10 4 4
10 -4 -4
10 8 4
8 -4 4
8 -4 -19
11 4 -4
11 4 -4
11 4 10
8 -4 -4
11 4 8
4 4 4
4 4 8
10 4 4
4 4 -4
8 4 -17
4 4 4
11 -4 4
4 8 8
4 -4 11
11 4 8
4 4 4
4 8 8
11 -4 4
8 4 4
4 4 11
11 -4 10
4 4 8
11 -4 10
-4 -4 -4
11 4 11
10 -4 -4
10 -4 11
8 4 4
10 4 10
11 4 11
11 4 8
11 4 4
8 8 8
8 -4 -20
11 4 8
10 4 4
4 -4 11
10 10 10
8 4 8
4 10 8
8 11 10
-4 -4 10
4 11 11
10 8 8
4 8 8
11 -20 4
-4 4 4
-4 4 10
-4 -4 11
10 -4 4
4 -17 4
4 -4 -4
8 4 4
-4 8 8
8 4 4
4 11 11
4 8 4
8 4 8
10 -4 10
8 8 11
8 8 4
8 8 10
-4 4 -4
4 10 8
8 4 11
8 10 11
4 11 11
11 10 10
-4 11 8
4 11 8
-4 11 8
4 11 8
4 4 11
4 11 11
8 4 4
11 8 11
-4 8 11
8 10 10
8 8 11
-4 11 11
-4 -4 11
4 4 11
-4 10 11
-4 11 11
4 11 10
8 4 8
-4 11 11
8 -4 8
11 8 4
11 10 8
11 8 8
4 4 8
10 -4 -4
8 4 11
11 4 4
10 -4 8
8 8 4
11 8 8
10 -4 11
11 4 8
4 4 11
10 -4 8
11 4 4
11 4 11
4 4 8
11 4 8
8 -4 10
11 -4 8
11 4 11
10 -4 4
11 10 11
11 8 4
10 4 11
11 8 10
10 8 8
8 4 11
8 8 11
4 -4 10
4 -4 10
11 -4 10
11 4 8
11 8 -17
8 10 4
10 4 4
10 8 8
11 8 11
10 11 11
8 -4 11
8 4 11
4 4 11
4 4 11
8 4 4
8 8 11
-4 11 11
10 -4 4
8 8 11
4 8 4
8 -4 11
8 11 8
4 8 4
-4 -4 11
4 10 11
-4 11 11
4 8 11
4 -4 4
11 4 11
11 -4 11
4 8 8
-4 4 11
-19 8 11
-4 4 11
11 8 11
-4 11 11
10 8 11
8 11 11
8 4 4
4 -4 11
4 10 11
-4 10 11
-4 8 11
-4 11 8
11 11 8
10 11 10
10 8 11
4 4 8
-4 4 11
4 -4 11
10 8 4
8 10 11
8 11 11
8 8 8
8 4 11
4 11 11
8 8 11
4 4 11
8 -4 11
8 4 11
8 8 11
10 4 11
10 8 11
4 11 8
8 8 10
4 8 11
10 4 8
8 4 8
11 11 11
4 8 11
-4 -85 -132
-4 -85 -148
-4 -88 -132
4 -101 -132
4 -85 -145
-4 -85 -132
4 -81 -132
4 -85 -118
11 -88 -117
4 -85 -117
11 -52 -117
8 -85 -85
11 -52 -85
11 -81 -52
11 -52 -45
11 -52 -49
11 -52 -20
11 -52 -20
43 -51 -4
43 -45 4
60 -20 10
60 -20 11
11 -20 11
43 -4 11
-213 -4 -213
43 10 60
43 10 68
43 11 72
60 11 75
11 11 75
43 11 75
11 43 83
11 60 91
11 60 140
11 60 140
11 75 12
11 68 140
11 82 12
8 75 140
-4 108 83
-20 84 75
-20 140 83
-37 140 75
-20 140 75
-20 140 75
-45 140 72
-52 140 72
-52 140 60
-52 140 43
-52 140 11
-52 140 11
-52 140 11
-52 140 11
-52 140 11
-85 140 4
-52 91 -4
-85 75 -20
-85 91 -20
-101 75 -20
-85 60 -20
-85 60 -20
-81 43 -20
-85 60 -37
-85 11 -20
-52 11 -20
-52 11 -45
-52 11 -20
-52 -17 -45
-52 -20 -20
-52 -20 -49
-49 -45 -45
-52 -51 -51
-45 -52 -45
-45 -85 -45
-20 -85 -20
-20 -86 -20
-20 -117 -20
-20 -117 -20
-20 -117 -20
-20 -117 -20
-20 -118 -4
-20 -124 -4
-4 -132 -4
-4 -124 -4
8 -132 4
10 -132 -4
8 -148 8
11 -132 11
11 -132 8
11 -132 11
11 -132 11
11 -124 10
11 -124 11
43 -120 11
43 -118 11
72 -117 11
74 -117 11
72 -88 11
108 -92 11
19 -85 11
8 11 4
10 8 10
8 10 4
11 10 11
8 8 4
8 10 8
10 8 11
11 8 11
11 8 8
11 11 11
11 -4 10
11 8 8
11 8 11
11 4 11
11 11 11
11 8 8
11 8 8
11 10 11
11 11 11
10 11 8
8 11 8
8 10 10
11 11 8
8 11 8
10 11 -4
11 8 11
8 10 8
10 11 11
11 11 11
11 11 10
11 10 11
11 11 11
11 11 11
10 4 4
11 4 11
11 11 11
11 8 10
11 4 8
11 8 10
11 -4 4
8 8 4
10 10 11
10 8 4
10 10 10
10 8 4
11 8 11
11 8 11
11 8 11
11 11 11
11 8 11
11 11 8
11 11 11
11 11 8
8 11 11
11 11 11
10 11 11
11 10 8
11 10 11
8 8 11
11 8 11
11 8 11
4 4 10
11 10 11
8 8 11
11 11 11
8 8 11
11 8 8
10 11 8
11 4 8
11 10 11
11 8 11
11 4 8
11 10 11
11 4 11
8 11 11
11 4 8
10 8 11
10 4 11
11 4 11
11 11 11
11 8 4
8 10 11
11 4 11
8 8 10
10 4 11
11 8 8
8 4 10
11 11 11
11 11 10
11 11 4
11 10 10
11 10 4
11 8 11
11 8 11
11 10 11
11 4 11
10 8 10
11 10 8
11 8 11
11 8 10
11 11 11
10 11 11
8 11 10
10 11 11
8 11 11
11 11 11
8 8 11
4 10 11
11 11 11
-4 11 10
11 11 10
11 11 11
11 11 8
10 11 11
11 11 11
8 10 8
8 4 11
8 4 11
8 11 11
11 11 11
8 8 11
10 10 11
8 8 11
8 8 11
8 8 11
4 8 11
-4 4 11
8 8 11
4 11 11
11 11 11
10 8 11
8 10 11
11 10 11
10 11 11
10 11 11
8 10 11
8 8 11
11 10 11
10 4 11
10 11 11
-4 4 11
11 11 11
11 8 11
10 4 11
4 11 11
8 10 11
4 8 11
4 11 11
4 11 11
11 8 8
-4 4 11
8 11 11
8 11 11
11 8 11
11 10 11
4 -4 11
4 10 10
8 8 11
10 8 11
-4 11 11
10 4 8
4 4 11
10 -4 8
4 11 11
-4 8 11
11 11 11
8 8 11
4 8 11
10 11 8
11 11 11
10 8 -4
8 11 8
11 4 8
10 4 11
8 10 11
10 10 10
4 8 4
10 8 8
4 8 8
4 10 11
4 8 4
11 4 4
11 10 4
11 -4 11
8 8 10
10 11 10
8 11 11
8 8 11
4 10 10
4 10 4
10 10 8
4 4 11
8 8 11
11 4 11
11 4 8
11 10 11
11 8 8
4 4 8
8 4 11
8 11 11
11 11 8
11 11 11
4 11 11
8 11 11
11 4 10
11 8 10
11 11 4
10 -4 4
10 8 11
11 10 8
8 11 8
11 11 10
11 4 8
11 4 11
11 4 11
8 11 11
11 10 8
10 11 4
4 11 8
11 4 11
11 10 11
10 8 8
8 10 11
8 10 11
8 8 11
11 8 10
10 8 4
8 8 8
11 8 11
8 11 8
4 11 10
11 11 11
11 4 11
11 4 4
10 11 8
11 4 11
10 11 11
4 10 8
11 11 8
11 4 10
11 11 8
10 4 11
11 11 4
11 10 10
11 10 4
8 10 4
10 8 4
8 11 11
10 8 11
11 11 11
8 8 11
11 11 4
10 11 8
11 4 8
11 11 8
8 4 4
11 8 8
8 8 8
11 4 11
8 8 8
4 -4 11
8 11 11
8 11 11
8 11 -4
8 8 8
10 8 8
11 -4 10
11 10 4
8 8 11
8 -20 11
8 -4 8
8 4 -4
11 4 11
4 4 4
10 11 8
11 8 10
4 4 11
8 4 10
10 4 8
11 4 4
10 10 8
4 4 10
8 4 11
8 8 11
-4 8 8
11 -4 4
10 8 4
11 10 11
8 11 8
11 10 4
10 -4 4
8 10 -4
10 11 10
10 10 11
4 8 10
11 11 4
8 11 8
8 8 10
8 8 10
8 8 8
11 8 8
11 4 4
4 -4 11
11 4 8
10 -4 11
11 4 10
4 -4 4
11 -4 4
11 4 11
11 4 11
11 8 4
10 8 11
11 -4 8
11 8 8
10 8 4
11 4 4
11 -4 4
11 -4 10
8 10 11
11 8 10
11 8 11
11 10 10
11 8 10
11 8 11
11 8 8
11 8 -4
10 8 4
11 4 8
4 8 11
11 4 10
11 8 11
11 4 4
11 8 4
11 -4 10
10 -4 11
11 4 4
11 4 8
8 11 8
8 4 11
11 4 8
11 8 4
11 11 4
11 11 10
10 8 11
11 -4 10
11 10 4
11 8 11
10 11 8
11 11 11
8 10 11
11 4 4
11 4 11
8 8 11
11 8 11
11 8 11
11 4 4
11 4 10
10 8 11
11 4 4
11 10 11
11 4 11
11 4 8
11 4 11
11 10 11
11 4 11
11 11 11
4 11 11
11 11 11
11 11 11
11 11 11
10 11 11
11 10 10
8 11 -4
11 10 11
11 10 11
11 11 11
4 11 11
11 10 11
11 10 11
11 8 11
11 8 11
11 8 10
11 11 8
11 11 8
11 8 10
11 10 10
11 4 8
11 8 10
11 11 8
11 10 8
11 4 10
11 11 4
4 11 -4
11 11 8
8 11 8
8 10 10
11 11 10
11 11 11
10 11 11
11 11 8
11 8 11
11 11 11
11 4 11
11 11 11
10 8 11
11 10 10
11 11 11
11 10 11
11 11 11
10 4 11
11 4 11
10 10 11
10 11 11
11 11 11
10 8 11
4 11 11
10 10 11
10 11 11
11 11 11
10 11 11
11 11 11
10 4 11
8 11 11
10 11 11
11 11 11
10 10 11
10 11 11
8 11 11
8 11 11
11 11 11
8 11 11
11 11 11
10 11 10
8 11 8
11 11 4
11 8 11
11 11 10
11 10 11
11 10 11
11 10 8
8 11 8
11 11 11
11 11 11
11 10 11
11 11 11
11 11 11
11 11 11
11 11 4
11 11 10
10 11 8
8 11 8
11 11 8
8 11 11
8 11 8
11 11 8
11 11 8
8 11 11
8 8 8
10 11 10
8 11 10
11 11 11
11 8 11
8 4 11
11 8 8
11 10 4
11 8 11
11 11 8
11 11 10
8 11 10
11 11 8
10 11 11
11 11 11
11 10 11
11 8 11
11 10 8
10 11 8
11 11 11
11 10 8
4 11 10
4 4 11
11 4 10
8 10 11
11 8 10
11 11 11
8 11 8
8 8 8
11 11 11
11 11 11
11 11 8
8 11 8
11 10 10
4 11 11
10 11 11
11 11 10
11 10 11
11 11 11
11 11 10
10 11 10
11 11 8
11 10 11
11 11 -4
11 11 8
10 8 10
10 11 8
10 11 8
11 11 4
4 11 10
11 11 8
11 11 4
11 11 4
10 11 8
11 11 8
11 11 8
11 11 11
4 11 8
11 11 10
10 11 8
11 11 11
8 11 11
11 11 11
11 11 11
10 11 8
10 11 11
11 11 4
11 11 11
10 11 11
11 11 11
11 11 11
8 11 11
10 11 4
11 11 11
10 11 11
11 11 10
10 11 11
11 11 11
11 11 11
11 11 11
11 11 11
11 11 11
10 11 11
11 11 11
11 11 11
11 11 11
8 11 8
10 11 11
10 11 11
10 11 11
11 11 11
10 11 11
11 11 11
11 11 11
11 11 11
11 11 11
11 11 11
10 11 11
10 11 11
11 11 11
10 11 11
10 11 11
11 11 11
11 11 11
11 11 11
11 11 11
11 11 11
11 11 11
11 11 11
11 11 11
11 11 11
11 43 11
11 11 11
10 11 11
10 11 11
11 11 11
11 11 11
8 11 11
8 11 11
11 11 11
11 11 11
11 11 11
11 11 11
11 11 11
11 11 11
11 11 11
11 11 11
11 11 11
11 11 11
11 11 11
11 11 11
11 11 11
11 11 11
11 43 43
11 11 11
11 11 11
11 11 11
11 11 11
11 11 11
11 11 11
11 11 11
11 11 11
11 11 11
8 8 11
8 4 10
10 11 8
8 8 11
4 11 4
11 10 11
8 11 11
8 11 10
10 11 4
11 8 8
11 10 10
11 11 8
-4 10 4
10 11 11
-4 11 10
-4 11 11
10 8 11
8 4 11
11 4 11
11 8 10
11 11 11
11 11 11
8 11 8
-4 11 10
8 8 8
11 4 11
8 4 11
4 11 8
10 11 8
8 4 10
-4 -4 8
10 8 11
4 10 8
10 10 11
11 11 11
11 11 11
11 11 11
10 11 10
10 8 11
11 11 11
8 11 10
8 4 11
8 4 11
4 11 8
11 11 11
11 11 11
4 11 8
8 11 11
11 11 11
11 11 11
11 11 11
10 11 11
11 11 11
11 10 11
11 11 8
11 11 11
8 10 11
8 4 8
10 11 8
4 8 11
10 11 11
10 10 10
8 8 8
11 10 11
11 11 11
11 10 10
11 11 4
11 11 11
11 11 11
11 8 11
11 11 11
11 10 11
8 11 11
11 10 11
11 11 8
4 10 8
11 10 10
11 10 11
11 8 11
10 8 11
11 11 10
11 10 8
11 8 11
11 11 11
10 8 10
10 11 4
10 8 11
11 10 8
11 4 11
11 11 10
11 11 10
11 11 8
10 10 10
11 11 11
11 11 11
11 11 11
10 11 8
10 10 4
11 11 8
8 11 11
-17 11 -4
-20 11 4
-20 11 -4
-37 11 4
-20 11 -4
-20 11 8
-20 11 4
-20 11 8
-37 11 8
-20 11 11
-20 11 4
-20 11 8
-20 11 10
-20 11 11
-20 11 11
-20 11 11
-17 11 11
-20 11 11
-17 11 11
-20 11 11
-20 11 11
-4 11 11
-20 11 11
-20 11 11
-20 11 11
-20 11 11
-4 11 11
-20 11 11
-17 11 11
-4 11 11
-4 11 11
4 11 11
-17 11 11
4 10 11
-4 11 11
10 11 11
11 11 11
10 11 11
10 11 11
4 8 11
4 8 11
4 8 11
8 8 11
8 8 11
8 -4 11
11 4 11
4 11 11
8 8 11
8 4 11
11 10 11
11 4 11
11 4 11
11 -4 11
11 -4 11
11 4 11
11 -4 11
11 -4 11
11 -19 11
11 -4 11
11 -20 11
11 -20 11
11 -20 11
11 -20 11
11 -20 11
11 -20 11
11 -38 11
60 -45 11
-213 -20 11
43 -45 11
11 -37 11
11 -45 11
11 -49 11
43 -45 11
44 -45 10
11 -52 11
11 -52 11
11 -49 11
11 -52 8
11 -38 -4
11 -45 -4
11 -51 4
11 -49 -4
11 -51 -19
11 -51 -4
11 -51 -20
11 -52 -4
11 -52 -4
11 -52 -20
11 -52 -20
11 -51 -20
11 -45 -20
8 -52 -20
11 -52 -17
8 -52 -20
8 -45 -20
8 -51 -20
11 -52 -20
11 -49 -20
8 -45 -20
10 -45 -20
11 11 11
11 4 11
10 8 11
11 10 11
8 10 11
11 11 10
11 11 11
11 8 11
11 11 8
11 11 11
8 4 11
11 8 11
11 10 11
11 4 10
4 4 11
11 8 10
11 11 11
11 4 10
11 8 11
11 4 4
11 10 11
11 10 11
11 10 11
4 11 10
8 4 10
11 4 8
11 8 10
11 10 8
11 8 11
10 8 8
11 4 11
11 8 11
11 10 11
11 11 10
8 8 11
11 8 8
10 8 8
8 8 11
10 8 11
10 10 8
8 10 11
11 10 11
11 4 11
11 -4 11
11 11 4
11 11 11
11 10 4
11 8 8
11 4 11
11 8 11
11 10 11
10 4 10
10 10 4
10 11 11
11 11 8
10 8 8
11 8 11
4 11 11
11 10 8
11 4 11
4 10 10
11 8 10
11 11 11
8 11 8
10 10 11
11 8 11
11 11 11
11 8 11
11 8 8
11 10 8
11 11 11
11 11 11
11 4 11
11 8 11
10 8 10
11 8 8
11 8 11
11 8 11
8 11 11
8 10 11
11 10 11
10 11 11
11 11 4
11 10 11
11 10 8
11 10 11
8 11 11
11 8 10
11 8 4
11 11 8
11 4 10
10 8 11
4 10 10
11 4 11
10 11 10
8 11 8
11 11 11
11 11 8
11 10 8
11 11 10
11 -4 4
10 -4 11
11 4 10
11 -4 10
-4 4 4
10 8 10
4 11 10
11 11 11
10 8 10
11 8 4
11 10 -4
11 4 10
10 4 10
8 8 4
11 4 8
10 -4 10
10 4 4
11 10 4
10 -4 10
8 4 4
-4 4 11
-4 -4 -4
8 4 4
4 -4 4
4 8 4
4 -4 8
8 4 11
4 4 8
8 8 8
8 4 11
8 10 10
8 8 11
-4 8 8
10 4 8
11 8 10
11 4 4
8 8 8
8 4 11
11 8 8
4 8 4
-4 4 8
8 11 -4
8 8 8
11 10 8
8 11 8
4 11 8
10 10 4
8 11 11
8 8 4
8 4 8
8 11 4
8 4 -4
-4 8 4
-4 4 11
4 -4 11
10 8 8
4 4 11
8 4 8
4 -4 10
4 4 11
8 4 11
4 10 4
4 11 8
8 11 8
11 11 4
4 11 -4
8 8 10
10 8 4
4 8 8
8 -4 10
11 8 4
4 8 -4
8 11 4
8 4 -4
8 10 4
4 11 11
11 8 4
-4 8 11
11 4 11
4 10 -4
11 4 11
8 4 11
4 10 10
4 10 8
4 11 4
-4 11 8
8 10 8
10 11 10
8 8 8
8 10 8
4 11 8
8 8 10
4 11 11
-4 11 11
-4 10 11
4 11 10
4 11 11
8 11 11
8 11 11
10 11 11
8 11 4
11 10 4
10 4 8
10 8 11
8 11 8
11 11 8
11 8 8
8 10 11
10 11 8
8 4 -4
4 11 11
4 4 10
11 11 10
11 8 -4
11 11 4
8 11 4
8 4 8
11 10 4
4 4 8
10 11 8
11 8 8
4 10 4
11 8 -20
11 11 4
11 8 11
8 10 8
10 11 8
11 10 4
11 4 -4
10 8 4
4 10 -4
11 11 4
11 8 -4
11 8 -4
11 10 10
10 4 4
11 8 10
11 10 8
8 -4 11
10 11 4
11 4 -19
11 8 8
8 10 4
10 8 4
11 8 4
11 4 8
11 8 4
11 10 4
8 11 10
11 4 4
-4 4 4
8 4 8
11 -4 4
-4 -4 4
10 4 8
11 4 4
11 4 -4
10 8 11
4 -4 4
4 4 -4
4 4 4
10 4 -4
11 11 4
4 4 4
11 4 10
8 8 10
11 4 4
11 8 8
11 8 -20
11 8 -4
8 4 8
11 8 -20
11 -4 8
10 4 -4
8 -4 -4
10 -4 4
8 -4 4
10 8 8
11 4 4
11 4 -17
8 8 -4
11 -4 -19
11 -4 -20
11 8 4
11 -4 4
8 4 -4
11 -4 4
8 4 -4
11 -4 -4
8 -17 -4
8 8 -4
10 4 4
4 4 -4
8 4 -4
8 -4 4
8 -4 11
8 4 -4
11 8 -4
4 -4 4
4 8 -4
4 -4 11
4 -4 10
4 -20 4
4 -17 -4
-4 -17 -20
-4 -4 10
4 -4 -4
4 -4 -4
-4 -4 8
8 -4 10
4 -4 8
-4 -17 8
-4 -4 4
11 -4 8
8 -20 4
8 -4 8
4 8 4
8 -4 4
4 -4 4
4 -19 4
4 -20 8
-4 -19 4
-4 -20 4
-4 -4 11
4 -4 11
4 -4 8
-4 -20 10
4 -4 4
4 -4 8
4 8 10
4 8 4
-19 4 8
-20 -4 -4
4 -4 8
-20 -20 8
-4 -20 4
-20 -4 4
-4 -4 4
-4 8 -4
-4 -17 4
-4 4 4
4 4 8
-4 4 -4
-4 4 -4
4 -4 -4
-4 -17 4
-4 -4 4
-4 4 4
4 -4 11
-4 4 -4
-4 -4 4
4 -4 -4
-20 -4 -4
4 -17 4
-20 -4 8
-4 4 11
-4 4 8
4 -4 -4
4 4 -4
4 8 4
4 -4 -4
-4 -4 -4
-4 4 -17
-4 -4 -4
4 8 8
-4 -4 -4
-4 -4 8
4 10 8
-4 4 4
4 -4 4
-17 -4 8
4 -4 -4
4 -4 4
4 -4 4
-4 4 4
-19 -4 4
-4 -17 -4
-4 -4 -4
-4 4 8
-20 -4 4
-20 -4 4
-4 -4 8
-19 -19 8
-4 -4 -4
-4 -4 8
-4 -4 4
4 -4 10
-4 -4 8
4 -17 10
8 -4 -4
4 -4 8
8 -4 8
-4 -4 4
-4 -4 8
4 -4 8
-4 -4 4
4 4 4
-4 -4 8
-4 -4 4
4 -4 4
11 4 11
11 -4 11
11 8 11
11 10 11
11 10 11
11 11 11
11 11 11
11 4 11
11 11 11
11 11 11
11 10 11
11 11 11
11 10 11
11 8 11
11 11 11
10 11 11
11 11 11
11 11 -213
11 11 51
11 11 11
11 11 11
11 11 -213
10 11 11
10 11 11
8 11 11
4 11 11
4 10 11
10 11 11
8 11 11
11 11 11
11 11 43
11 11 11
11 11 43
11 11 11
10 11 11
8 11 11
11 11 11
11 11 11
11 11 11
11 11 11
11 11 11
11 11 11
11 11 11
11 11 11
11 11 11
11 11 11
11 11 11
11 11 11
11 11 11
11 11 11
11 11 51
11 11 11
11 11 43
11 11 11
11 11 43
11 43 11
11 11 60
11 11 11
11 11 11
11 11 11
11 11 11
11 11 11
11 11 11
11 11 43
11 11 43
11 11 51
11 11 43
11 11 44
11 11 -213
11 11 60
11 11 11
11 11 60
11 11 43
11 11 60
11 11 60
11 11 60
11 11 51
11 11 51
11 11 60
11 11 68
11 11 68
11 11 68
11 11 68
11 11 75
11 11 68
11 11 43
11 11 60
11 11 60
11 11 51
11 11 68
11 11 72
11 11 68
11 11 51
11 11 43
11 11 60
11 11 68
11 11 43
11 11 11
11 11 60
11 11 43
11 11 10
4 11 11
8 11 11
11 11 8
10 11 11
11 10 11
11 11 10
11 11 8
8 11 11
8 11 4
11 11 11
10 10 10
8 10 10
10 11 11
11 11 8
10 11 8
11 11 11
11 11 4
10 11 11
11 11 8
11 11 10
10 11 4
11 10 11
11 8 8
11 10 8
11 8 -4
11 11 8
8 11 8
11 11 8
8 8 8
11 11 4
10 8 8
8 4 8
11 10 11
11 10 11
11 11 8
10 11 8
8 10 4
11 11 8
10 11 8
10 4 -4
10 10 4
11 10 8
4 8 8
11 8 11
11 8 10
4 11 11
4 11 11
8 8 8
8 11 10
11 10 11
4 11 11
4 10 8
10 8 4
11 10 4
11 11 4
8 11 8
8 11 4
11 11 4
10 11 11
8 10 11
11 4 8
8 10 4
11 8 11
4 -4 10
11 8 11
8 8 -4
4 10 10
11 8 11
11 11 10
10 8 11
10 10 11
10 -4 10
8 4 11
10 4 11
4 4 -4
8 4 11
11 10 11
8 11 4
8 4 4
11 11 4
8 8 8
11 11 11
8 11 8
11 8 10
11 8 4
10 10 8
8 8 11
8 10 11
4 11 11
11 10 11
4 4 11
11 11 10
8 8 11
4 11 10
10 10 11
11 11 4
11 8 10
4 4 11
10 4 8
11 11 10
11 11 11
11 4 11
11 4 11
11 8 11
10 4 11
10 10 10
11 8 11
10 8 11
10 4 4
8 11 10
8 10 11
11 8 11
8 11 11
8 10 4
10 8 11
11 8 11
11 4 11
8 4 11
8 11 10
10 11 10
8 4 11
8 10 11
11 4 11
11 10 11
11 10 11
8 10 11
4 8 10
11 8 11
11 11 4
10 11 11
4 4 11
10 8 8
11 11 11
10 -4 11
4 -4 11
10 8 11
4 10 11
4 4 11
8 8 11
10 4 11
10 11 11
4 11 11
11 11 11
-4 11 11
4 4 11
11 4 11
11 11 11
11 10 4
11 8 10
11 8 11
11 8 4
11 10 11
4 10 11
8 10 10
10 4 11
11 8 11
8 11 11
10 10 11
10 8 11
11 8 10
10 11 11
8 8 8
11 8 8
11 8 11
11 8 11
4 4 8
11 11 11
10 10 11
8 8 11
11 8 11
11 8 8
4 8 8
11 11 4
11 8 11
11 8 10
10 4 8
11 8 11
11 4 8
8 4 11
11 8 8
11 11 11
11 8 11
10 10 11
11 8 8
10 8 11
11 8 11
11 10 11
10 8 11
11 8 4
11 4 11
11 11 11
11 8 11
11 10 11
10 11 8
10 10 11
11 4 10
11 8 11
11 11 4
11 11 11
11 8 10
11 8 4
11 8 10
11 4 10
10 -4 8
11 8 8
10 4 10
11 8 4
8 4 11
8 8 11
11 8 8
10 8 4
10 4 8
10 -4 4
8 8 10
-4 4 4
4 -4 8
10 8 8
8 4 10
-4 4 4
11 -4 -4
10 10 11
4 8 4
8 10 11
11 8 11
10 11 11
11 11 8
10 8 8
4 8 10
8 8 4
10 8 11
4 8 4
4 4 8
8 11 4
4 11 4
4 11 8
8 8 11
11 8 10
11 4 11
10 8 4
4 4 11
8 10 11
8 11 8
-4 4 11
10 4 4
8 4 8
8 8 4
4 4 11
8 4 11
8 8 8
8 10 10
-4 4 -4
4 10 10
10 4 8
11 8 4
8 -4 -4
-4 10 8
8 8 4
4 -4 4
4 10 10
4 8 11
8 10 10
8 4 10
4 -4 4
10 4 -4
11 8 11
11 10 11
8 8 8
4 -4 10
10 8 11
4 4 10
8 -4 11
8 11 10
4 11 4
10 4 11
4 8 11
4 10 11
11 11 10
-4 8 -4
8 11 11
8 4 8
11 8 8
4 8 -4
8 8 11
8 4 11
8 4 4
4 -4 4
10 8 4
4 10 10
11 4 10
11 4 8
11 8 10
8 4 8
-4 11 8
11 4 11
10 10 4
10 8 8
4 4 4
-4 4 4
8 11 10
60 -52 68
43 -49 68
60 -52 75
60 -52 72
44 -52 68
43 -52 68
43 -52 51
43 -52 68
11 -52 60
43 -52 60
11 -52 51
11 -52 68
11 -45 11
11 -45 11
11 -45 11
11 -20 11
11 -20 11
11 -38 11
11 -20 11
11 -20 11
11 -20 10
11 -20 8
11 -45 8
11 -45 8
11 -45 10
11 -52 11
11 -49 10
11 -52 10
11 -20 11
11 -20 11
11 -20 11
11 -20 4
11 -37 4
11 -19 -4
11 -20 -20
10 -20 -20
8 -4 -20
4 -17 -45
-4 -4 -52
4 -17 -52
-4 -4 -49
-4 -17 -52
-17 -4 -52
4 -4 -52
4 8 -52
4 4 -52
4 4 -52
8 -4 -45
10 11 -51
11 4 -52
8 11 -52
8 10 -52
4 11 -52
4 10 -52
-4 11 -52
-20 11 -52
-20 11 -85
-17 11 -52
-20 11 -52
-20 11 -85
-20 11 -85
-20 11 -52
-20 11 -52
-20 11 -81
-20 11 -85
-20 11 -81
-20 11 -117
-20 11 -117
-20 43 -85
-20 43 -117
-20 43 -229
-20 60 -108
-20 68 -88
-20 51 -86
-20 72 -88
-20 60 -86
-20 68 -88
-20 68 -85
-20 68 -116
-20 60 -86
-19 68 -52
-20 60 -52
-20 68 -85
-20 68 -85
-20 68 -85
-20 68 -92
-4 60 -85
-20 68 -85
-20 72 -85
-20 74 -85
-20 68 -85
-20 68 -86
-20 75 -85
-20 75 -52
-37 75 -52
-20 75 -52
-20 90 -52
-20 75 -52
-19 75 -52
-20 75 -52
11 4 10
11 8 4
8 10 10
10 8 11
11 4 11
11 11 8
8 4 4
8 10 10
11 -4 8
11 4 -4
11 4 8
8 -4 10
11 8 4
11 4 11
11 4 8
10 4 10
10 10 8
11 4 11
11 -4 11
11 8 8
4 -4 10
4 -4 11
11 10 4
11 4 11
11 -4 4
11 8 4
4 8 11
10 -4 11
11 10 10
11 4 4
8 8 11
8 8 10
11 4 8
10 8 11
11 10 10
10 4 8
11 8 4
11 8 11
11 4 -4
4 -4 4
11 -4 11
4 4 10
11 4 11
11 4 4
11 8 8
11 8 8
11 8 11
8 -4 8
11 4 10
8 -4 10
10 -4 4
11 8 4
11 4 10
11 4 11
10 8 4
11 4 11
11 8 8
11 8 10
11 4 4
11 4 11
11 8 8
11 4 -4
11 -4 10
10 4 10
11 -4 8
11 -4 10
11 -4 11
11 4 10
10 4 8
10 10 11
11 -4 11
8 8 4
11 -4 8
11 4 4
10 8 4
11 4 11
11 8 10
11 4 11
11 4 11
11 8 4
10 8 11
10 4 8
10 10 11
11 4 4
8 10 11
8 8 4
11 4 11
10 4 8
10 8 8
11 4 11
8 4 10
11 8 8
11 4 4
11 10 11
-4 4 8
8 8 11
8 -4 10
8 4 11
10 11 11
-4 8 10
4 11 11
10 8 11
8 10 10
10 11 11
10 11 10
10 4 11
8 4 8
-4 4 11
-4 4 11
8 8 11
-4 4 11
8 11 8
8 10 8
-4 -4 4
8 4 10
4 8 11
4 8 10
8 4 8
4 8 8
4 4 11
-4 4 8
-4 10 8
4 10 4
8 10 11
8 8 11
8 8 11
4 4 11
8 4 10
4 4 8
4 11 11
8 4 11
8 4 11
8 8 11
4 11 10
-4 -4 11
8 4 10
-4 4 8
11 4 10
8 8 10
8 4 11
4 11 10
4 10 11
10 8 11
8 8 11
8 -4 11
11 4 11
10 -4 10
11 8 10
8 8 8
4 8 8
11 8 11
11 4 10
8 10 11
10 -4 8
4 8 11
8 10 11
10 4 11
4 11 11
4 10 11
11 4 11
10 4 4
4 8 8
10 10 11
8 4 4
10 8 8
8 8 4
11 10 10
8 4 11
4 4 8
11 10 -4
8 8 8
10 4 11
11 4 10
11 8 10
11 -4 11
10 8 11
8 8 8
10 11 11
4 4 11
4 4 11
8 8 8
11 11 8
8 10 8
8 11 4
10 4 4
8 11 8
8 4 4
4 4 8
11 11 8
8 8 10
10 4 -4
11 8 11
4 8 11
11 4 11
11 10 11
11 11 8
11 4 11
8 -4 4
4 10 11
10 10 8
11 11 -4
10 10 11
10 8 -4
11 11 -4
8 11 -4
10 8 4
8 11 4
8 8 4
11 8 8
11 8 8
11 11 -4
-4 -4 8
4 11 4
10 8 11
10 8 11
10 10 10
8 11 4
4 10 11
8 11 8
8 10 8
8 8 8
8 10 8
8 8 4
10 11 4
11 11 11
10 11 8
8 11 4
10 11 4
10 10 10
8 10 4
8 11 4
10 11 -4
11 11 11
11 11 8
-4 4 8
10 11 11
8 11 8
11 8 4
4 10 11
10 10 8
8 -4 8
8 8 8
8 10 11
11 11 11
10 11 4
4 11 10
11 10 10
10 8 4
4 10 11
8 10 11
11 4 8
8 11 -4
4 8 11
4 8 11
10 11 11
4 10 11
8 10 4
10 11 11
11 10 4
8 8 11
-4 10 11
4 8 -4
10 11 4
10 11 10
10 8 11
11 11 11
11 11 11
8 10 11
-4 11 11
11 11 11
11 8 11
11 11 11
8 11 11
11 11 4
11 8 8
10 11 8
11 8 10
10 11 8
8 11 10
11 10 11
11 11 11
8 10 4
11 11 11
8 11 11
8 11 11
10 11 4
11 11 8
8 11 10
11 11 11
11 11 11
8 11 10
4 11 11
11 11 11
8 11 8
11 11 11
11 10 8
11 4 10
11 10 8
11 11 11
11 11 8
End
