1 0 0 0
-10 0 1
-11 0 1
-12 0 1
-12 0 1
-13 0 0
-14 0 1
-15 1 1
-15 0 1
-16 1 1
-16 1 1
-17 0 1
-18 1 1
-19 0 2
-21 1 2
-20 1 2
-21 1 2
-21 1 2
-21 1 2
-22 1 3
-23 1 3
-23 1 3
-24 1 3
-25 1 4
-24 1 4
-25 1 4
-26 1 4
-26 1 4
-26 1 4
-26 2 5
-26 2 5
-26 2 6
-26 2 6
-27 2 6
-27 1 7
-27 2 7
-27 2 7
-27 1 7
-26 2 8
-26 2 7
-26 2 7
-26 2 8
-26 3 8
-25 2 8
-27 2 8
-26 2 7
-26 2 7
-27 2 7
-26 2 8
-25 3 7
-26 3 7
-27 2 8
-26 1 8
-26 2 8
-26 3 8
-26 2 9
-26 2 8
-26 2 9
-27 2 10
-26 2 9
-27 3 9
-27 2 10
-26 2 9
-26 2 9
-26 2 9
-26 1 9
-27 2 9
-26 3 8
-26 2 9
-26 2 8
-25 2 8
-25 2 8
-25 2 8
-24 2 8
-24 1 8
-24 1 8
-23 2 8
-23 2 8
-23 2 7
-23 2 7
-23 2 6
-23 2 6
-22 2 6
-22 2 6
-22 1 5
-22 2 4
-21 2 4
-20 2 4
-20 2 3
-19 2 3
-18 2 3
-17 2 4
-17 2 4
-17 1 4
-17 1 3
-17 1 4
-17 1 4
-15 1 3
-16 2 4
-16 1 4
-15 1 3
-14 2 3
-14 2 3
-12 2 2
-12 2 3
-11 2 2
-10 2 2
-9 2 2
-8 2 2
-6 2 2
-5 3 1
-3 3 1
-1 2 0
0 3 0
1 3 0
3 3 0
4 3 0
6 3 -1
7 3 -1
8 3 -1
9 4 -2
11 4 -1
11 4 0
13 4 -1
14 4 -1
15 4 -1
16 3 0
17 4 0
19 4 -1
20 3 0
21 4 0
22 4 1
23 4 1
24 3 0
25 4 0
26 4 0
27 4 0
27 4 0
28 5 0
30 4 1
30 4 0
31 4 0
32 4 0
32 4 -1
33 4 -1
34 4 0
35 4 0
36 4 0
37 4 1
38 4 1
38 4 2
39 4 3
40 4 3
40 4 4
41 4 3
42 4 4
43 4 4
43 4 4
44 4 4
45 4 5
45 4 5
46 4 5
47 3 4
47 4 4
48 3 4
48 3 4
49 3 4
49 3 3
50 3 3
51 3 3
51 3 3
52 3 2
52 3 3
52 3 3
52 2 2
53 2 3
53 2 2
52 1 2
52 2 2
52 2 2
52 1 2
52 1 2
52 2 2
52 1 2
52 1 2
53 1 2
53 1 2
53 1 1
53 1 2
53 1 1
53 1 1
53 1 2
53 0 1
52 0 2
52 0 1
52 0 1
52 0 1
52 0 1
52 0 2
52 0 2
51 0 1
51 0 2
51 0 2
50 0 2
50 0 2
49 0 2
49 0 1
49 0 1
48 0 1
47 0 1
47 0 1
47 0 1
46 0 2
46 0 2
45 0 3
44 0 3
44 0 5
43 0 5
43 0 5
42 1 6
42 1 6
41 1 6
40 1 7
41 1 8
40 1 8
38 1 10
38 1 10
37 1 11
36 1 11
36 1 12
35 1 13
34 1 13
34 1 13
33 1 12
32 1 12
32 1 11
32 1 11
31 2 10
30 2 8
30 2 8
29 2 6
28 1 6
28 2 5
27 1 6
26 1 6
25 2 5
24 2 3
24 2 3
23 2 1
23 1 1
-9 0 1
10 10 6
11 11 6
11 12 7
13 13 8
14 14 8
14 15 9
15 16 10
16 16 10
16 17 12
17 18 12
16 17 12
17 18 14
16 18 14
16 19 14
15 18 14
15 18 14
16 18 14
15 17 14
15 17 13
14 16 12
13 16 11
12 15 12
11 14 11
11 13 10
10 12 10
9 11 9
8 10 8
7 9 8
6 7 8
5 7 6
4 5 6
3 4 5
2 3 4
1 2 4
0 0 3
-1 0 3
-2 -2 1
-3 -3 1
-4 -4 0
-5 -5 -1
-6 -6 -1
-7 -8 -2
-9 -9 -3
-9 -11 -3
-10 -11 -4
-12 -12 -5
-12 -13 -5
-13 -15 -6
-15 -16 -7
-16 -17 -7
-16 -18 -9
-17 -20 -9
-18 -21 -9
-19 -21 -10
-19 -21 -11
-20 -22 -11
-20 -23 -11
-20 -23 -12
-21 -23 -12
-19 -22 -13
-18 -21 -13
-16 -20 -13
-14 -18 -14
-13 -16 -13
-10 -14 -12
-9 -12 -10
-7 -11 -9
-6 -9 -7
-4 -8 -6
-3 -6 -4
-2 -5 -2
-1 -3 -1
1 -2 1
2 0 3
4 1 4
4 2 5
6 4 7
6 4 8
7 5 9
8 5 10
8 7 11
9 7 11
9 8 12
9 8 13
10 9 13
9 9 13
10 9 13
10 10 14
11 10 14
11 10 14
11 10 13
11 10 14
11 11 14
11 11 13
11 11 15
12 11 14
12 11 13
12 12 13
13 12 13
13 12 13
13 12 13
13 13 13
14 13 14
15 14 14
15 14 14
15 14 14
15 15 14
16 15 15
16 15 15
17 16 15
17 16 15
17 16 16
18 17 16
19 17 16
18 17 16
18 17 16
18 17 16
17 17 16
18 17 16
18 17 17
18 17 16
17 17 16
18 17 16
18 16 16
18 17 16
17 17 15
17 17 15
17 17 15
17 17 15
18 17 15
17 17 14
17 17 15
17 17 14
17 17 14
17 17 14
17 17 13
17 17 14
16 17 13
16 16 12
15 16 12
15 15 11
15 15 11
15 14 10
14 13 9
14 12 8
13 12 7
12 10 6
11 9 4
10 8 3
9 7 2
8 5 1
6 4 0
6 2 -2
4 1 -4
3 0 -4
1 -2 -6
0 -3 -7
0 -4 -8
-3 -6 -9
-3 -7 -11
-4 -8 -11
-5 -9 -12
-6 -10 -13
-6 -11 -13
-7 -11 -13
-7 -12 -13
-7 -12 -13
-6 -11 -13
-5 -10 -13
-4 -9 -12
-3 -8 -11
-2 -8 -10
0 -6 -10
1 -5 -9
2 -4 -7
4 -2 -6
5 -1 -4
6 0 -2
7 3 0
9 3 0
9 4 3
10 4 4
11 6 4
11 6 6
12 8 7
12 8 8
13 8 9
13 9 10
14 10 11
13 10 11
13 10 12
14 11 11
13 10 12
13 11 12
12 11 12
13 11 13
12 11 13
12 11 12
12 11 12
11 11 12
12 11 12
12 11 12
12 11 12
11 11 12
11 11 11
11 12 12
11 11 12
12 12 11
12 12 11
12 12 11
12 11 12
11 12 11
12 11 11
12 12 12
11 12 11
12 13 11
12 13 12
12 13 12
13 13 12
13 13 12
13 13 12
13 13 12
13 13 13
12 13 12
13 14 12
13 13 12
13 14 12
14 14 13
14 14 13
14 14 13
14 14 13
14 14 13
14 15 13
14 15 13
14 15 14
14 15 14
15 15 14
15 15 14
14 16 14
15 15 14
15 16 14
15 16 14
15 15 14
15 15 14
15 15 13
15 15 13
14 14 13
14 14 12
14 14 12
9 9 5
6 7 10
7 8 10
8 8 10
7 8 11
7 8 11
8 8 11
8 9 12
8 9 12
8 9 11
8 9 12
8 9 13
8 9 13
8 9 13
9 10 14
8 10 13
8 9 13
8 10 12
8 9 12
9 9 11
8 9 11
7 9 10
7 9 10
7 8 9
7 8 9
6 8 8
6 7 7
5 6 6
4 5 5
5 5 5
3 4 3
3 4 3
2 3 2
2 2 0
1 1 0
0 1 0
0 0 -2
-1 -1 -3
-1 -2 -2
-2 -3 -4
-3 -4 -5
-3 -5 -6
-4 -5 -6
-4 -5 -7
-4 -6 -7
-4 -6 -7
-4 -6 -7
-4 -6 -7
-4 -6 -7
-4 -7 -7
-4 -6 -7
-4 -6 -7
-3 -6 -7
-3 -5 -7
-2 -5 -6
-2 -5 -6
-1 -4 -6
0 -3 -5
0 -3 -4
0 -2 -3
0 -2 -3
0 -2 -1
0 -1 -1
1 -1 0
1 -1 0
1 0 1
1 0 2
1 -1 1
2 0 1
1 0 2
1 0 2
1 0 2
1 0 3
1 0 2
1 1 3
3 1 3
1 1 3
2 1 3
2 0 4
2 2 3
1 2 3
2 2 4
2 2 4
2 2 4
2 3 4
3 3 5
3 3 4
3 4 5
3 4 5
4 4 6
4 4 6
4 3 7
4 4 7
3 4 7
4 5 7
4 4 8
5 5 8
4 5 8
5 6 8
5 6 9
5 6 9
5 6 9
6 6 9
6 6 10
6 6 10
6 7 10
6 7 10
7 7 9
7 8 11
8 7 11
8 8 11
7 8 11
8 8 11
8 8 12
8 9 12
8 9 12
8 9 12
8 9 12
8 10 12
9 10 12
8 10 13
9 10 13
9 10 13
8 10 13
9 10 13
8 10 12
8 10 12
8 9 11
8 9 11
8 9 11
8 8 10
7 8 9
6 8 8
6 7 8
6 7 7
6 6 6
5 5 5
4 5 4
3 4 3
4 4 2
3 3 2
2 2 1
2 2 0
2 1 0
1 0 -1
0 0 -2
0 -1 -2
-1 -2 -4
-2 -3 -5
-2 -3 -4
-3 -5 -5
-4 -5 -6
-4 -6 -7
-4 -6 -7
-4 -7 -8
-4 -6 -8
-5 -7 -8
-4 -7 -7
-4 -6 -7
-4 -6 -8
-4 -6 -7
-4 -6 -7
-3 -5 -7
-3 -5 -6
-2 -4 -5
-2 -4 -5
0 -3 -5
-1 -2 -4
0 -1 -2
1 -1 -2
1 0 0
2 0 0
2 0 1
2 1 2
2 2 2
2 2 3
3 2 4
3 3 4
3 3 4
4 4 4
3 4 4
4 5 6
4 4 6
4 4 6
3 4 6
4 5 7
4 6 7
4 5 7
3 5 8
4 5 8
5 5 8
4 5 8
4 5 8
4 5 8
4 6 7
4 5 8
4 6 7
3 5 7
4 5 7
3 5 7
4 5 7
4 5 7
4 5 8
4 5 7
5 5 7
4 4 7
4 5 7
4 5 7
4 5 6
4 5 7
4 5 7
4 5 6
4 5 8
4 5 7
4 5 7
5 5 6
4 5 6
4 6 7
5 5 6
5 6 6
5 6 7
5 6 8
6 6 8
6 7 8
6 6 8
6 6 8
7 7 8
6 7 8
7 8 9
7 8 10
7 7 10
8 8 10
7 8 10
7 8 10
7 8 10
7 8 10
8 8 9
7 8 8
7 8 9
7 7 8
6 7 7
6 7 7
6 7 7
6 7 7
5 6 6
5 6 5
5 5 5
4 5 4
4 4 4
4 4 3
6 7 9
8 5 10
8 5 10
8 6 10
8 5 10
8 6 10
8 5 11
8 6 11
8 5 11
8 6 11
8 6 11
8 6 11
8 7 10
8 7 11
8 8 11
9 7 11
9 8 11
9 8 11
9 8 12
9 8 12
10 8 12
10 8 13
10 8 13
9 8 13
10 8 13
9 8 12
9 7 12
8 7 12
8 6 11
8 5 10
7 4 10
5 4 8
5 3 8
4 2 7
4 1 6
3 -1 5
1 -1 4
1 -2 3
0 -4 2
-1 -4 0
-3 -6 0
-3 -7 -1
-4 -9 -2
-6 -9 -3
-6 -10 -4
-6 -10 -5
-6 -10 -5
-5 -10 -5
-5 -10 -5
-4 -9 -4
-4 -8 -5
-2 -6 -4
-1 -6 -3
-1 -5 -4
2 -2 -3
3 -2 0
4 -2 1
5 0 2
5 0 4
5 -1 5
5 0 5
5 1 7
6 1 7
6 0 7
5 0 8
5 0 8
4 0 6
4 -2 6
3 -1 5
3 -2 4
2 -3 4
1 -3 3
1 -4 3
0 -5 3
0 -5 2
-1 -5 1
-1 -6 1
0 -5 1
0 -5 1
0 -5 0
0 -4 1
1 -4 1
2 -3 2
3 -3 3
3 -2 3
4 -1 3
5 0 4
6 1 4
6 1 5
7 1 6
7 2 7
8 2 8
8 3 9
9 3 9
8 3 9
9 4 9
9 4 10
9 4 10
9 4 11
8 4 11
8 5 11
8 5 10
8 5 10
8 5 10
8 6 11
9 5 11
8 5 11
8 5 11
8 6 11
8 6 11
8 6 11
9 6 11
9 6 11
9 6 12
9 6 12
9 5 12
9 6 12
9 6 12
9 5 12
9 6 11
8 5 11
8 4 11
8 3 10
8 3 9
6 3 9
6 2 7
5 1 6
4 0 5
3 0 5
2 -3 4
1 -3 3
0 -4 2
0 -5 1
-1 -6 0
-2 -8 -1
-3 -9 -2
-4 -11 -3
-5 -11 -4
-5 -12 -5
-5 -11 -5
-5 -12 -5
-5 -12 -5
-5 -11 -5
-4 -11 -4
-4 -9 -5
-2 -8 -5
-1 -7 -5
0 -7 -4
3 -4 -3
3 -4 0
4 -3 1
5 -1 3
5 -2 4
5 -2 4
5 -1 5
6 -1 5
5 -2 6
5 -2 6
4 -4 6
4 -3 5
3 -4 4
2 -5 3
1 -6 2
0 -6 0
-1 -7 0
-2 -8 0
-4 -9 0
-4 -9 -1
-4 -10 -1
-4 -9 -2
-3 -9 -3
-3 -8 -3
-2 -8 -2
-1 -7 -2
0 -6 -1
0 -5 -1
1 -4 0
3 -2 0
3 -1 1
4 0 2
5 0 4
6 2 4
7 2 6
7 3 6
8 4 7
8 4 8
8 4 8
8 5 10
9 6 10
9 5 10
9 5 11
8 5 11
8 5 11
8 6 11
8 6 11
8 6 11
8 6 11
9 5 12
9 6 12
9 7 12
9 8 12
9 7 12
10 8 12
10 8 13
11 9 13
11 9 13
11 9 14
11 9 14
11 10 15
11 11 14
11 10 14
11 10 14
11 10 14
11 10 13
10 9 13
10 9 13
9 9 12
9 8 11
8 7 10
7 6 9
6 6 9
6 4 8
5 4 7
4 3 6
4 1 5
2 0 4
2 0 3
1 -1 3
1 -3 2
-1 -4 0
-1 -5 0
-2 -6 -1
-2 -7 -2
-2 -6 -3
-2 -7 -2
-2 -7 -2
-3 -6 -3
-1 -6 -3
-1 -5 -4
1 -2 -4
2 -2 -3
3 -1 -3
4 1 -1
6 1 0
6 2 1
7 3 4
7 3 5
8 3 5
8 4 5
8 4 5
8 5 9
0 10 1
0 11 1
-1 11 1
0 11 2
0 11 2
-1 12 1
0 12 3
0 11 2
0 11 2
0 11 3
0 11 3
0 9 3
1 9 3
0 9 3
0 8 4
0 7 4
0 6 3
0 6 3
1 5 3
1 4 4
1 4 3
1 3 3
1 3 4
1 1 3
1 2 3
1 1 3
1 1 3
1 0 3
1 0 3
1 -1 3
1 0 3
1 0 2
1 0 3
1 -1 2
1 -1 2
1 0 2
1 0 1
1 0 2
1 -1 2
1 -1 1
0 -1 1
1 -1 1
1 -2 2
1 -2 1
1 -1 1
1 -2 1
1 -2 1
1 -2 1
1 -2 1
1 -2 0
1 -2 0
1 -2 1
1 -2 0
1 -3 0
1 -2 0
1 -2 0
1 -2 -1
1 -3 0
1 -2 0
1 -2 0
1 -2 0
1 -2 0
1 -2 0
1 -3 0
1 -2 0
0 -2 0
1 -2 0
1 -2 1
1 -2 0
1 -3 1
1 -2 0
1 -2 0
1 -2 0
1 -1 1
1 -2 1
1 -1 1
2 -1 1
2 -1 1
2 0 2
2 -1 2
1 -1 2
1 0 1
2 0 2
2 0 2
2 0 2
2 0 3
2 1 3
2 0 3
2 0 3
3 1 3
2 1 3
3 1 3
3 0 4
3 1 4
3 2 4
3 2 4
3 2 4
3 3 4
3 2 4
3 2 4
3 2 4
3 3 4
4 3 4
3 3 4
3 3 4
3 3 4
3 3 4
2 3 4
4 2 4
3 3 4
3 3 4
3 3 4
4 3 5
3 3 4
3 2 4
3 2 4
2 2 4
3 2 4
3 2 4
3 1 3
2 2 3
3 2 3
3 1 3
3 1 3
3 2 2
3 1 2
2 1 1
2 1 2
2 1 2
2 1 1
1 1 1
2 1 1
2 1 1
1 0 1
1 0 1
2 0 0
1 0 0
1 -1 0
1 0 0
1 0 0
1 0 0
1 -1 0
1 -1 0
1 -1 -1
0 -1 0
1 -1 -1
0 -1 0
0 -1 -1
0 -2 -1
0 -2 0
0 -2 -1
0 -2 0
0 -2 -1
0 -1 0
1 -2 -1
0 -2 0
0 -2 -1
0 -2 0
0 -2 -1
0 -1 0
0 -1 0
0 -1 -1
0 -1 -1
0 -1 0
0 -1 0
0 -1 0
0 -1 -1
0 -1 0
0 -1 0
0 0 0
0 0 0
0 0 1
0 -1 1
0 -1 1
0 0 1
0 0 1
0 0 2
0 0 1
0 0 1
0 1 2
0 1 2
0 1 2
1 2 3
1 2 3
1 2 3
1 2 3
1 2 4
1 3 4
1 3 4
1 3 4
2 4 4
1 4 4
1 3 4
2 4 4
1 4 5
2 4 5
2 4 5
2 5 5
2 4 5
2 5 6
2 5 5
2 4 6
2 5 6
2 5 6
2 5 5
2 5 6
2 5 6
2 5 6
2 5 6
2 5 6
2 5 6
3 5 6
2 4 7
2 4 6
1 4 6
2 4 6
2 4 7
2 4 6
2 4 6
2 4 6
2 4 6
2 4 6
2 4 6
1 4 5
2 3 5
2 3 5
2 3 5
2 3 5
1 3 4
1 3 5
1 3 4
1 2 4
1 2 4
1 2 3
1 2 4
1 1 4
0 2 4
1 1 3
1 2 3
1 2 4
1 1 4
1 1 3
1 1 3
1 1 3
0 1 2
0 1 3
0 1 3
0 1 2
1 1 2
-1 9 0
10 3 5
11 4 6
12 4 7
12 4 7
13 5 9
14 4 9
14 5 9
15 6 11
15 6 11
15 6 11
15 6 11
15 7 11
15 7 11
14 7 11
14 6 11
14 7 11
14 7 11
13 8 10
12 8 10
12 7 10
11 7 9
11 7 9
10 7 9
10 6 8
9 7 8
9 6 7
8 7 7
8 6 6
8 6 5
6 6 5
5 6 4
4 5 4
3 5 3
2 4 3
1 4 2
0 4 1
-1 3 0
-2 3 0
-3 2 -1
-5 2 -2
-5 1 -3
-7 1 -4
-8 0 -5
-8 0 -5
-10 -1 -7
-11 -2 -7
-12 -2 -8
-13 -3 -8
-13 -3 -10
-14 -4 -10
-16 -6 -10
-17 -6 -12
-18 -6 -12
-19 -7 -14
-20 -8 -15
-21 -9 -16
-22 -10 -17
-23 -12 -18
-25 -13 -19
-25 -13 -21
-25 -12 -22
-23 -12 -21
-24 -14 -20
-23 -13 -18
-22 -13 -18
-20 -12 -19
-18 -9 -18
-16 -9 -16
-15 -7 -15
-13 -6 -14
-12 -5 -12
-11 -4 -10
-10 -2 -9
-8 0 -8
-6 1 -7
-5 1 -5
-4 2 -3
-4 2 -2
-4 3 0
-3 3 0
-2 4 0
-2 3 1
-2 3 2
-2 3 2
-2 2 2
-2 2 2
-3 2 2
-2 2 1
-2 1 2
-2 1 2
-2 1 2
-3 1 2
-2 2 2
-2 2 2
-1 3 2
0 3 3
0 5 3
1 5 3
2 6 4
3 7 5
4 8 6
5 8 6
6 9 8
7 10 9
8 11 9
9 11 11
9 12 11
9 12 12
10 12 12
10 12 12
10 12 13
10 12 14
10 11 14
10 11 14
10 11 13
10 11 14
9 10 13
9 10 13
9 9 13
9 9 12
8 8 12
9 8 13
9 8 12
9 8 12
9 8 12
9 8 11
9 8 12
9 8 12
10 8 12
9 8 13
9 8 13
9 8 13
10 8 12
10 7 13
10 8 13
9 8 12
9 7 12
9 6 12
9 6 12
9 5 12
9 4 11
8 4 11
8 4 11
7 2 10
8 2 9
7 1 9
6 0 9
5 -1 8
5 -2 7
5 -3 6
4 -5 5
3 -5 5
2 -7 4
1 -8 3
0 -9 2
0 -10 1
-1 -10 0
-1 -12 0
-2 -13 1
-2 -13 0
-3 -12 0
-2 -11 -1
-1 -11 -1
0 -10 0
0 -8 0
2 -8 1
2 -7 2
3 -7 2
4 -5 2
5 -4 3
6 -3 5
7 -3 6
8 -2 6
8 -2 7
8 0 8
9 -1 9
9 -1 9
9 0 9
9 0 10
9 0 10
9 0 10
9 0 10
9 0 10
8 0 10
8 0 10
8 0 10
8 0 10
8 0 10
8 0 10
8 0 9
7 0 9
7 0 10
7 0 9
8 1 9
7 0 9
8 1 9
8 1 9
9 1 9
9 2 10
9 3 10
10 3 10
11 4 10
11 4 10
12 6 11
12 6 12
13 7 12
13 8 13
14 9 13
15 9 14
15 9 15
15 10 15
15 10 15
15 10 15
15 11 16
15 10 16
15 10 16
15 10 16
15 10 16
15 10 16
14 9 16
14 9 16
14 10 15
14 10 15
14 10 15
14 10 15
14 10 14
13 10 15
13 9 15
14 10 14
13 10 15
13 10 14
13 10 14
13 10 14
13 10 14
13 9 14
14 9 13
12 9 14
13 8 14
12 9 13
12 8 13
12 7 12
12 8 12
13 6 11
11 6 11
11 5 11
11 4 11
10 4 10
10 3 11
9 3 9
9 2 4
8 10 7
9 10 7
10 11 8
10 13 8
11 12 9
11 13 9
12 14 10
12 14 10
12 14 10
12 14 11
12 14 11
12 13 12
12 14 11
11 14 11
10 13 11
11 13 11
11 12 11
10 11 10
9 11 9
9 11 9
8 10 9
8 10 8
7 9 8
6 8 7
6 7 7
5 7 7
4 6 6
4 5 5
3 4 5
3 3 5
2 2 4
1 3 4
0 0 3
-1 0 3
-1 -2 2
-2 -3 1
-3 -4 0
-4 -5 0
-5 -6 -1
-6 -8 -2
-7 -8 -2
-7 -9 -2
-8 -10 -4
-8 -12 -4
-10 -13 -5
-10 -14 -6
-12 -16 -6
-12 -16 -7
-14 -17 -8
-14 -18 -8
-15 -19 -8
-16 -20 -10
-17 -21 -10
-18 -22 -10
-19 -24 -12
-20 -25 -12
-21 -25 -14
-22 -26 -14
-24 -28 -15
-24 -28 -16
-26 -30 -17
-26 -30 -18
-27 -30 -19
-27 -28 -21
-23 -26 -21
-22 -24 -20
-20 -22 -19
-18 -20 -17
-17 -19 -15
-15 -17 -13
-13 -16 -12
-12 -14 -10
-10 -13 -8
-9 -11 -6
-8 -10 -5
-6 -8 -4
-5 -8 -1
-4 -7 0
-4 -7 1
-3 -6 2
-3 -6 3
-3 -6 3
-3 -6 3
-2 -6 4
-3 -6 3
-3 -5 3
-3 -5 3
-3 -5 3
-2 -4 3
-2 -4 3
-2 -3 3
-1 -2 2
0 -2 3
0 0 4
1 0 4
1 1 4
3 2 5
4 4 6
5 4 7
7 6 8
8 7 9
8 8 11
10 8 12
10 9 12
11 10 13
11 10 14
12 11 15
12 11 15
13 11 15
13 11 15
13 11 16
13 12 16
13 12 16
13 12 15
13 12 16
13 12 16
13 12 16
13 12 15
13 13 16
13 13 15
13 12 15
13 12 16
13 13 15
13 13 15
13 13 15
13 13 15
13 13 15
12 13 14
13 13 14
13 13 14
13 13 14
13 13 14
13 13 14
13 13 14
12 12 15
12 12 13
13 12 13
12 13 12
11 12 11
12 11 11
12 11 11
11 11 10
11 11 10
10 9 10
10 9 9
10 8 9
9 7 8
8 7 7
8 6 6
7 5 6
6 4 5
6 4 4
5 3 4
4 3 4
4 2 2
3 1 1
3 0 2
2 0 1
1 -1 0
1 -2 -1
0 -3 -1
0 -4 -2
-1 -5 -3
0 -4 -4
-1 -4 -4
0 -3 -4
1 -2 -4
1 -2 -3
2 0 -2
3 0 -1
4 1 0
5 2 1
6 4 2
8 4 3
9 6 4
10 6 5
11 7 6
11 7 8
11 8 8
11 8 10
11 8 10
11 8 10
11 8 10
11 8 10
11 8 10
10 8 10
10 7 10
10 7 9
10 7 9
9 8 9
9 8 9
9 8 9
9 8 8
11 8 8
10 9 8
10 9 9
11 9 9
11 10 10
12 10 9
12 11 11
12 11 11
13 12 11
13 12 11
13 11 12
13 12 12
14 12 14
14 14 13
15 14 13
15 14 13
15 15 14
16 16 15
16 16 15
17 17 15
17 17 15
17 17 16
17 17 16
18 17 16
18 17 16
17 17 17
18 18 17
18 18 17
19 17 17
17 17 17
18 17 17
17 18 16
17 17 16
17 18 16
17 17 16
17 17 15
17 17 16
16 17 15
16 17 15
16 17 15
16 17 14
15 17 14
15 17 14
16 17 14
15 17 13
15 16 13
15 16 13
15 16 13
15 15 12
14 14 12
14 14 11
14 14 11
14 13 10
13 12 10
13 12 9
12 11 8
8 9 7
10 6 7
10 7 8
11 7 8
11 8 9
11 8 10
11 8 10
12 9 10
12 9 11
12 9 11
12 9 11
12 9 11
12 9 12
12 9 11
12 9 11
11 9 11
11 9 11
11 9 10
9 8 10
10 8 9
9 8 9
8 8 9
8 7 8
8 7 8
7 6 8
6 6 7
6 6 7
5 5 6
4 5 5
4 4 5
3 4 5
3 3 4
2 3 4
0 2 3
0 1 3
-1 1 1
-1 0 0
-3 -1 0
-4 -2 -1
-4 -2 0
-5 -3 -2
-6 -4 -3
-7 -4 -4
-8 -5 -4
-9 -6 -5
-10 -7 -5
-11 -7 -6
-12 -9 -7
-12 -9 -8
-14 -10 -9
-15 -11 -10
-16 -12 -10
-17 -12 -11
-17 -13 -11
-18 -13 -12
-18 -14 -12
-17 -12 -14
-14 -10 -13
-13 -10 -11
-12 -10 -10
-11 -8 -10
-8 -7 -9
-7 -5 -8
-6 -4 -7
-5 -3 -4
-4 -3 -3
-3 -2 -1
-3 -1 -1
-2 0 0
0 1 1
0 1 2
0 0 3
0 0 4
0 0 4
0 0 4
-1 -1 4
-1 0 3
-1 -1 3
-2 -2 3
-2 -1 3
-3 -2 2
-3 -2 1
-4 -3 0
-4 -3 1
-4 -2 0
-4 -2 0
-3 -2 1
-3 -1 1
-2 -1 1
-1 0 1
-1 0 1
0 0 2
1 2 3
1 3 4
3 4 4
4 4 5
4 5 5
6 6 7
6 6 8
7 7 9
7 8 9
8 8 10
8 8 10
9 8 11
8 8 12
8 8 11
8 8 11
8 8 11
8 7 11
8 7 11
7 7 11
7 8 10
7 7 11
7 6 10
8 7 10
6 7 9
6 7 9
7 8 10
6 7 11
7 7 10
7 7 10
7 8 9
7 8 10
7 8 10
8 8 10
8 8 10
8 9 11
8 8 11
8 8 10
8 8 10
8 8 10
7 7 10
7 7 10
7 7 9
7 6 9
7 6 8
6 6 8
6 5 8
6 5 7
5 4 7
5 4 8
5 4 6
4 3 6
4 3 5
4 2 5
3 2 5
3 1 5
3 1 4
3 0 4
2 0 3
2 0 3
1 -1 3
1 -2 2
1 -2 2
0 -3 1
0 -3 1
0 -4 1
0 -5 0
-1 -4 0
-2 -5 0
-1 -5 0
-1 -5 0
-1 -5 0
-1 -5 0
0 -4 0
0 -4 -1
0 -3 0
1 -2 0
2 -2 0
2 -2 1
3 -1 2
4 -1 2
4 0 3
5 0 4
5 1 4
5 1 5
5 1 5
5 2 6
6 1 5
5 1 6
5 1 6
5 1 6
5 1 6
5 1 5
4 1 6
4 1 6
4 1 5
4 1 5
4 0 5
4 0 5
4 1 5
4 1 4
4 1 5
4 1 5
4 2 5
5 2 5
5 2 5
5 2 6
6 3 6
6 3 6
6 4 7
6 4 7
7 4 7
8 4 8
7 5 8
8 6 8
8 6 8
8 6 8
8 6 9
9 7 10
9 6 9
9 7 9
9 7 9
10 8 10
9 8 10
9 7 10
10 8 11
9 8 10
9 7 10
9 8 10
9 8 10
9 7 11
9 8 10
9 7 9
9 7 10
9 8 9
9 8 10
9 8 10
9 8 9
9 7 9
9 8 9
9 7 9
8 8 9
9 7 9
9 7 9
9 7 9
8 8 9
9 7 9
9 7 9
9 7 8
9 7 9
9 7 9
9 6 9
8 6 8
8 6 8
8 6 8
8 5 8
8 5 7
7 5 7
7 4 7
9 6 6
9 10 7
10 11 7
10 12 8
11 13 8
12 14 9
12 15 9
13 16 10
13 16 10
14 16 11
14 17 11
14 17 11
14 18 12
14 18 12
14 18 12
14 18 12
14 18 13
14 17 13
14 17 12
13 16 12
12 16 11
12 16 11
11 15 11
11 14 11
9 13 10
9 12 10
8 11 9
7 10 8
6 9 7
5 8 6
4 7 7
3 5 5
2 4 4
0 3 4
0 1 3
-1 0 1
-2 -1 1
-3 -2 0
-5 -4 0
-6 -5 -1
-7 -6 -1
-8 -7 -2
-9 -9 -4
-10 -10 -5
-11 -11 -4
-12 -13 -5
-13 -13 -7
-15 -14 -7
-16 -16 -8
-17 -17 -9
-18 -18 -10
-18 -19 -12
-21 -20 -13
-21 -21 -13
-22 -22 -15
-24 -23 -16
-25 -24 -17
-25 -25 -18
-26 -26 -19
-27 -26 -20
-26 -25 -22
-25 -23 -22
-23 -23 -20
-21 -22 -19
-20 -21 -17
-19 -21 -16
-17 -20 -16
-16 -18 -15
-14 -17 -13
-12 -15 -13
-11 -13 -12
-9 -12 -10
-8 -10 -8
-7 -9 -7
-5 -7 -5
-4 -5 -3
-2 -4 -2
-2 -4 0
-1 -3 1
0 -2 2
0 -2 3
0 -1 4
1 0 4
2 0 4
2 1 5
3 2 6
4 2 7
4 3 8
4 3 8
4 4 8
4 3 9
4 3 8
4 4 9
4 4 8
4 4 8
4 4 8
5 4 9
5 4 9
5 5 9
5 5 9
6 6 9
6 6 9
7 7 9
7 8 10
8 8 10
9 8 11
10 9 11
11 10 11
12 11 12
12 12 12
13 13 14
14 14 15
14 13 15
14 14 16
15 14 16
15 14 16
14 14 16
15 14 17
15 14 17
15 14 17
15 14 17
15 15 17
15 14 17
15 14 16
15 15 15
15 14 16
15 15 16
15 16 15
15 16 15
16 16 16
16 17 16
17 17 17
17 18 17
17 18 17
18 18 17
18 18 18
18 17 18
18 18 17
18 18 19
17 17 18
17 17 17
16 16 16
16 16 16
16 15 15
15 14 15
14 14 13
13 12 12
13 11 11
12 10 11
10 9 9
9 7 8
8 5 7
6 4 5
5 2 3
3 1 3
2 0 1
1 -2 0
-1 -3 -2
-1 -4 -2
-2 -3 -5
0 -2 -5
1 -1 -4
3 0 -4
4 2 -2
5 3 0
6 5 1
8 5 3
8 6 4
9 6 5
9 6 7
9 6 7
8 5 8
8 4 8
8 4 8
8 3 7
8 3 7
7 2 7
6 2 6
5 1 5
5 1 4
4 1 4
4 1 3
5 2 3
6 4 3
8 5 3
9 7 4
10 8 5
11 9 7
11 10 9
12 10 10
12 10 11
12 9 11
11 9 11
11 9 11
11 8 11
11 8 11
11 7 11
10 7 10
10 8 11
10 7 10
9 7 10
9 8 9
10 8 9
10 9 9
10 9 9
11 10 10
11 10 10
12 10 11
12 9 12
12 10 12
12 10 12
11 9 12
11 8 12
10 8 11
10 8 11
10 7 10
10 7 10
10 7 10
10 7 10
10 8 10
11 9 9
11 10 10
12 11 10
13 12 11
14 13 11
15 15 12
16 16 14
17 15 15
17 16 15
17 16 17
17 15 17
16 15 17
16 14 16
15 14 16
16 14 15
16 14 15
16 14 15
16 15 15
16 15 15
15 15 15
16 16 15
16 15 16
16 15 16
16 16 15
16 15 16
17 16 15
15 15 15
16 15 15
15 15 15
14 14 15
8 9 6
9 10 7
10 10 7
10 11 8
10 11 9
11 11 9
10 12 10
11 11 9
10 12 10
11 11 10
10 12 9
11 12 10
10 12 10
10 12 10
10 12 10
9 12 9
9 12 9
10 12 9
9 11 9
9 12 8
9 11 9
8 11 8
8 10 8
6 9 7
7 9 7
6 8 6
5 7 6
4 7 5
4 6 5
3 5 4
2 4 3
2 4 3
1 3 3
0 1 2
0 2 1
-1 0 1
-2 1 0
-2 0 0
-3 -2 -1
-4 -2 -1
-5 -3 -1
-5 -4 -2
-6 -5 -2
-7 -6 -3
-7 -6 -4
-8 -7 -3
-8 -8 -5
-8 -9 -5
-9 -9 -5
-10 -9 -5
-10 -10 -6
-11 -10 -7
-11 -11 -7
-12 -11 -6
-12 -11 -7
-12 -12 -7
-11 -11 -7
-12 -11 -7
-12 -11 -7
-12 -11 -7
-12 -11 -8
-11 -11 -8
-10 -10 -7
-10 -11 -7
-10 -9 -7
-9 -8 -8
-7 -7 -8
-5 -5 -7
-4 -4 -7
-3 -3 -4
-2 -2 -3
0 0 -2
1 2 -2
2 3 0
4 3 1
4 3 3
4 2 4
2 2 4
3 2 4
2 2 4
2 1 3
1 0 3
0 0 3
0 -1 1
-1 0 0
-2 0 0
-2 0 -1
-1 0 0
-1 1 -1
1 3 -1
3 4 0
5 6 1
6 8 3
7 9 4
8 10 5
10 11 7
11 12 8
12 12 9
12 13 11
12 13 12
12 13 14
12 12 13
12 13 14
11 12 13
12 12 12
12 12 12
11 12 11
11 12 12
11 12 11
11 12 10
11 12 10
11 12 11
11 12 11
11 12 11
11 12 11
11 12 10
11 13 10
11 12 10
11 12 10
10 12 11
10 11 10
9 11 9
9 10 9
8 10 8
8 9 7
8 8 6
6 8 6
6 7 5
5 6 4
4 6 3
4 5 3
3 4 2
2 4 1
2 3 0
1 2 0
0 1 -1
-1 0 -1
-1 0 -2
-2 -2 -4
-3 -3 -5
-4 -5 -7
-6 -6 -7
-7 -7 -8
-8 -9 -10
-9 -10 -12
-11 -11 -13
-12 -12 -13
-13 -13 -15
-13 -13 -16
-12 -11 -18
-10 -9 -17
-8 -8 -16
-7 -7 -14
-6 -6 -12
-5 -4 -11
-3 -2 -10
-1 -1 -9
0 -1 -7
1 -1 -4
0 -1 -3
0 -1 -1
0 -1 -1
0 -1 -2
0 -2 -2
0 -3 -1
-1 -4 -1
-2 -5 -2
-4 -4 -3
-4 -5 -4
-4 -5 -4
-4 -5 -4
-4 -5 -4
-4 -5 -4
-3 -4 -4
-2 -3 -4
-2 -2 -5
0 -1 -3
0 0 -2
1 0 -1
2 1 0
2 1 1
3 1 2
3 2 2
3 2 3
4 2 3
4 1 4
3 0 4
3 0 4
1 0 4
2 0 3
2 -1 3
2 -1 3
1 0 3
1 0 2
1 0 2
2 1 2
2 1 2
3 2 3
4 3 3
5 4 4
6 5 4
6 5 5
7 6 6
7 6 7
8 7 8
8 7 9
8 8 10
8 6 10
8 7 11
9 7 10
8 7 10
8 8 10
8 7 10
8 7 10
8 8 10
8 8 10
8 9 10
9 9 10
9 9 10
9 10 10
10 10 10
10 10 11
10 11 11
10 11 12
10 11 12
10 11 12
10 10 12
10 10 12
10 9 12
10 9 12
10 9 12
10 9 12
9 9 12
9 8 11
8 8 10
8 8 11
8 7 11
8 7 10
8 7 10
8 7 9
7 7 10
7 7 9
6 7 9
6 6 8
6 5 8
6 5 8
5 4 8
4 3 7
4 3 7
5 2 6
8 9 6
11 9 6
12 10 7
14 11 9
15 12 10
15 14 10
17 15 12
18 16 12
18 16 13
19 17 14
19 17 15
19 17 16
18 18 16
17 17 15
17 17 15
17 17 14
15 16 14
15 16 14
14 15 13
13 15 12
12 14 11
11 13 10
10 12 9
8 10 8
8 9 7
5 9 6
5 7 5
4 6 4
2 5 4
1 4 3
0 3 2
-1 1 1
-2 0 0
-4 -1 -1
-5 -2 -2
-6 -4 -4
-7 -6 -5
-8 -7 -6
-10 -8 -7
-11 -9 -8
-12 -10 -10
-13 -12 -11
-15 -13 -12
-16 -14 -13
-17 -16 -14
-18 -17 -16
-20 -18 -17
-21 -20 -18
-22 -20 -19
-22 -19 -21
-21 -18 -23
-19 -17 -21
-17 -15 -20
-15 -13 -18
-13 -12 -17
-12 -9 -14
-11 -8 -13
-9 -8 -10
-8 -6 -9
-6 -5 -8
-5 -4 -6
-4 -3 -4
-3 -3 -3
-3 -3 -1
-2 -3 0
-2 -3 1
-3 -4 0
-4 -4 0
-4 -5 0
-5 -5 -1
-6 -5 -2
-7 -5 -2
-7 -6 -3
-7 -6 -3
-7 -6 -4
-7 -5 -3
-6 -5 -3
-6 -5 -3
-5 -4 -3
-4 -3 -3
-3 -2 -2
-2 -1 -1
0 0 0
1 1 1
2 2 3
3 2 4
4 3 5
4 3 8
4 3 8
4 3 8
4 3 8
4 3 8
5 3 8
4 3 8
4 3 8
5 4 8
4 4 8
4 4 9
4 4 8
5 5 8
5 5 8
5 6 8
6 6 8
8 7 9
8 8 9
9 9 10
10 9 11
10 10 13
11 10 14
11 10 14
11 10 15
12 10 15
11 10 15
11 11 15
11 11 15
11 11 15
11 10 15
11 10 15
11 10 15
10 10 15
10 9 14
10 10 14
9 9 13
9 9 12
9 9 13
9 9 13
8 9 12
9 8 12
9 8 13
8 7 12
8 7 12
8 6 11
7 6 11
6 5 9
6 4 10
5 3 8
4 2 8
3 1 7
2 -1 6
1 -2 4
0 -2 3
0 -2 2
0 -1 1
0 -1 1
2 0 1
3 1 2
4 4 3
6 5 4
7 5 6
8 6 7
10 7 9
11 8 10
11 8 11
11 9 12
12 9 14
12 9 15
12 8 15
12 8 15
12 7 15
11 7 14
9 6 13
8 5 11
8 5 10
6 4 8
5 4 8
5 3 7
4 3 6
4 4 6
4 4 6
5 4 6
6 5 6
6 6 7
7 7 8
9 7 9
10 8 9
10 8 10
12 9 11
12 10 12
13 10 14
13 10 14
14 10 15
14 10 15
13 9 16
12 9 15
12 8 14
12 8 13
11 8 13
10 7 12
9 6 11
9 6 10
8 6 10
8 6 9
8 7 9
9 8 8
10 9 9
11 10 10
12 11 10
14 11 11
15 13 12
15 14 13
16 14 15
17 14 17
17 14 18
17 14 18
17 14 19
17 14 19
16 13 18
16 14 17
15 13 17
15 13 17
15 13 16
14 12 16
14 12 15
13 12 15
13 12 15
12 11 14
11 12 13
11 12 12
12 12 12
12 11 13
12 12 13
12 11 13
11 11 12
11 11 12
12 11 12
12 11 13
11 10 12
11 9 11
10 8 11
10 8 10
9 6 9
8 5 8
7 4 7
6 3 6
5 2 5
4 1 4
3 0 3
1 -1 1
0 -2 0
0 -2 0
0 -1 0
1 -1 -1
3 1 0
4 2 -1
6 3 0
8 5 2
8 6 4
9 6 6
10 8 7
11 8 9
9 8 5
10 9 5
11 10 6
11 11 6
11 11 7
11 12 8
12 12 9
12 13 8
12 13 9
12 14 9
12 14 11
12 14 10
12 13 10
11 14 10
11 13 10
11 13 10
10 12 10
10 11 9
9 12 8
9 11 9
8 10 7
7 8 7
6 7 6
5 6 6
4 4 5
4 3 4
2 1 4
1 0 3
-1 0 2
-1 -2 1
-2 -3 1
-4 -5 0
-4 -6 -1
-6 -7 -2
-7 -8 -3
-8 -9 -4
-9 -10 -5
-10 -11 -6
-10 -11 -6
-10 -11 -7
-9 -10 -7
-11 -12 -6
-10 -11 -7
-8 -9 -8
-6 -8 -7
-6 -7 -6
-4 -5 -5
-2 -5 -4
-2 -3 -4
0 -2 -2
2 -1 0
3 0 1
4 1 2
5 2 4
5 3 5
6 4 5
8 4 6
7 4 8
7 4 8
7 6 7
8 6 7
8 6 7
7 6 8
7 6 6
6 4 6
6 6 4
5 6 4
5 5 4
5 4 3
5 4 2
4 4 3
4 4 1
4 4 1
4 3 2
4 3 1
5 3 1
4 4 2
4 3 2
5 3 2
5 4 2
5 4 3
6 4 4
6 5 3
7 5 4
7 5 5
7 5 4
7 5 5
8 6 5
8 6 5
8 6 6
7 6 6
8 6 5
8 6 5
7 6 4
7 7 4
7 6 4
6 6 4
5 6 3
6 5 3
5 5 2
4 5 2
5 4 1
4 4 2
4 4 1
4 4 1
4 4 1
5 4 2
4 4 1
5 5 2
5 4 2
5 5 3
6 5 3
6 5 4
7 6 4
8 6 4
8 7 5
9 8 6
9 7 7
10 8 7
10 8 8
10 8 8
11 9 8
11 9 8
11 10 9
11 10 9
11 10 9
11 10 8
11 10 8
10 10 9
10 10 8
10 10 7
10 10 7
9 10 6
8 9 6
8 9 5
8 8 4
7 9 4
8 7 4
6 8 4
6 6 4
6 6 3
5 6 3
5 5 2
4 5 2
4 4 2
4 4 2
3 4 2
3 3 1
3 2 2
3 3 2
2 2 1
2 2 1
2 2 1
2 2 0
2 1 0
1 1 0
1 1 0
0 1 0
0 0 0
0 0 0
0 0 -1
0 -1 0
0 -1 -1
-1 0 -1
-1 -1 -1
0 -1 -1
-1 -1 -2
0 -1 -2
-1 0 -2
0 0 -1
0 -1 -2
0 0 -2
0 0 -2
0 0 -1
1 1 0
1 1 0
1 2 0
3 3 1
3 3 1
4 4 2
4 4 3
6 5 4
6 5 4
8 6 5
7 7 6
8 8 7
9 8 7
9 9 8
9 10 8
10 10 10
10 10 10
11 11 10
10 11 10
11 11 10
11 10 11
10 10 10
10 11 10
10 11 9
10 10 8
9 9 8
9 9 7
8 9 6
7 8 6
6 7 4
6 7 4
5 6 3
4 5 3
4 4 1
3 4 0
1 3 0
1 2 -1
1 3 -1
0 1 -2
-1 0 -2
-1 0 -2
-1 -1 -3
-2 -1 -4
-3 -2 -4
-2 -2 -4
-3 -1 -3
-3 -3 -4
-4 -3 -4
-4 -3 -4
-4 -4 -4
-4 -4 -4
-4 -5 -4
-4 -5 -4
-5 -4 -5
-5 -4 -4
-4 -5 -5
-4 -5 -4
-5 -5 -4
-4 -5 -5
-4 -4 -5
-4 -4 -4
-3 -3 -4
-2 -2 -3
-1 -2 -3
-1 0 -2
0 0 0
1 1 0
3 2 1
3 3 3
4 4 4
5 4 4
6 5 6
7 6 7
7 6 8
8 7 8
8 7 9
8 8 4
End
