1 0 0 0
7 10 6
7 10 6
7 10 5
7 10 6
7 10 6
7 10 6
7 10 5
6 10 5
6 10 5
6 10 5
6 10 6
6 10 6
6 11 5
6 10 5
5 10 5
5 11 5
5 10 5
4 10 5
5 10 4
5 10 5
5 10 5
5 10 4
4 10 4
5 9 4
4 10 4
4 10 4
4 9 4
5 9 4
4 9 4
4 8 4
4 9 4
4 9 4
4 9 4
4 9 5
4 9 4
4 9 4
4 8 4
4 9 4
4 8 4
4 8 4
4 8 4
3 9 5
4 9 5
4 8 4
4 8 4
3 8 4
3 7 4
4 8 5
3 8 5
3 7 4
3 7 4
3 7 5
3 7 4
3 7 5
3 7 4
3 7 4
3 7 4
3 8 4
3 7 5
2 7 5
3 7 4
2 7 4
2 7 4
2 7 4
2 8 4
2 7 4
2 7 4
2 8 4
1 7 5
2 7 4
2 8 4
2 8 4
2 7 4
2 6 4
2 7 4
2 6 4
2 6 5
2 7 4
1 6 4
1 6 3
1 6 4
1 6 4
2 6 4
1 6 4
1 6 4
2 6 4
1 6 4
2 6 4
1 6 4
2 6 4
2 6 4
2 6 4
3 6 4
2 6 4
2 6 4
2 7 4
2 6 3
2 7 4
3 7 4
2 6 4
3 7 4
3 7 4
3 7 4
3 7 4
3 6 4
3 6 4
3 7 4
3 6 4
3 7 3
4 6 4
4 8 4
3 8 4
4 7 4
4 6 4
3 7 4
4 6 4
4 7 4
4 7 4
3 7 4
4 6 5
4 6 4
4 7 4
4 6 4
4 6 4
4 6 4
4 6 4
3 6 4
4 6 4
4 7 4
4 6 4
4 6 5
4 5 4
4 5 4
4 5 4
3 4 4
3 4 4
3 5 4
3 4 4
3 4 4
3 4 4
3 4 4
2 4 3
2 4 4
2 3 4
2 3 4
2 3 3
2 3 3
1 3 3
2 3 3
2 3 3
1 3 3
2 3 3
2 3 3
2 3 3
1 3 3
2 3 3
2 3 3
1 3 3
1 3 4
1 2 3
1 3 3
1 3 3
2 3 3
1 3 3
1 2 3
1 3 2
1 3 3
1 2 3
2 2 3
1 2 3
1 3 3
1 2 2
1 2 3
1 2 3
1 1 2
1 1 3
2 1 3
1 2 3
1 1 3
1 1 3
1 1 3
1 1 3
1 1 2
1 1 3
1 1 3
1 1 3
0 1 3
0 0 3
1 0 3
1 0 3
0 0 3
1 0 3
0 1 3
1 1 4
1 1 4
1 1 4
1 0 4
1 0 4
1 1 4
1 1 4
1 1 4
1 1 4
1 2 4
1 1 4
1 1 5
1 1 5
1 1 4
2 1 5
1 2 5
3 2 6
2 2 5
2 2 5
3 2 5
2 3 5
2 2 5
3 3 5
3 3 6
2 3 6
2 3 5
2 3 6
3 3 6
3 3 5
2 3 5
3 3 5
3 3 5
3 3 5
3 3 5
3 3 5
3 3 5
3 3 6
3 4 5
3 4 5
3 3 5
2 4 5
3 4 5
3 3 4
3 3 4
3 3 5
3 3 4
3 3 4
2 3 4
2 3 4
3 2 4
2 2 4
2 3 4
1 2 3
2 2 4
2 2 4
2 1 3
7 9 6
10 9 5
11 9 7
12 11 8
12 11 10
12 11 11
14 11 12
14 11 12
13 11 13
14 11 14
14 11 13
13 11 13
13 11 11
13 11 12
12 11 11
12 10 10
12 10 10
12 10 9
12 10 9
12 10 9
12 10 7
11 10 7
11 9 7
11 10 8
11 9 7
11 9 6
11 9 6
10 9 6
10 8 6
10 8 5
9 7 5
9 6 4
9 6 3
7 4 2
6 4 1
5 3 0
4 2 -1
3 0 -2
2 -2 -3
0 -2 -4
-1 -4 -6
-2 -6 -7
-3 -7 -8
-4 -9 -9
-5 -9 -10
-6 -9 -11
-6 -10 -11
-5 -9 -13
-3 -8 -13
-3 -8 -12
-2 -5 -13
0 -4 -11
2 -2 -10
2 -1 -9
4 0 -8
6 2 -6
6 3 -4
8 4 -4
9 6 -1
9 6 1
10 6 3
11 7 4
11 7 6
11 8 8
11 7 8
11 6 9
10 6 9
10 6 9
9 6 10
9 5 9
9 4 9
8 4 8
7 4 8
7 4 8
6 3 7
6 3 6
6 3 7
6 3 6
5 3 6
6 3 6
5 3 6
6 3 6
6 4 5
7 4 6
7 4 6
8 5 5
8 6 6
8 6 6
9 7 6
11 8 7
11 8 7
11 8 7
12 10 8
13 10 9
13 11 9
14 11 9
14 12 11
14 12 11
15 13 11
15 14 12
16 14 12
16 14 14
16 14 15
17 14 15
16 14 15
16 14 16
17 14 16
16 14 16
16 14 16
15 14 16
15 13 17
15 13 16
14 12 16
14 12 16
13 12 15
13 11 15
12 11 14
12 10 14
11 9 13
11 9 12
10 8 11
9 8 11
8 7 10
8 7 8
8 6 8
6 4 8
5 4 6
4 3 6
4 2 4
2 0 3
1 -1 3
1 -1 1
0 -2 0
-1 -4 0
-1 -4 0
-1 -4 -1
1 -3 -2
1 -2 -3
1 -2 -2
2 0 -3
4 1 -3
5 3 -2
6 4 -2
8 6 -1
9 7 1
9 8 2
11 9 4
12 10 6
13 11 8
14 11 10
13 10 11
13 10 12
13 10 12
13 10 14
12 9 14
12 8 14
12 9 14
11 8 13
9 8 13
10 6 12
10 6 11
8 5 10
8 5 10
7 5 9
7 5 8
6 4 8
7 4 7
6 4 8
6 4 6
7 4 6
7 5 6
7 5 6
7 6 6
8 6 6
8 6 6
9 8 6
9 7 7
10 8 7
10 8 7
11 9 7
11 9 7
11 10 8
12 10 9
12 11 8
13 11 8
13 12 10
14 12 10
15 13 11
15 13 11
15 14 11
15 14 12
16 14 13
16 14 13
16 15 15
16 14 15
16 15 16
16 15 16
16 15 17
17 14 17
16 14 17
15 14 17
15 14 16
16 14 16
15 13 16
15 13 15
15 13 15
15 13 15
14 12 14
14 12 14
13 12 13
13 12 13
11 11 12
11 11 12
11 10 12
11 10 10
9 10 10
9 9 9
9 8 8
7 8 8
7 6 7
6 5 6
4 4 5
3 3 4
3 1 3
1 0 2
1 -1 1
0 -2 0
-1 -4 -1
-1 -4 -1
-2 -4 -2
-1 -4 -3
0 -4 -4
1 -2 -3
1 -1 -4
3 0 -4
4 3 -4
5 3 -4
7 5 -2
8 6 -1
9 7 1
11 8 3
13 10 4
12 10 6
11 10 8
12 10 9
12 10 11
11 10 11
12 9 11
11 9 11
11 8 11
9 8 4
10 7 3
11 9 4
12 10 6
14 11 7
14 12 9
15 13 11
16 14 12
16 15 13
17 15 15
17 15 16
17 15 16
17 15 16
17 15 17
17 15 16
16 15 16
16 15 15
16 14 14
16 14 13
15 14 11
14 12 10
13 12 9
13 11 8
12 11 7
11 10 6
10 9 5
10 9 3
8 8 2
8 8 1
7 6 -1
6 5 -2
5 4 -3
4 3 -4
3 1 -6
1 0 -7
1 -1 -7
-1 -2 -9
-3 -4 -10
-4 -5 -12
-5 -7 -12
-6 -8 -14
-7 -9 -15
-7 -9 -15
-7 -8 -16
-6 -8 -16
-5 -7 -16
-4 -6 -16
-1 -4 -16
0 -2 -15
1 -1 -13
3 1 -12
5 2 -10
5 4 -8
7 5 -7
9 6 -4
9 7 -2
11 8 -1
11 9 1
11 9 3
11 9 4
11 10 5
11 9 6
11 8 7
11 9 8
11 8 8
10 8 8
10 8 8
9 6 8
8 6 8
8 5 8
7 5 7
6 4 7
7 4 6
7 4 6
6 4 6
6 4 6
5 3 5
5 4 5
5 4 5
6 4 5
6 4 5
6 4 4
7 5 5
8 6 5
8 6 5
8 6 5
9 7 5
10 8 6
10 9 6
11 9 6
11 10 7
12 11 8
12 11 9
13 12 9
14 13 9
14 12 10
14 13 11
15 14 12
15 13 12
15 14 14
16 14 15
16 15 15
16 14 15
16 14 15
16 15 16
16 14 16
16 14 16
16 14 17
17 14 17
16 14 17
16 15 17
15 14 17
15 14 16
15 14 17
14 14 17
14 13 16
14 13 16
13 12 15
12 11 15
12 11 14
12 11 14
11 10 12
10 10 12
9 8 11
9 7 10
7 6 9
6 5 9
6 4 7
4 3 7
3 1 5
2 0 4
1 -1 3
0 -2 3
0 -3 2
-1 -4 1
-1 -4 2
0 -3 0
0 -3 0
1 -2 0
2 -1 -1
3 1 -1
4 1 0
6 4 0
7 5 0
9 7 1
11 8 3
11 10 5
12 10 6
13 11 8
14 11 10
14 12 12
15 12 12
14 12 14
14 12 15
13 11 15
13 11 16
13 10 15
12 10 15
12 9 15
11 9 14
10 8 14
9 8 13
8 7 12
8 6 11
8 5 11
7 5 10
6 4 9
6 5 8
6 4 8
6 4 8
6 4 8
6 4 7
6 5 6
6 5 6
6 5 6
7 6 6
7 6 6
8 6 6
8 8 7
9 8 7
10 9 7
10 9 7
11 10 7
11 10 9
12 11 8
12 12 9
13 12 10
14 13 10
15 13 11
15 14 12
15 14 13
16 14 14
16 15 14
16 15 15
16 15 16
17 15 17
16 15 16
16 16 17
15 15 17
16 15 17
16 15 17
16 15 17
15 15 17
15 15 16
15 14 16
15 15 16
15 14 16
14 14 15
13 13 15
12 13 14
12 12 14
12 12 13
11 11 11
10 10 12
9 10 11
8 9 10
7 8 9
8 7 9
6 6 8
4 5 7
4 4 5
3 3 4
1 1 3
0 0 2
-1 -2 0
-1 -3 0
-2 -4 -2
-3 -5 -2
-3 -5 -3
-2 -4 -4
-2 -4 -4
-2 -4 -4
0 -2 -5
0 -1 -5
2 0 -5
4 2 -4
5 3 -4
7 5 -2
8 6 -1
9 7 1
10 8 3
11 10 5
11 9 6
11 10 8
12 10 9
12 10 10
11 9 11
11 9 11
11 9 11
10 8 11
9 6 1
11 8 4
11 9 5
12 9 6
12 10 6
12 11 7
14 12 7
14 13 8
15 14 9
15 14 9
15 14 10
15 14 10
15 15 12
15 15 11
16 15 12
15 15 11
14 15 12
14 14 12
14 14 12
13 14 12
13 13 11
12 13 11
12 12 11
11 12 11
11 12 10
11 12 10
10 13 10
10 12 9
9 11 9
9 11 9
8 11 8
8 10 8
8 10 8
8 9 9
7 9 7
6 8 7
6 8 7
6 7 7
5 6 6
4 6 7
3 5 6
3 4 6
2 3 6
2 2 5
1 1 4
0 0 4
0 0 4
-2 -1 4
-1 -2 4
-2 -2 3
-3 -4 3
-3 -4 3
-4 -5 3
-5 -5 1
-5 -5 2
-5 -6 1
-5 -5 1
-5 -7 1
-6 -7 1
-6 -7 0
-6 -8 0
-7 -8 1
-7 -8 0
-7 -8 0
-7 -8 0
-7 -9 0
-7 -9 0
-8 -9 0
-8 -9 0
-8 -10 0
-8 -10 0
-8 -10 0
-8 -10 0
-8 -11 0
-9 -11 0
-8 -11 -1
-8 -11 -1
-8 -10 -1
-8 -11 -1
-8 -11 -2
-8 -11 -1
-7 -10 -2
-6 -10 -2
-7 -10 -2
-5 -8 -2
-5 -8 -1
-4 -7 -2
-2 -5 -1
-1 -5 -2
0 -2 -2
2 -1 -1
4 0 -1
4 2 0
6 3 0
7 5 1
8 6 3
10 7 4
11 8 4
12 10 5
13 11 6
14 12 7
15 13 7
17 14 9
18 15 9
17 16 11
18 17 11
18 17 12
19 17 13
20 18 14
20 18 14
19 18 15
20 19 15
20 19 15
20 19 16
20 19 15
19 19 15
19 20 16
20 20 15
20 20 15
20 20 15
20 20 15
20 20 14
20 20 14
19 20 14
20 20 14
20 21 14
20 21 14
20 21 14
20 22 14
20 22 13
20 22 14
19 22 14
20 22 14
20 22 14
20 21 14
19 22 14
19 20 13
18 20 13
17 20 13
17 19 12
16 18 12
15 16 11
14 16 11
14 15 10
13 14 9
11 12 9
10 12 8
9 11 7
8 10 7
7 9 6
6 8 5
6 7 5
5 6 4
4 5 3
3 4 3
2 3 2
2 3 2
1 2 1
1 1 1
0 0 1
0 0 0
0 0 0
-1 -1 -1
-2 -1 -1
-2 -2 -1
-2 -3 -1
-3 -3 -2
-3 -4 -2
-3 -4 -2
-4 -5 -2
-4 -5 -2
-5 -6 -3
-5 -6 -3
-5 -5 -3
-6 -7 -3
-7 -8 -3
-7 -8 -4
-7 -9 -4
-7 -9 -3
-8 -10 -4
-8 -10 -3
-8 -10 -4
-9 -11 -4
-9 -11 -4
-9 -12 -3
-9 -12 -3
-9 -12 -4
-9 -13 -4
-9 -12 -4
-9 -12 -4
-8 -11 -3
-8 -11 -4
-7 -9 -4
-6 -9 -4
-5 -7 -4
-4 -5 -4
-2 -5 -3
0 -3 -3
1 -2 -3
2 0 -2
3 1 -1
5 3 0
6 4 1
8 6 2
10 7 4
10 8 4
11 10 6
12 11 8
14 12 8
15 12 10
15 13 11
15 14 12
16 14 13
16 15 14
15 15 15
17 15 16
16 15 16
16 15 16
15 15 16
15 15 16
15 15 16
16 15 16
15 15 15
15 15 15
15 15 14
15 15 13
15 15 14
15 15 12
15 16 11
15 16 11
16 17 11
17 17 11
17 18 10
17 19 10
18 19 10
17 20 11
19 20 11
19 20 11
19 20 12
19 20 12
19 20 12
19 21 12
19 20 12
19 20 11
18 20 11
18 19 11
17 19 11
17 18 11
16 18 9
15 17 9
9 6 4
9 11 2
10 13 4
11 15 5
12 16 6
12 16 7
12 17 8
12 16 9
11 15 9
10 14 9
9 13 9
8 11 8
6 8 7
4 6 6
2 5 6
1 2 5
-1 0 6
-1 -1 5
-3 -2 5
-4 -3 5
-4 -4 5
-3 -3 4
-2 -2 4
0 0 3
1 1 2
3 5 1
5 6 1
7 9 1
9 11 1
10 13 3
11 14 3
11 15 4
12 16 5
11 16 6
12 16 7
11 16 8
11 15 8
9 14 8
8 13 8
8 11 8
6 8 8
4 8 8
3 4 7
1 3 7
0 2 7
-1 0 7
-2 -2 7
-2 -3 7
-2 -3 6
-3 -4 5
-1 -2 4
0 -1 3
0 1 3
2 2 1
4 5 1
6 8 0
7 9 1
9 11 1
9 12 1
10 14 2
10 15 3
11 15 4
11 15 5
10 15 6
10 15 8
9 13 8
8 13 8
8 11 9
6 10 8
5 8 9
4 6 9
3 5 8
2 2 8
0 0 9
0 -1 8
-1 -2 8
-1 -3 7
-1 -3 6
-2 -2 5
-1 -2 3
0 0 2
1 2 1
3 4 0
4 5 0
5 7 0
6 9 0
8 10 0
9 12 0
9 13 1
10 15 3
10 14 4
11 15 6
10 14 7
9 13 7
9 12 8
8 11 9
7 10 9
6 8 10
6 6 10
4 5 10
3 3 9
2 1 9
0 0 9
0 -2 8
-1 -2 7
-1 -4 7
-2 -3 5
-1 -3 4
0 -2 3
0 0 1
1 1 0
2 2 -1
3 4 -2
4 6 -2
6 8 -2
7 9 -1
8 10 0
9 11 1
9 11 3
9 12 4
10 12 5
9 13 8
9 12 8
9 11 9
8 11 10
8 8 11
6 8 11
5 6 11
4 4 11
3 2 10
2 1 9
1 0 9
1 -1 8
0 -2 6
-1 -3 5
-1 -4 4
-1 -3 2
-1 -2 1
-1 -1 0
0 0 -1
1 1 -3
2 3 -2
3 4 -2
5 6 -2
6 8 -2
7 9 0
7 11 0
8 11 3
9 11 4
9 11 6
10 11 8
9 11 9
8 10 10
8 10 11
7 8 11
7 7 12
6 6 12
5 4 11
4 3 10
3 1 10
2 0 9
1 0 6
0 -1 5
-1 -2 4
-1 -2 3
-1 -3 2
-1 -2 0
-1 -2 -2
0 -1 -2
0 1 -2
1 2 -2
2 4 -2
4 5 -2
5 6 -1
7 8 1
7 9 1
8 10 3
8 10 5
9 11 6
9 11 9
9 10 11
9 10 11
8 9 11
8 8 12
7 6 12
6 6 12
5 5 11
4 3 9
3 2 9
2 1 7
1 0 6
0 -1 5
0 -2 3
-1 -2 2
-2 -2 1
-2 -2 0
-2 -2 -1
-1 -2 -2
-1 0 -2
0 0 -2
2 2 -1
3 4 -1
4 4 -1
5 7 0
6 7 2
7 9 4
8 9 6
8 9 7
9 9 9
9 9 11
8 9 12
8 8 12
7 7 12
7 6 12
6 5 11
5 4 10
4 3 9
3 2 7
2 1 6
1 0 5
0 0 4
0 -1 2
-1 -2 1
-2 -3 0
-3 -2 0
-2 -2 0
-1 -2 -1
-1 -1 -1
0 0 -1
0 1 -1
2 2 0
3 3 0
4 5 1
6 6 3
7 7 4
8 8 5
8 9 7
10 9 8
8 9 11
8 9 10
8 8 11
8 7 11
7 7 11
7 6 10
6 5 9
5 5 8
4 3 8
3 3 6
2 2 5
1 0 4
8 9 1
9 11 -3
12 14 -2
14 16 0
15 18 3
17 20 6
16 19 9
16 20 11
16 19 13
15 18 14
15 18 15
14 16 15
10 11 13
9 10 12
6 8 10
5 6 9
4 5 8
2 4 6
0 1 4
-1 0 3
-3 -3 3
-5 -4 3
-6 -4 0
-6 -5 0
-5 -5 -2
-4 -2 -3
-2 0 -5
1 4 -6
4 7 -6
6 9 -5
8 11 -4
11 13 -3
13 15 -1
15 18 1
17 20 3
19 22 4
20 22 9
19 22 11
19 22 14
19 22 15
18 21 15
16 20 15
15 17 14
14 16 14
12 14 14
10 12 12
9 11 10
7 9 9
5 7 7
4 5 6
2 3 5
0 2 4
-1 -1 4
-2 -2 3
-3 -2 2
-3 -2 0
-2 0 -1
0 1 -3
2 4 -4
5 8 -5
8 10 -4
11 12 -3
13 15 -2
14 18 0
16 19 1
18 21 3
20 24 5
22 25 6
22 25 10
21 25 13
21 25 15
20 24 15
20 23 16
19 21 16
17 20 15
16 19 14
14 16 14
12 14 12
10 13 11
9 11 9
7 9 8
5 7 6
4 6 5
1 4 4
0 1 5
-1 0 3
-1 1 2
-1 1 0
1 3 0
2 6 -2
5 9 -3
8 11 -2
11 14 -2
13 17 -1
15 19 0
17 21 2
19 23 3
21 25 5
23 26 6
24 28 9
23 28 13
22 27 15
22 27 16
22 26 16
21 24 16
20 22 16
18 22 14
17 20 14
15 18 13
13 16 11
12 14 10
10 12 9
8 11 8
6 9 6
4 6 5
3 4 5
1 3 4
1 3 4
0 3 2
2 5 0
4 7 -1
6 10 -1
9 13 -3
12 16 -3
14 18 0
16 20 -1
18 22 1
20 24 2
23 26 4
23 28 6
25 29 8
26 30 11
26 30 14
24 29 15
24 28 16
22 27 16
21 25 16
20 23 15
19 22 14
17 20 13
15 18 12
14 16 10
12 15 9
10 13 8
8 11 6
6 9 5
5 7 4
3 5 5
2 4 3
2 5 1
4 7 0
5 9 -1
7 11 -2
10 14 -2
12 17 -3
15 19 -2
16 21 -1
19 24 0
21 26 2
23 27 4
24 29 5
26 32 7
26 32 10
26 31 13
26 31 15
25 30 15
24 29 16
22 27 16
22 26 15
20 24 14
18 22 12
16 20 12
15 19 11
13 17 9
12 15 8
9 13 7
8 11 5
6 9 4
4 7 4
3 5 4
3 6 2
4 8 0
6 10 -2
8 12 -2
11 15 -3
12 17 -3
15 21 -2
17 23 -2
19 25 0
21 27 0
23 28 3
24 30 5
26 32 7
26 33 8
26 33 11
26 33 14
25 33 15
25 32 15
23 30 15
22 28 15
21 26 14
20 24 13
17 22 12
15 20 11
14 19 9
12 16 8
10 15 7
9 13 6
8 11 4
6 9 4
4 7 4
4 7 3
4 8 0
6 11 -2
10 14 -4
11 16 -4
12 18 -4
15 21 -2
17 23 -2
19 25 -1
21 27 0
23 29 2
25 31 4
26 32 6
26 34 8
26 34 11
26 34 14
25 33 14
25 33 15
23 31 15
23 29 15
21 27 14
20 26 13
17 24 12
16 22 11
14 20 10
12 17 9
11 16 7
9 14 6
8 13 5
6 11 4
6 8 4
5 8 3
4 9 1
6 11 -2
8 15 -4
11 17 -5
13 20 -4
15 22 -3
17 24 -3
7 9 -5
4 3 10
4 3 10
4 3 10
4 3 10
4 3 10
4 3 11
3 3 11
3 4 11
3 3 11
4 3 11
4 3 11
3 3 10
3 3 11
3 3 11
4 3 11
4 4 11
4 3 11
3 4 11
4 4 11
4 4 11
3 4 11
4 4 10
4 4 10
3 4 10
3 4 10
3 4 10
4 4 10
2 4 10
3 3 9
4 3 9
3 4 9
3 3 9
4 4 9
4 4 9
3 4 9
3 4 9
3 4 8
3 4 8
3 4 8
3 4 8
3 4 8
3 4 8
3 4 8
3 4 7
3 4 7
3 4 7
3 4 7
3 4 7
3 4 6
4 4 6
3 4 6
3 4 6
3 4 6
3 4 6
2 4 5
3 4 5
3 4 5
3 4 4
3 4 5
3 4 4
3 4 4
2 4 4
3 4 4
3 4 4
3 5 4
3 4 4
3 4 4
3 5 4
4 4 3
3 4 3
3 4 3
3 4 2
3 4 3
3 4 2
3 5 2
3 4 0
3 4 1
3 4 1
3 5 0
3 4 0
3 4 -1
3 5 -1
3 5 -1
3 4 -3
2 4 -3
3 4 -2
3 4 -4
2 4 -4
2 4 -5
3 4 -5
2 4 -5
3 4 -6
2 5 -6
2 4 -7
2 5 -7
2 4 -6
2 4 -6
2 5 -7
2 4 -6
2 5 -7
3 4 -7
2 5 -7
2 5 -7
2 4 -7
2 4 -6
2 4 -6
3 4 -6
3 4 -6
3 4 -5
3 4 -5
2 4 -4
2 4 -4
2 4 -4
3 4 -4
2 4 -4
2 4 -3
3 4 -2
3 4 -2
2 5 -2
3 4 -2
2 4 -1
2 5 -2
2 4 -2
2 4 -1
2 4 -1
2 6 -1
2 5 0
2 5 -1
3 5 0
2 4 -1
2 5 0
2 5 0
2 5 0
3 5 0
2 5 1
2 5 0
2 5 1
2 5 0
2 4 1
2 5 1
2 4 1
2 4 1
2 4 1
3 4 2
2 4 1
2 4 1
1 4 2
2 4 1
2 4 2
2 4 2
2 4 1
2 4 2
1 3 2
1 4 1
2 4 1
2 3 2
2 4 2
1 4 2
2 4 2
2 3 1
1 3 2
1 3 2
2 3 2
2 3 1
1 3 2
2 3 2
1 3 2
2 3 3
1 3 3
1 3 3
1 4 4
1 2 4
2 3 5
1 3 5
1 4 5
1 3 6
2 4 6
1 4 6
1 4 7
3 4 7
1 4 8
1 4 8
1 4 8
1 4 9
1 4 9
1 4 9
2 4 10
3 4 10
1 4 10
2 5 10
1 4 10
2 4 11
1 4 10
1 4 11
2 4 11
2 4 11
2 4 11
2 4 11
1 4 11
2 4 11
1 4 11
2 4 12
1 4 11
1 3 11
1 4 11
1 4 10
1 3 10
2 4 10
2 4 11
1 4 10
1 3 10
0 4 11
1 3 11
1 3 10
1 3 10
1 3 10
1 3 9
1 3 8
1 3 8
1 3 8
1 3 8
1 3 8
1 2 8
1 2 7
1 2 7
1 2 8
0 2 7
0 3 7
1 2 7
1 2 7
1 2 8
0 1 7
1 2 7
0 2 7
0 2 7
0 3 7
1 3 7
0 3 8
0 3 7
0 3 7
0 3 7
0 4 7
0 3 8
1 3 8
1 4 8
1 4 9
1 5 9
1 5 9
2 5 9
4 3 9
End
