1 0 0 0
10 7 5
10 8 5
10 8 5
10 9 5
10 9 5
10 9 5
10 10 5
10 11 5
10 10 4
11 11 5
11 11 5
12 11 4
12 11 5
12 11 5
13 10 5
14 10 6
13 10 6
14 10 5
14 10 5
14 10 6
14 10 5
14 11 5
14 10 5
13 9 4
14 8 4
13 8 4
13 8 4
13 8 4
12 7 3
12 8 4
12 7 4
11 6 4
11 6 3
12 6 4
12 5 4
12 5 3
11 4 3
12 4 3
12 4 3
12 4 3
11 4 3
12 4 4
12 3 4
12 3 3
11 2 3
11 2 3
11 2 3
11 1 3
10 1 3
10 0 3
10 0 3
9 0 3
9 0 2
8 -1 3
8 -2 3
8 -2 2
8 -3 3
8 -3 2
8 -4 2
8 -4 3
8 -5 2
7 -4 2
8 -5 2
7 -5 2
8 -5 1
7 -5 2
7 -5 1
6 -5 2
6 -5 2
5 -5 2
5 -5 2
4 -6 2
4 -6 2
4 -6 2
4 -5 2
4 -6 2
4 -6 2
3 -6 2
4 -6 2
4 -5 2
4 -5 2
4 -5 2
5 -4 2
5 -4 2
5 -4 2
5 -4 3
5 -4 2
5 -3 2
5 -2 2
5 -2 3
5 -1 3
4 -1 3
5 0 3
4 0 3
4 0 4
4 0 4
3 0 3
4 1 4
4 1 4
4 1 4
3 1 4
4 2 3
4 2 3
4 2 4
5 2 4
5 2 3
5 3 4
6 3 4
5 3 4
6 4 4
6 4 4
6 5 4
6 4 4
6 4 4
5 5 4
5 5 4
5 6 4
5 5 4
5 6 4
4 6 4
4 6 3
4 6 3
4 6 3
4 7 3
4 6 3
3 6 3
4 6 3
4 5 3
4 6 3
4 6 2
4 6 3
4 6 3
4 6 3
4 6 3
3 6 3
4 6 3
4 6 3
3 6 2
3 6 2
3 6 2
2 6 2
2 5 2
1 6 2
1 5 2
1 5 3
0 6 3
0 5 2
0 4 2
0 4 2
0 4 3
-1 4 2
0 4 3
0 4 3
-1 4 3
0 4 3
-1 4 4
-1 3 3
-1 4 3
-1 3 2
-2 3 3
-2 3 3
-2 3 3
-3 3 3
-3 3 3
-3 3 3
-4 3 4
-4 3 3
-5 3 3
-4 2 4
-5 2 4
-5 3 4
-5 3 4
-6 2 4
-6 2 4
-6 2 4
-7 2 4
-7 2 4
-7 2 4
-7 2 4
-7 2 4
-7 2 4
-8 2 3
-8 3 4
-8 2 4
-8 2 4
-8 2 4
-8 2 4
-7 2 4
-7 2 4
-7 2 4
-7 2 4
-7 1 4
-7 2 4
-7 2 4
-7 2 4
-7 2 4
-7 2 4
-8 2 4
-8 1 4
-8 3 4
-8 2 4
-9 2 4
-8 2 4
-9 3 4
-10 3 5
-10 2 4
-10 2 4
-10 2 4
-10 2 4
-10 2 4
-9 3 4
-9 2 4
-9 2 4
-9 2 3
-8 2 4
-8 2 4
-9 2 4
-8 2 4
-9 3 4
-9 3 4
-8 3 4
-8 3 4
-9 3 4
-9 3 4
-9 3 4
-9 4 4
-9 4 4
-9 3 4
-10 3 4
-9 3 4
-9 3 4
-9 3 4
-8 3 4
-8 4 3
-8 3 3
-7 4 4
-7 3 4
-7 4 4
-6 3 3
-6 3 4
-6 3 4
-6 4 4
-5 4 5
-6 4 4
-6 4 5
-6 4 4
-6 4 5
-7 4 5
-6 3 4
9 7 5
7 10 3
7 11 3
8 12 2
10 13 3
11 13 3
13 15 3
13 15 3
13 15 4
12 16 4
12 17 4
11 18 4
11 20 3
12 21 1
14 22 2
16 22 1
17 23 1
18 23 1
19 23 2
20 23 2
20 23 3
20 23 4
20 24 3
20 24 3
18 24 4
16 25 3
15 25 2
13 26 3
12 25 2
11 25 1
10 24 0
9 23 0
9 21 -2
9 20 -3
11 19 -4
12 17 -5
14 16 -4
15 15 -4
17 13 -4
19 12 -4
20 10 -2
21 9 -1
20 8 1
20 8 1
18 8 0
17 8 0
15 8 0
13 8 -1
12 8 -2
10 7 -4
8 6 -4
6 4 -5
4 3 -6
3 1 -7
3 0 -7
3 -1 -8
4 -3 -8
6 -4 -9
8 -5 -8
11 -5 -8
13 -7 -8
14 -8 -7
15 -7 -5
15 -9 -5
14 -8 -4
14 -8 -2
12 -8 -2
11 -7 -1
9 -7 0
7 -7 1
5 -7 1
3 -6 1
1 -7 0
-1 -8 1
-2 -9 1
-2 -9 0
-1 -10 0
0 -11 -1
1 -12 0
3 -12 -1
5 -12 -1
7 -12 -1
9 -12 1
11 -12 1
12 -12 4
13 -12 4
12 -12 5
12 -10 6
11 -10 7
9 -9 7
7 -7 7
6 -6 7
4 -6 8
2 -5 7
0 -5 7
-1 -5 6
-3 -5 6
-3 -5 6
-2 -5 4
-1 -5 3
2 -5 3
4 -5 3
7 -4 2
9 -4 4
11 -3 4
14 -3 4
16 -1 5
17 -1 7
18 0 9
17 1 10
16 2 10
14 4 11
13 5 11
11 6 11
9 7 11
9 7 10
6 8 10
4 8 8
1 8 8
0 8 7
0 7 6
1 7 5
1 7 4
4 7 2
7 7 2
8 7 3
12 7 2
14 7 3
15 7 4
18 8 4
20 9 5
20 9 7
21 10 9
20 11 10
20 11 11
19 13 11
17 14 11
15 15 11
13 16 11
11 16 10
9 16 9
7 16 9
6 15 8
4 15 7
4 14 6
4 13 5
4 12 4
6 12 4
8 12 3
10 11 2
12 11 3
14 11 3
17 11 4
19 11 5
20 11 6
21 11 8
22 12 9
21 11 10
21 12 11
20 13 12
19 14 12
18 14 12
16 14 12
15 14 11
13 14 11
12 14 11
11 13 10
10 12 9
9 12 9
9 11 8
9 11 8
9 10 8
10 10 7
10 9 7
11 9 8
12 9 7
12 9 7
13 9 8
14 9 8
15 9 9
15 9 9
16 10 9
16 10 9
16 10 10
17 9 10
17 9 10
17 9 10
17 9 11
17 9 11
17 9 10
16 8 10
16 8 11
16 8 10
15 8 10
15 7 9
14 7 10
12 7 9
11 7 8
10 7 8
9 7 9
8 8 8
8 7 7
8 7 8
7 7 7
8 6 6
9 5 6
10 6 5
12 5 5
14 5 5
15 4 4
17 4 5
19 4 6
20 3 6
21 3 8
21 3 8
21 3 9
20 3 9
20 3 9
18 4 9
16 4 8
15 5 8
13 4 8
11 4 8
9 4 7
8 4 6
6 4 6
4 3 5
4 2 4
3 1 3
4 0 2
6 0 1
8 0 1
10 -1 0
12 -2 1
15 -3 1
17 -3 1
19 -3 3
20 -3 4
22 -4 5
22 -4 7
21 -3 8
20 -2 9
18 -1 9
17 -1 9
15 0 9
13 0 8
11 1 9
9 0 7
8 1 6
6 0 5
6 9 3
10 4 3
12 3 4
14 2 5
16 2 6
19 3 6
20 3 9
20 3 11
19 5 11
17 7 12
15 8 13
13 11 13
9 12 13
7 12 12
5 12 11
4 12 10
2 11 9
1 11 8
2 9 6
5 9 5
8 8 4
9 6 4
12 5 5
14 5 5
16 4 6
18 4 7
20 4 8
23 6 9
23 6 12
23 8 14
22 9 15
20 10 15
18 11 16
16 13 16
14 14 16
12 15 15
10 15 15
8 15 14
6 14 13
5 14 11
3 12 10
3 11 8
5 10 6
8 9 5
10 8 4
12 6 5
15 5 6
17 4 6
19 4 7
21 5 8
23 5 9
25 6 10
27 7 14
26 7 15
24 9 16
23 11 16
21 12 17
19 14 16
17 15 16
15 15 17
13 15 15
11 15 14
9 14 12
7 13 12
6 12 10
5 10 8
6 9 7
9 8 6
12 7 4
14 6 5
16 5 5
18 4 6
20 4 6
22 4 7
24 5 7
26 6 8
28 6 11
28 7 12
28 8 13
27 9 14
25 10 14
23 11 14
21 11 14
20 12 13
17 12 13
15 12 12
14 12 11
12 11 10
10 9 10
9 9 9
9 7 8
10 6 7
11 6 7
12 5 6
13 5 6
15 4 5
16 4 6
18 5 6
21 5 6
22 7 6
23 6 7
25 7 6
26 7 8
26 7 8
27 8 9
27 8 10
28 8 10
28 8 10
28 8 11
28 8 11
28 7 11
27 8 11
26 7 11
25 8 11
23 7 10
22 7 10
20 7 10
18 7 9
16 7 8
15 8 8
13 8 8
12 7 7
12 7 6
11 7 6
13 7 5
15 7 4
18 7 3
20 7 3
22 7 4
24 6 4
26 6 4
28 7 5
30 6 5
32 6 7
33 5 8
32 6 10
32 6 11
32 7 11
29 8 11
28 9 11
25 9 11
24 10 11
22 10 10
20 11 9
18 11 9
16 10 7
14 9 6
12 9 6
12 8 4
14 8 1
17 8 1
20 6 1
22 5 1
23 4 1
25 3 1
27 3 3
29 3 4
32 4 4
33 4 6
35 4 8
34 5 10
33 6 11
32 8 12
29 9 12
27 10 12
25 11 12
24 11 12
21 12 11
19 12 11
17 11 8
16 11 6
14 9 5
14 8 3
15 8 1
18 7 0
20 5 1
22 4 0
24 3 1
26 2 1
28 2 2
30 2 4
32 3 4
35 4 6
36 4 8
35 4 10
34 6 11
31 8 11
30 9 12
28 10 12
25 11 12
23 12 11
21 12 10
20 12 9
18 11 7
15 10 7
16 9 5
17 8 3
19 7 1
22 7 1
24 4 1
26 4 2
28 3 2
30 2 4
32 3 4
34 3 5
35 3 7
36 3 9
34 4 10
33 6 11
32 8 11
29 9 11
27 10 11
25 11 11
22 11 10
21 11 9
19 11 9
18 9 7
19 10 6
21 9 4
24 8 3
26 7 3
27 6 3
30 4 4
32 4 4
33 4 4
35 3 5
37 4 8
37 3 9
36 4 10
35 6 10
33 7 10
31 8 10
30 9 10
27 10 10
25 11 10
23 11 9
21 11 8
20 11 8
19 11 7
19 10 5
21 9 3
24 8 3
26 7 3
28 6 3
30 4 4
32 4 4
35 3 5
36 3 5
38 4 6
40 4 9
8 5 3
10 0 0
12 -1 1
14 -1 2
16 -1 4
17 -1 5
17 -1 7
17 0 8
16 1 9
15 3 10
14 4 10
12 6 10
8 8 9
6 9 9
4 9 8
2 8 8
2 8 7
2 6 5
4 6 4
6 5 3
7 4 3
10 3 3
12 2 3
14 2 4
16 2 5
18 1 7
18 1 8
18 1 10
17 2 10
16 4 10
15 5 10
13 6 11
11 7 11
10 8 10
8 9 9
6 9 9
4 10 8
2 9 7
2 8 7
2 8 5
3 6 4
6 6 3
8 4 3
10 3 3
13 2 3
15 1 4
17 1 5
19 1 6
20 1 8
21 1 9
20 2 11
20 4 12
18 5 12
17 7 11
15 8 11
13 10 11
11 10 10
9 11 10
7 11 8
5 11 7
4 10 6
2 8 5
2 7 4
4 6 3
5 5 1
8 4 0
11 2 1
12 1 1
15 0 2
17 0 3
19 -1 4
22 0 4
23 1 7
23 1 9
22 2 10
22 4 10
20 5 11
18 8 11
16 8 10
14 9 10
12 10 9
10 10 8
8 11 7
6 10 6
4 8 5
4 8 4
4 6 3
5 4 2
6 3 1
8 1 1
10 1 0
13 0 0
15 -1 2
17 -1 2
19 0 3
21 0 4
22 0 6
23 1 7
23 2 8
22 3 9
21 4 10
20 6 10
18 8 9
17 8 10
15 9 8
13 9 8
11 8 8
9 8 7
8 7 7
7 6 6
7 5 5
7 4 5
7 3 4
7 3 5
8 2 4
9 1 4
10 1 4
11 1 4
12 1 4
12 1 5
13 2 5
14 2 5
15 3 6
15 4 6
16 4 6
15 4 6
16 5 6
16 4 6
16 5 7
16 5 7
16 4 7
16 4 7
15 4 8
15 4 7
14 3 7
14 4 8
12 4 7
11 4 7
10 4 6
8 4 5
7 4 6
6 3 4
5 4 4
4 4 4
5 4 3
5 4 2
6 4 1
8 3 1
10 3 0
11 3 1
14 3 0
16 3 1
19 2 1
20 2 3
21 1 4
22 1 5
22 1 7
21 2 8
20 3 8
19 3 8
17 4 8
16 5 8
14 5 7
12 6 6
10 7 6
8 8 5
6 6 4
4 6 3
4 5 1
3 4 0
4 4 -1
5 3 -2
8 2 -2
10 1 -3
12 1 -2
15 0 -2
16 0 -1
19 -1 0
20 0 1
23 0 3
24 0 5
24 0 7
23 1 8
22 2 9
21 4 9
19 6 10
17 7 10
15 8 9
13 9 8
11 10 7
9 9 5
8 9 4
6 8 3
4 7 2
4 6 -1
7 4 -2
10 3 -3
12 2 -3
13 0 -2
16 -1 -1
18 -2 0
20 -2 1
22 -2 2
25 0 4
26 0 6
26 0 8
24 2 9
23 4 10
21 5 11
19 7 10
17 8 10
15 9 10
13 9 9
11 10 8
9 10 7
7 9 6
6 8 4
8 8 2
10 7 1
12 6 0
14 5 0
16 3 1
19 2 1
20 1 3
23 1 4
24 1 4
26 2 7
27 2 9
26 3 10
24 4 10
22 6 11
20 8 12
18 9 11
16 10 11
15 11 11
12 11 10
11 11 8
9 11 8
8 11 7
10 9 4
13 9 3
15 8 3
17 6 3
19 5 3
21 3 4
24 3 4
25 3 6
27 3 7
29 3 9
27 3 11
7 2 0
11 2 1
14 0 1
15 0 3
17 1 4
20 1 5
21 2 9
20 3 10
19 4 11
17 6 12
15 8 12
13 9 12
9 12 11
7 12 10
5 12 10
3 12 8
1 11 7
1 10 5
3 10 3
6 9 2
8 7 2
10 6 2
12 5 3
14 3 4
17 2 5
19 2 5
21 3 7
23 3 9
22 5 11
20 5 11
19 7 11
17 9 12
15 10 12
13 11 12
11 12 12
9 13 11
7 13 10
6 12 9
4 12 8
4 11 6
6 10 4
9 10 4
11 8 3
13 6 4
16 5 4
17 4 4
20 4 6
22 4 6
24 4 8
23 4 9
23 4 11
22 6 11
19 7 11
18 9 11
16 10 12
14 11 11
12 12 11
10 12 10
8 12 9
6 11 7
5 10 7
5 10 5
7 8 3
11 8 1
12 6 2
15 4 2
17 4 2
19 3 3
21 2 4
23 2 5
25 3 6
27 4 8
27 3 10
25 4 11
24 6 11
22 9 12
20 9 12
19 11 12
16 12 12
15 12 10
12 12 9
10 12 8
9 11 6
6 10 5
6 9 3
7 8 1
11 7 0
13 5 0
15 4 0
17 2 0
19 1 0
21 1 2
23 0 3
25 1 3
27 2 5
29 3 7
29 3 9
28 4 11
26 6 11
24 7 11
23 9 11
21 10 11
19 11 11
16 11 10
15 11 9
12 11 8
11 10 7
9 10 6
8 8 4
9 7 2
11 6 0
14 5 0
16 4 1
18 2 1
20 1 1
21 1 2
24 1 3
26 1 4
27 2 4
30 3 5
32 4 8
31 4 9
30 5 10
28 6 11
27 8 10
24 9 10
22 10 10
20 10 10
19 11 9
17 10 9
15 9 8
13 8 8
11 7 7
11 6 6
11 6 6
12 5 5
14 5 4
15 4 4
17 4 4
19 3 4
21 4 4
23 4 4
24 4 5
26 5 5
28 5 5
30 6 6
31 6 7
31 6 8
32 6 8
33 7 8
32 7 9
33 7 9
33 7 10
33 6 10
32 6 10
31 6 10
30 6 10
28 6 10
27 6 10
25 6 9
23 7 10
21 8 9
20 7 8
17 7 8
15 6 7
15 6 7
15 6 6
16 6 4
17 6 3
20 7 3
22 6 2
24 5 3
26 5 3
28 4 4
30 4 4
32 4 5
34 4 6
36 4 6
37 4 9
36 3 10
36 5 11
34 6 11
32 8 11
30 9 11
28 8 10
26 9 10
23 10 9
22 9 8
20 10 7
18 9 5
16 8 4
15 8 3
16 6 1
20 7 -1
22 5 -1
24 4 0
26 3 0
28 2 0
30 1 1
32 1 2
34 1 3
36 1 4
38 1 6
37 2 9
37 3 10
35 5 11
33 6 11
32 8 11
29 9 11
27 10 10
25 10 9
23 10 9
21 10 7
21 10 5
18 9 4
16 7 4
17 7 0
20 6 -1
23 5 -1
24 4 -1
27 2 0
28 0 0
31 0 1
32 0 3
34 0 4
36 0 4
38 1 7
38 1 9
37 2 11
35 4 11
33 6 11
31 8 11
29 9 11
27 10 10
25 10 9
23 10 9
21 10 7
20 9 6
18 8 5
19 7 2
22 6 0
24 5 1
27 3 0
28 3 1
30 1 1
32 1 2
34 0 3
36 0 4
38 1 5
39 1 8
8 3 -1
11 2 -2
13 1 -1
15 0 0
17 0 2
19 1 3
21 1 5
23 2 8
21 4 9
19 6 9
17 7 10
15 8 11
11 11 11
9 12 10
7 12 9
5 12 9
4 11 7
1 10 7
2 9 4
5 10 1
8 8 1
10 6 1
12 4 2
14 3 2
16 2 3
18 2 4
20 2 4
23 3 6
24 3 9
23 4 11
22 5 11
20 7 12
17 8 12
15 10 13
14 11 12
12 12 12
10 12 11
8 12 11
6 12 9
4 10 9
5 10 6
8 9 4
11 8 3
14 6 4
15 5 4
16 4 4
19 3 6
21 3 6
23 3 6
25 3 8
26 3 11
25 4 11
22 6 11
21 7 11
19 9 12
17 10 13
15 11 12
13 11 11
11 11 11
9 11 10
7 11 8
6 9 9
6 9 6
10 8 4
13 7 3
15 4 3
17 4 3
19 2 4
20 1 5
23 1 5
24 1 7
27 1 7
29 3 9
29 3 11
28 4 13
26 6 13
24 7 13
22 9 14
20 10 14
18 11 13
16 12 12
14 11 11
12 11 10
11 11 9
9 10 7
8 8 6
9 8 3
13 7 2
15 5 1
17 3 2
19 2 2
21 1 3
23 0 4
25 0 5
27 1 5
29 2 7
32 3 9
31 4 11
31 5 13
29 7 13
27 8 13
25 10 14
23 11 14
21 11 14
19 11 12
17 12 11
15 11 10
13 11 9
11 10 8
10 8 6
10 8 4
14 7 3
16 6 3
18 4 3
20 4 3
22 3 4
24 3 4
26 3 5
27 3 6
30 4 7
32 5 7
35 6 9
33 6 12
33 7 12
31 8 12
29 9 12
27 11 13
25 11 12
23 11 12
21 11 11
19 11 11
17 10 10
15 9 10
14 8 9
13 7 8
13 7 8
15 6 7
16 6 6
19 6 5
20 5 5
23 5 5
25 5 5
27 6 5
29 6 6
31 7 6
33 7 7
35 8 7
37 8 7
38 8 8
39 8 9
40 8 9
40 8 10
41 8 11
41 8 11
40 7 11
39 7 11
38 8 12
37 7 11
35 7 11
33 7 10
32 7 11
29 7 10
27 8 9
26 8 9
24 8 8
22 7 7
20 7 7
21 8 6
23 8 4
24 8 3
28 8 4
30 7 4
31 6 3
33 6 4
36 6 4
37 6 4
39 5 6
41 6 6
43 5 7
44 5 9
43 4 11
42 6 12
41 7 12
38 8 12
36 9 12
34 9 11
32 10 11
30 10 11
28 10 9
26 10 8
24 10 7
22 9 5
22 8 4
23 8 1
26 8 0
28 7 0
31 5 0
32 4 0
35 4 2
36 3 2
38 3 3
40 3 4
42 3 5
43 4 8
44 4 10
43 5 11
42 6 11
40 7 12
37 9 11
36 10 12
33 11 11
31 11 10
30 11 10
27 11 8
25 11 6
23 10 5
22 9 4
24 8 0
27 8 -1
29 6 0
31 5 0
32 3 0
35 2 0
36 1 1
38 1 3
40 2 4
42 2 5
44 3 6
44 3 9
43 5 10
41 6 10
39 7 11
37 8 11
35 10 11
33 10 10
30 10 9
28 10 8
27 10 7
25 9 5
23 8 4
25 8 1
28 7 0
31 6 -1
32 4 -1
34 3 0
37 1 1
38 1 1
40 0 2
42 0 2
44 1 4
8 4 -2
7 8 10
8 8 11
7 8 11
7 8 12
6 8 11
7 8 12
7 8 11
7 7 12
7 7 12
6 8 11
6 7 11
6 6 9
5 7 9
4 6 7
3 5 6
4 4 5
3 4 6
2 3 4
1 2 4
1 1 2
0 0 3
0 -1 2
-1 -1 2
-2 -2 1
-2 -4 1
-4 -5 0
-4 -5 0
-5 -6 0
-5 -5 -1
-5 -5 -2
-4 -4 -2
-4 -4 -1
-2 -3 -2
-2 -2 -2
-2 -1 -1
0 0 -1
1 1 0
2 1 0
3 2 0
4 3 1
4 3 3
4 3 4
4 3 4
5 3 4
4 3 5
4 2 5
3 2 5
3 1 4
3 1 4
3 0 4
2 0 4
3 0 3
1 0 3
1 -1 2
1 0 1
0 -1 1
0 -1 1
0 -1 1
0 -1 1
0 -1 0
0 0 0
1 0 1
0 1 0
1 0 0
1 0 0
1 1 1
1 1 1
1 1 1
1 1 2
1 1 2
1 1 2
1 1 2
1 1 2
1 1 2
1 1 2
2 1 3
1 1 3
1 1 3
2 1 3
3 3 3
3 3 3
3 4 3
4 3 4
4 4 4
4 5 4
4 5 5
4 5 6
4 6 6
5 6 6
5 6 7
5 6 7
5 6 8
5 6 8
5 6 8
5 6 8
5 6 8
4 6 8
5 6 9
4 6 8
4 6 8
4 6 8
4 6 8
4 6 8
4 5 7
4 5 7
3 5 7
4 5 7
3 4 7
3 4 7
2 4 7
3 4 6
2 3 6
2 2 6
1 2 6
1 1 6
1 0 5
0 -1 4
0 -1 4
-1 -2 3
-1 -4 3
-2 -5 2
-3 -5 1
-3 -6 0
-4 -6 -1
-4 -6 -2
-2 -5 -3
-2 -4 -3
-2 -4 -3
-1 -3 -4
0 -1 -4
1 0 -3
2 0 -3
3 2 -2
3 4 -1
4 4 0
5 4 1
5 4 2
5 4 3
5 4 4
5 4 5
4 4 5
3 3 5
3 2 5
2 1 5
2 0 4
1 0 4
1 0 3
0 -1 3
0 -2 2
-1 -2 2
-1 -2 1
-1 -3 1
-1 -3 1
-1 -3 0
-1 -3 1
0 -2 0
0 -2 0
0 -1 0
0 -1 0
1 -1 0
1 0 1
1 0 1
1 0 1
1 0 1
1 0 1
1 0 2
1 1 2
0 0 2
0 0 2
0 1 2
0 0 2
0 1 2
1 2 2
1 2 3
2 3 3
2 4 3
2 4 3
4 5 3
4 6 5
5 6 6
5 6 7
6 6 8
6 7 8
6 7 9
6 7 9
6 7 9
6 7 10
6 6 10
6 6 10
6 6 10
6 6 9
6 6 10
5 6 9
5 6 9
4 5 8
4 5 8
4 5 8
3 5 8
4 5 7
4 5 7
4 6 7
3 5 7
4 6 7
4 5 7
4 5 7
4 6 8
3 5 8
4 5 7
4 5 7
4 4 8
4 4 8
4 4 7
3 3 6
3 2 6
3 1 6
2 1 4
1 0 3
1 -1 3
0 -3 2
-1 -4 2
-2 -5 1
-2 -5 0
-3 -5 0
-3 -5 -2
-2 -5 -3
-2 -4 -2
-2 -4 -2
-2 -2 -3
0 -1 -2
0 -1 -2
1 0 -2
1 1 -1
3 1 0
3 1 0
3 2 1
3 2 3
3 0 3
3 1 3
1 1 3
2 0 3
1 0 3
0 -2 2
0 -2 1
-1 -3 1
-1 -4 1
-2 -4 0
-3 -5 0
-4 -5 -1
-4 -5 -2
6 9 9
End
