1 0 0 0
-11 -3 2
-11 -4 2
-13 -4 2
-14 -5 2
-15 -6 1
-17 -7 0
-18 -7 1
-19 -8 1
-20 -10 0
-22 -11 0
-23 -12 -1
-25 -15 0
-26 -16 -1
-28 -17 -1
-29 -18 -2
-29 -19 -2
-30 -20 -2
-31 -22 -3
-32 -22 -3
-32 -24 -3
-33 -24 -3
-32 -24 -3
-32 -25 -4
-32 -25 -4
-32 -26 -4
-31 -25 -4
-31 -24 -4
-29 -25 -5
-27 -23 -5
-26 -23 -5
-24 -22 -5
-23 -21 -4
-21 -19 -3
-20 -18 -3
-18 -17 -3
-17 -16 -2
-16 -16 0
-14 -17 0
-13 -18 0
-12 -20 0
-9 -21 0
-8 -21 0
-7 -20 0
-4 -18 0
-1 -16 0
-1 -15 2
0 -13 4
1 -12 4
3 -10 6
4 -9 6
6 -7 8
7 -5 9
8 -4 11
10 -2 12
11 -1 14
12 0 14
14 3 15
15 4 16
16 4 18
19 6 20
19 7 21
20 8 21
21 9 23
22 10 24
23 11 25
24 11 25
25 12 25
25 13 27
26 14 27
26 14 27
27 15 27
27 15 27
27 15 26
27 15 25
27 15 24
28 15 24
27 15 23
27 14 22
27 14 20
27 14 19
26 14 18
26 13 16
26 13 15
26 12 14
25 13 12
25 13 11
24 12 10
24 11 8
23 11 6
22 11 5
22 11 4
21 11 3
20 11 1
19 11 0
18 11 -1
17 11 -2
16 10 -4
15 11 -4
14 10 -6
13 11 -7
12 10 -8
11 10 -8
10 10 -9
9 9 -9
7 9 -10
6 9 -10
5 9 -10
4 8 -11
3 8 -11
1 8 -12
0 8 -11
0 8 -12
-1 8 -11
-2 8 -11
-3 7 -11
-4 7 -10
-5 8 -10
-5 8 -9
-6 7 -9
-7 7 -7
-7 6 -8
-8 6 -7
-8 6 -7
-9 6 -7
-9 7 -6
-10 6 -5
-10 6 -5
-10 6 -4
-10 6 -4
-11 6 -3
-11 5 -3
-11 5 -2
-11 5 -2
-11 5 -2
-11 4 -1
-10 4 -1
-10 4 0
-10 4 0
-9 4 1
-9 4 1
-8 3 2
-9 4 2
-8 4 3
-8 4 3
-7 4 4
-6 4 4
-5 4 4
-5 4 6
-4 4 5
-3 4 6
-2 4 7
-2 4 7
-1 4 8
0 4 8
1 3 9
1 3 10
2 3 11
4 3 11
4 3 11
5 2 12
7 2 12
6 2 13
7 2 13
8 2 14
9 2 15
9 2 15
10 2 14
11 3 15
12 2 15
12 1 15
13 3 15
14 1 15
14 1 15
15 1 15
15 1 16
16 1 15
16 1 15
17 1 15
18 1 15
19 2 14
18 3 14
19 3 14
20 4 13
20 4 14
20 4 13
20 4 13
21 5 13
21 5 12
22 7 12
22 6 12
22 7 11
22 7 11
22 8 11
23 8 11
22 8 10
22 9 10
22 9 9
22 9 9
22 10 9
22 11 9
23 10 8
22 10 8
22 11 8
21 11 7
21 11 8
22 12 7
21 13 7
21 13 7
21 14 7
20 14 7
20 14 7
20 15 7
20 15 7
20 16 7
19 16 8
19 17 8
19 17 8
18 17 8
18 18 7
18 19 8
17 19 7
17 20 8
18 20 7
17 20 8
16 20 8
16 20 6
15 20 6
15 21 6
15 21 6
15 21 5
14 21 5
14 21 5
14 21 5
13 21 4
13 21 4
12 21 4
12 21 4
11 21 4
11 21 4
11 21 4
11 21 4
11 20 4
10 20 4
9 20 4
9 20 4
9 20 4
8 20 4
8 19 5
7 19 4
-9 -2 2
-10 -3 0
-10 -3 0
-12 -4 0
-12 -4 0
-13 -5 -1
-15 -6 -1
-14 -6 -1
-17 -7 0
-17 -7 -1
-17 -8 0
-19 -8 0
-21 -9 -1
-22 -10 -1
-23 -10 0
-24 -11 -1
-24 -12 0
-25 -12 -1
-25 -12 -1
-25 -13 -1
-25 -13 -1
-24 -14 -1
-24 -14 -1
-23 -13 -2
-22 -13 -1
-21 -13 -2
-21 -13 -2
-18 -12 -2
-17 -12 -2
-15 -11 -2
-14 -10 -2
-12 -10 -1
-11 -10 -1
-9 -8 0
-8 -8 -1
-6 -7 0
-4 -5 0
-3 -5 0
-1 -3 1
0 -2 1
1 -1 1
3 1 2
4 2 3
6 3 3
7 4 3
8 6 4
10 7 4
11 8 5
12 10 5
13 11 6
14 12 7
15 13 8
17 15 8
18 15 9
19 17 9
20 18 10
22 19 11
22 19 10
23 20 11
25 21 11
25 22 11
25 22 12
26 23 12
27 23 12
27 24 12
28 25 12
29 25 13
30 25 13
30 27 12
31 26 12
31 27 12
31 27 12
32 27 12
32 27 13
33 27 12
32 27 11
33 26 11
32 26 11
33 27 11
33 26 10
33 25 10
33 25 9
32 24 9
32 24 9
32 23 8
32 23 7
31 22 7
30 21 6
30 21 5
29 20 5
28 20 4
28 19 4
27 18 3
26 17 2
25 16 2
25 16 1
23 15 1
23 14 0
22 14 0
21 13 1
20 12 0
19 11 0
19 11 -1
17 10 -1
16 9 -2
14 9 -2
13 8 -2
12 7 -3
11 7 -3
10 6 -3
9 6 -4
8 5 -4
6 5 -4
5 4 -5
4 4 -3
3 3 -5
2 3 -5
0 3 -5
0 2 -5
-2 1 -5
-2 2 -5
-4 0 -5
-4 0 -5
-5 -1 -5
-6 -1 -5
-7 -1 -5
-7 -3 -5
-9 -3 -4
-9 -4 -5
-10 -5 -5
-10 -5 -4
-11 -6 -5
-12 -7 -4
-12 -8 -4
-12 -8 -4
-12 -8 -4
-13 -9 -3
-13 -10 -3
-13 -11 -2
-13 -12 -2
-13 -12 -2
-13 -13 -2
-13 -13 -2
-12 -13 -1
-13 -14 0
-12 -15 0
-12 -16 0
-12 -16 1
-12 -17 0
-11 -17 0
-11 -17 1
-11 -18 1
-10 -18 1
-10 -19 1
-9 -20 2
-9 -19 1
-8 -20 2
-8 -21 2
-7 -21 2
-7 -21 2
-6 -21 3
-5 -22 3
-5 -22 3
-4 -21 3
-3 -21 4
-2 -21 3
-1 -20 3
-1 -20 4
1 -20 4
1 -20 4
2 -19 4
3 -18 4
4 -18 4
5 -17 4
6 -16 4
7 -14 5
8 -14 4
9 -13 4
11 -12 4
12 -11 5
13 -9 6
14 -8 6
15 -7 5
16 -5 6
17 -3 6
19 -2 7
20 0 7
21 1 8
22 3 8
23 4 8
24 5 8
24 6 8
25 7 8
26 8 9
27 10 9
28 11 9
28 12 9
29 14 9
30 15 9
31 16 10
31 17 10
32 18 10
32 19 9
32 20 9
32 21 10
32 22 9
33 23 10
33 24 9
33 25 9
33 25 8
32 27 8
32 26 8
32 27 7
33 28 7
32 28 7
31 30 6
31 29 5
31 29 5
30 29 5
28 29 4
28 30 4
27 29 3
26 29 2
25 28 3
24 28 1
23 28 1
23 27 0
22 26 0
21 26 0
20 26 -1
19 25 -1
17 25 -1
17 24 -1
15 23 -2
14 23 -2
14 22 -2
12 21 -2
11 20 -3
10 19 -3
9 18 -3
8 17 -3
7 16 -4
6 15 -4
4 15 -4
4 14 -4
3 13 -3
3 12 -3
1 11 -4
0 11 -3
0 9 -3
-9 -2 1
10 6 4
10 7 5
10 8 5
10 8 6
11 8 6
11 8 5
12 9 6
12 9 6
12 9 6
14 10 6
13 11 6
13 11 5
14 11 6
14 11 6
14 11 6
14 11 6
14 11 5
14 11 5
14 11 5
14 11 5
15 11 5
14 11 5
14 10 4
14 11 5
14 10 5
14 11 4
13 10 5
13 10 4
12 9 4
11 10 3
11 9 3
11 8 4
10 8 3
10 9 3
9 8 3
8 7 2
8 7 2
8 6 2
7 6 2
7 6 1
6 7 1
6 6 1
6 7 1
5 6 2
4 5 1
3 5 1
3 5 1
3 5 2
2 4 0
1 5 0
1 4 0
0 4 1
0 4 1
-1 4 0
-2 4 0
-2 3 0
-3 2 0
-3 2 0
-4 2 0
-4 2 0
-5 1 0
-5 0 0
-5 0 0
-5 0 0
-6 0 0
-7 0 0
-7 0 0
-7 -1 -1
-7 -2 -1
-8 -2 -1
-9 -3 0
-9 -3 0
-9 -3 0
-10 -3 0
-10 -4 -1
-10 -4 -1
-10 -5 0
-10 -6 0
-11 -6 0
-11 -6 0
-11 -5 0
-11 -6 0
-11 -6 0
-11 -7 -1
-11 -6 0
-11 -7 0
-11 -8 0
-10 -8 0
-11 -8 0
-11 -8 0
-10 -8 0
-11 -9 0
-11 -9 0
-11 -8 1
-10 -9 0
-10 -9 0
-10 -9 0
-9 -9 0
-9 -9 0
-9 -9 0
-8 -9 0
-8 -9 0
-7 -9 0
-7 -9 1
-7 -9 1
-6 -9 1
-6 -8 1
-5 -8 2
-4 -8 1
-4 -7 2
-4 -7 3
-3 -6 2
-2 -6 3
-2 -5 2
-1 -5 3
-1 -5 3
0 -3 3
0 -4 3
1 -3 3
2 -3 3
3 -2 3
3 -1 3
4 0 3
4 0 3
5 1 3
6 1 3
6 1 4
7 3 4
8 3 4
8 3 4
8 4 4
9 4 6
10 5 4
10 6 5
11 6 5
11 7 5
11 9 5
11 8 6
12 9 5
12 10 5
13 10 5
13 11 5
13 11 5
14 11 5
13 12 5
14 12 5
14 12 5
15 13 6
14 13 5
14 14 5
15 14 5
14 14 5
14 14 4
14 14 6
14 14 4
14 15 4
14 15 4
13 15 4
12 15 4
12 15 4
13 15 4
11 14 3
11 15 3
10 15 3
11 14 3
9 14 2
9 15 2
8 14 2
8 13 1
7 13 2
7 12 1
6 11 1
6 11 1
5 11 1
5 10 1
4 10 1
4 9 1
3 9 0
2 8 0
2 8 0
2 8 1
0 7 0
0 7 0
-1 6 0
-1 5 0
-1 5 -1
-2 4 -1
-3 4 0
-4 3 0
-4 3 0
-4 3 0
-4 2 0
-5 1 -1
-5 1 0
-5 1 0
-6 1 0
-6 0 0
-6 0 0
-6 0 0
-7 -1 0
-6 -1 0
-7 -1 0
-7 -1 0
-7 -2 0
-8 -3 0
-7 -2 1
-7 -2 0
-7 -3 0
-7 -3 1
-7 -3 1
-7 -3 0
-7 -4 1
-6 -4 0
-6 -3 1
-6 -4 1
-6 -4 1
-5 -4 1
-5 -4 1
-4 -4 2
-5 -4 2
-5 -4 2
-5 -4 2
-4 -5 2
-4 -4 2
-4 -4 2
-4 -5 2
-3 -5 2
-3 -5 1
-3 -4 2
-3 -4 2
-2 -5 3
-2 -4 2
-1 -4 2
-1 -4 2
0 -4 3
0 -5 3
1 -4 2
0 -4 3
1 -4 4
1 -4 3
1 -3 4
2 -3 3
2 -3 3
2 -3 4
2 -2 4
3 -2 4
2 -2 3
2 -2 4
3 -2 4
9 6 4
3 0 10
3 0 10
2 0 10
2 0 10
2 0 10
3 0 10
3 0 10
3 0 10
2 0 10
2 0 11
2 0 10
2 0 10
2 0 11
2 0 11
2 0 11
2 0 11
2 0 10
2 0 11
2 1 11
2 1 11
2 0 11
2 0 11
2 1 11
2 1 11
2 0 11
2 0 11
2 1 11
3 1 11
2 1 11
3 1 11
2 1 11
2 1 11
2 1 10
2 1 11
2 0 10
2 1 11
2 1 11
1 0 11
2 0 10
2 1 10
3 1 10
2 1 10
2 2 10
2 1 10
3 1 10
2 1 10
2 1 10
2 1 10
2 2 10
2 1 10
3 1 10
3 2 10
2 2 10
2 2 10
2 2 10
2 2 11
2 3 10
2 2 10
3 2 10
2 2 10
2 2 9
3 3 9
2 3 8
2 3 8
2 3 8
2 3 8
2 4 8
2 4 8
2 3 8
2 3 7
2 4 8
2 4 8
2 4 8
2 4 8
3 4 7
2 4 8
2 3 8
2 4 7
2 4 7
2 4 7
2 4 8
1 4 7
2 4 7
2 4 6
2 3 6
2 4 6
1 4 6
2 4 7
2 3 6
2 4 6
3 4 6
2 4 5
2 4 6
2 4 5
2 4 5
3 4 6
2 4 5
1 4 6
2 4 6
2 4 6
3 4 5
2 4 5
2 4 5
2 4 6
2 4 5
3 4 5
2 5 5
2 5 5
1 5 6
2 5 6
2 5 5
2 5 5
3 5 5
2 5 5
2 5 4
2 5 4
2 6 4
2 5 4
3 5 4
2 5 4
2 4 4
2 5 4
2 5 4
2 5 4
2 5 3
2 5 3
2 5 3
2 4 4
2 4 4
2 4 4
2 4 4
3 4 3
1 4 4
2 4 3
2 4 3
2 5 3
2 4 2
2 4 2
2 3 3
2 4 3
2 4 2
2 4 2
3 4 2
1 4 2
1 3 1
2 4 2
2 3 2
2 3 1
2 3 1
1 3 2
2 4 2
2 3 1
2 3 1
2 3 2
1 3 1
2 4 1
2 3 2
2 3 1
2 3 1
2 2 2
1 3 1
2 3 1
1 3 1
2 3 1
1 3 0
1 3 2
1 3 1
1 3 0
1 3 1
2 3 0
1 3 0
1 3 0
1 3 0
1 4 0
1 2 0
1 2 0
1 2 0
1 2 0
1 2 0
1 2 0
1 2 0
1 2 0
0 2 0
0 1 0
0 2 -1
0 2 -1
0 2 0
0 2 -1
0 1 -1
0 2 -1
0 2 0
0 1 0
0 2 0
0 1 -1
0 2 -1
0 1 -1
0 1 0
0 1 -1
0 1 0
1 1 -1
0 0 -1
0 1 -1
1 1 -1
0 1 -1
0 1 -1
0 1 -1
0 1 -1
0 1 -1
0 1 -1
0 1 -1
0 1 -1
0 1 -1
0 2 -1
0 1 -1
-1 1 -1
0 1 -1
0 2 -1
0 1 -1
1 1 -1
0 1 -2
0 2 -2
1 2 -1
0 1 -2
0 1 -2
0 2 -1
-1 1 -1
0 1 -2
0 2 -2
0 1 -2
0 2 -1
0 1 -1
0 1 -2
0 1 -1
-1 1 -1
0 2 -1
0 1 -1
0 1 -1
0 1 -2
0 1 -1
0 1 -1
0 1 -2
0 1 -2
0 1 -2
0 1 -2
0 1 -3
0 1 -2
0 2 -2
0 1 -2
0 0 -2
2 0 9
End
