1 0 0 0
-12 -15 -25
-14 -17 -34
-4 -18 -43
-26 -14 -24
-20 -15 -46
-33 -18 -54
-25 -25 -48
-25 -28 -36
-21 -29 -47
-33 -21 -48
-29 -30 -48
-23 -35 -49
-16 -32 -64
-15 -31 -56
-29 -43 -38
-22 -36 -38
-26 -23 -38
-31 -33 -40
-35 -37 -48
-27 -29 -54
-28 -32 -38
-28 -37 -42
-24 -34 -46
-19 -29 -27
-22 -27 -37
-22 -29 -22
-22 -23 -2
-13 -30 -9
-3 -30 -14
-28 -27 -20
-17 -18 -2
-3 -24 16
-6 -24 18
-5 0 22
2 -19 14
4 -10 40
4 3 40
21 -11 73
12 12 66
29 17 57
28 25 74
26 10 81
37 12 85
44 11 80
45 23 72
42 22 77
50 38 64
47 32 75
49 31 63
45 54 65
26 63 48
31 47 40
34 54 18
27 36 31
36 35 6
29 16 13
9 28 6
6 21 -1
-10 25 -27
1 19 -23
5 8 -36
-13 2 -26
-26 -10 -33
-4 -20 -31
-8 -14 -30
-17 1 -24
-34 -21 -41
-31 -16 -36
-28 -4 -22
-19 -16 -43
-32 -24 -24
-28 -13 -33
-19 5 -30
-33 -15 -32
-23 1 -42
-35 -16 -41
-14 -13 -57
-38 -19 -67
-12 -14 -37
-30 -18 -73
-18 -25 -63
-27 -4 -61
-41 -22 -56
-27 -21 -64
-31 -22 -65
-34 -26 -67
-49 -33 -74
-40 -24 -97
-44 -21 -79
-43 -47 -94
-41 -37 -72
-35 -32 -65
-44 -32 -79
-34 -42 -60
-30 -36 -68
-28 -27 -75
-48 -38 -65
-29 -43 -62
-22 -38 -66
-32 -37 -44
-24 -47 -46
-26 -47 -43
-36 -43 -51
-26 -35 -46
-23 -29 -41
-19 -23 -34
-22 -34 -37
-31 -26 -14
-24 -43 -14
-17 -31 15
9 -39 21
-9 -17 47
-5 -15 63
18 -18 93
20 -21 92
27 -1 124
38 -2 150
51 11 157
67 3 155
88 19 149
91 35 144
108 55 143
102 63 133
96 67 121
98 72 103
90 90 94
79 95 65
75 78 56
66 86 41
56 76 25
41 62 7
28 66 -5
27 43 -20
-5 31 -30
-20 16 -57
-7 13 -56
-34 10 -49
-42 22 -71
-41 18 -49
-18 19 -47
-31 -11 -42
-21 -20 -31
-23 -22 -13
-30 -7 -2
-13 -16 2
0 -14 15
0 -9 17
12 -2 23
11 6 32
13 -3 34
34 -7 34
29 0 41
32 18 44
51 5 27
39 6 21
34 25 10
44 16 18
14 18 9
7 15 8
30 20 4
8 17 3
0 14 -1
-8 15 -7
-4 9 -18
6 23 -17
-13 20 -19
-26 7 -31
-16 19 -28
-8 11 -34
-17 9 -37
-14 6 -12
-25 10 -11
-21 10 -15
-18 4 -33
-14 0 -28
-15 10 -16
-12 -15 -18
-30 -10 -23
-14 -1 -20
-12 -17 -9
-15 -17 -12
-15 -11 -22
-29 -12 -23
-16 -14 -33
-13 -21 -52
-25 -17 -36
-24 -25 -44
-34 -35 -48
-27 -34 -43
-31 -39 -44
-32 -28 -53
-38 -39 -54
-45 -38 -59
-47 -50 -54
-35 -39 -52
-32 -49 -56
-44 -44 -54
-27 -47 -62
-16 -33 -51
-35 -38 -51
-33 -38 -40
-16 -17 -36
-12 -32 -7
-8 -29 5
-3 -35 24
2 -24 33
11 -14 41
19 -7 73
39 -15 91
67 10 116
87 9 121
86 30 137
96 45 148
111 61 157
121 63 149
125 77 138
134 85 150
140 96 143
127 100 127
134 112 103
109 108 105
102 119 79
90 102 75
80 95 64
50 86 42
39 85 21
37 60 12
13 52 -9
0 45 -14
-14 17 -27
-34 25 -25
-39 4 -40
-36 7 -52
-44 -10 -51
-50 -14 -50
-63 -26 -44
-50 -14 -44
-44 -28 -44
-27 -36 -19
-46 -33 -28
-30 -23 -12
-17 -29 -11
-14 -29 13
-22 -17 15
-13 -13 10
10 -12 20
13 -15 9
-1 -3 10
16 12 13
1 -6 -8
-80 -21 -69
-86 -52 -81
-60 -50 -68
-58 -54 -61
-72 -50 -51
-71 -53 -43
-57 -44 -49
-51 -41 -32
-13 -44 -17
-7 -37 8
-5 -36 15
4 -27 41
19 -6 53
30 -14 52
45 5 50
73 20 73
93 20 96
95 23 102
101 41 98
94 56 86
107 49 73
117 46 78
106 73 80
100 95 62
82 103 54
71 81 40
93 60 28
65 58 25
36 59 11
46 63 4
22 66 -11
24 64 -3
13 42 -4
-8 24 -1
-9 32 -2
-14 23 -22
-31 23 -29
-13 21 -17
-7 7 3
-15 6 2
-25 13 -4
-16 13 -7
-4 -3 -2
8 -6 10
5 -5 22
-1 -3 7
5 1 4
8 -3 -2
17 -22 -14
1 -22 -5
-4 -16 -18
-12 -8 -31
-28 -24 -52
-35 -32 -63
-43 -47 -83
-46 -51 -90
-72 -40 -98
-92 -48 -110
-102 -55 -110
-110 -71 -127
-113 -85 -146
-130 -103 -135
-128 -107 -51
-136 -107 -56
-143 -117 -119
-128 -106 -87
-56 -118 10
-30 -121 42
-94 -113 30
-46 -42 69
23 -27 51
45 -69 85
57 -42 127
109 22 134
96 58 72
103 82 109
141 89 110
142 68 67
93 72 82
136 121 96
122 128 35
39 92 -2
79 109 -1
81 105 -42
28 32 -27
-4 41 -20
-26 43 -96
-71 23 -128
-43 -16 -83
-30 -42 -97
-103 -65 -117
-125 -55 -105
-77 -45 -114
-94 -79 -130
-99 -97 -82
-67 -76 -68
-74 -74 -83
-87 -76 -44
-54 -66 -39
-42 -80 -49
-51 -79 -20
0 -59 19
15 -54 16
2 -37 31
22 -18 46
36 -4 36
57 -17 77
68 2 112
71 35 71
70 52 51
107 62 114
121 69 115
90 68 90
75 106 100
107 126 85
115 95 76
91 105 94
92 135 93
77 124 62
68 121 70
76 118 40
59 98 18
42 99 30
57 104 43
7 66 7
17 84 9
35 61 -7
25 21 12
18 44 31
14 48 15
7 32 1
18 20 26
30 2 21
5 -2 21
1 7 39
39 21 35
45 9 32
34 -11 42
45 16 40
40 22 36
31 12 46
30 21 51
33 26 18
21 2 18
34 14 25
38 12 5
15 6 -5
-2 16 -4
-15 -4 -19
-26 -23 -32
-28 -40 -47
-36 -40 -63
-66 -36 -78
-90 -56 -80
-83 -72 -106
-112 -63 -135
-114 -93 -138
-103 -111 -125
-116 -99 -124
-144 -107 -140
-143 -125 -129
-122 -148 -94
-94 -154 -95
-91 -147 -109
-97 -116 -64
-65 -110 1
-53 -104 14
-63 -102 33
-25 -57 62
39 -30 55
52 -51 85
59 -12 134
89 39 151
69 54 101
95 62 115
137 97 110
124 73 79
85 82 92
99 115 78
81 121 34
38 90 1
48 86 -10
35 72 -56
0 30 -60
-25 34 -47
-53 34 -103
-98 -8 -133
-89 -39 -118
-71 -53 -126
-121 -70 -139
-139 -78 -115
-113 -83 -133
-115 -84 -135
-120 -113 -102
-92 -97 -75
-91 -87 -69
-88 -74 -44
-49 -43 -30
-37 -60 -20
-34 -60 14
-2 -19 38
34 -9 38
30 9 63
48 34 78
69 36 65
69 45 77
85 47 105
94 66 87
88 91 76
96 84 65
94 94 73
88 82 72
74 66 67
56 70 66
55 72 45
55 54 45
36 52 34
38 53 41
30 38 28
14 24 24
18 45 14
16 33 7
11 16 8
7 19 18
14 15 22
13 6 -4
2 8 9
24 15 3
27 15 11
22 13 27
26 22 25
24 21 18
15 22 30
45 40 33
47 33 23
26 38 34
40 38 38
46 41 32
47 48 24
56 51 36
54 40 30
38 52 34
39 52 37
23 35 23
20 25 19
26 4 13
20 -2 12
10 -18 0
-17 -23 -8
-60 -25 -59
-7 -20 -14
-18 -12 -22
-6 -6 -36
-7 -25 -26
-2 -33 -30
-11 -24 -40
-8 -39 -27
-9 -25 -54
-10 -42 -28
-20 -42 -34
-24 -22 -33
-24 -28 -37
-25 -38 -43
-18 -38 -39
-18 -23 -36
-7 -40 -46
-10 -25 -49
-23 -36 -56
-29 -49 -54
-19 -40 -39
-18 -18 -33
-15 -35 -40
-31 -24 -42
-25 -15 -34
-18 -17 -40
-31 -13 -30
-30 6 -27
-32 -2 -39
-23 -2 -30
-28 3 -24
-24 6 -15
-16 20 -19
-18 10 -12
-10 20 2
-6 10 -1
-7 30 22
11 26 41
11 43 67
10 39 70
16 70 69
32 50 83
21 69 59
18 74 89
29 77 91
46 73 106
50 86 96
37 85 98
71 79 111
54 74 95
48 65 103
56 73 102
41 66 95
65 65 89
61 70 95
63 54 70
66 60 77
65 41 68
61 45 60
54 31 50
54 19 43
45 41 42
36 27 31
45 34 21
30 16 25
30 16 15
28 9 12
30 8 3
15 -5 -8
7 -2 -7
13 -11 -31
-2 -8 -30
7 -12 -36
-12 -23 -35
2 -22 -50
-9 -16 -46
-10 -22 -80
-15 -24 -59
-18 -20 -72
-27 -34 -68
-11 -46 -51
-28 -28 -68
-24 -50 -66
-26 -54 -86
-31 -62 -70
-32 -58 -95
-39 -64 -105
-28 -65 -79
-53 -78 -119
-41 -67 -97
-41 -78 -104
-45 -72 -106
-46 -66 -101
-49 -78 -88
-40 -66 -96
-46 -84 -95
-51 -80 -91
-59 -93 -107
-46 -97 -109
-50 -98 -109
-58 -100 -126
-45 -104 -126
-59 -110 -146
-60 -96 -140
-52 -105 -148
-68 -79 -87
-62 -42 -30
-73 -32 -5
-62 -19 0
-67 5 40
-54 32 64
-42 45 49
-12 63 83
13 73 89
15 98 110
23 112 135
27 103 131
30 121 135
47 134 157
45 133 140
57 129 130
78 114 130
66 114 139
87 116 133
96 107 126
77 67 114
89 55 106
63 50 83
73 35 67
65 21 62
54 31 57
59 15 62
54 -2 45
37 -4 39
37 -11 9
31 -20 15
39 -23 9
30 -22 4
18 -10 17
15 -8 6
10 -17 0
12 -7 -3
13 -1 -10
10 -14 -9
4 -1 -6
6 -9 -6
4 0 -19
2 -14 -24
-4 -18 -33
-7 -10 -37
5 -6 -38
-14 -19 -24
-7 4 -20
-12 -1 -43
5 -2 -24
-13 -2 5
6 -29 -40
12 -31 -42
2 -29 -33
17 -24 -27
7 6 -5
13 2 21
-15 27 11
-29 60 48
12 62 58
10 76 81
9 76 82
42 76 90
32 74 77
41 68 78
77 58 51
75 56 84
52 53 64
60 45 58
44 31 61
40 32 67
37 41 74
32 30 58
30 13 66
29 30 66
14 24 51
4 1 45
33 -3 46
-8 -28 7
-2 -37 7
-10 -28 4
-7 -47 -50
-7 -67 -38
-16 -87 -52
-21 -98 -58
-38 -97 -76
-49 -129 -91
-75 -124 -96
-67 -116 -112
-80 -126 -139
-90 -129 -140
-92 -144 -147
-99 -135 -144
-111 -122 -146
-113 -130 -143
-119 -134 -154
-109 -131 -143
-122 -127 -149
-113 -117 -138
-99 -111 -127
-102 -94 -135
-83 -57 -100
-84 -39 -82
-102 -11 -66
-52 23 -30
-47 38 -8
-35 58 -9
-18 28 -41
0 25 -7
17 42 16
38 49 42
53 99 60
57 107 83
32 120 90
23 143 113
56 147 112
82 128 102
109 121 100
128 114 106
128 114 119
118 117 122
130 105 109
120 108 115
117 84 122
82 105 132
84 102 125
83 95 120
93 92 118
93 105 105
109 89 93
109 80 86
104 58 68
115 50 73
101 38 75
90 37 61
68 35 77
56 50 79
58 66 73
51 57 83
35 62 87
31 68 101
25 76 78
42 77 72
30 51 58
31 33 26
2 -14 -27
22 -8 -25
-17 -26 -38
-8 -16 -19
-4 -3 -11
-15 -10 -19
-9 -12 -27
-7 -19 -21
-13 -6 -27
-8 -23 -8
-9 -18 -31
12 -18 -19
-11 -19 -22
-23 -9 -34
-20 0 -37
10 -18 -40
-22 -3 -39
-2 -9 -9
-16 -15 -32
10 -14 -10
1 -21 -43
-17 -20 -10
-26 -22 -16
-24 -1 -38
-10 -27 -20
14 -20 -15
-20 -14 -3
-10 -7 -14
-3 -16 7
-7 -10 -20
-4 -7 -4
-16 -11 21
-14 0 4
7 -4 6
2 11 11
-4 23 15
-1 27 30
5 31 30
15 28 43
9 21 51
28 18 30
31 31 58
32 38 61
21 36 77
32 34 61
19 62 64
29 36 57
47 57 77
42 26 58
39 33 70
46 45 46
38 45 72
41 21 53
45 16 45
49 15 44
39 25 14
38 22 55
26 6 21
29 -2 44
20 20 14
19 21 6
18 4 -9
13 -4 -17
15 1 9
8 -10 -2
0 6 5
8 -4 -12
8 -16 -1
7 -2 13
-12 9 -20
0 1 16
-11 -1 -4
-12 -2 1
9 3 -14
-7 4 -30
-8 1 -25
-6 -6 -25
-2 -10 -18
5 7 -22
-11 -1 -26
1 -4 -26
4 -11 -36
4 -9 -32
-3 -26 -47
-12 -23 -39
0 -16 -36
-23 -32 -39
-18 -16 -33
-10 -26 -43
10 -19 -43
4 -31 -49
-21 -37 -50
-32 -30 -57
-21 -44 -71
-7 -30 -70
-33 -44 -71
-1 -49 -70
-45 -43 -76
-40 -35 -73
-34 -39 -91
-43 -57 -87
-38 -61 -82
-33 -76 -119
-33 -63 -113
-51 -70 -90
-36 -87 -100
-54 -70 -87
-43 -72 -100
-46 -87 -124
-58 -91 -107
-58 -73 -123
-62 -78 -105
-74 -57 -76
-57 -40 -7
-63 11 103
-60 89 145
-72 111 135
-57 136 156
-26 141 132
15 132 167
78 154 150
104 153 158
126 155 157
107 143 151
109 155 148
121 122 108
151 94 81
137 80 77
149 52 65
134 36 59
110 20 57
84 10 29
66 -3 9
37 -19 -2
28 -51 -19
32 -61 -45
27 -66 -44
2 -58 -48
3 -58 -41
-49 -50 -36
-60 -35 -33
-76 -14 -20
-82 -12 -18
-66 2 -11
-58 9 -4
-48 16 -4
-27 37 18
-26 57 38
-18 75 39
-19 81 47
-2 94 60
2 90 57
19 82 59
34 77 63
49 77 44
45 68 61
56 57 48
34 49 54
25 37 48
38 37 25
49 13 12
43 -2 17
38 -10 -4
25 -25 -4
37 -33 -9
31 -36 -8
-4 -47 -14
-2 -40 -8
-32 -46 -22
-26 -29 -25
-30 -25 -30
-26 -23 -19
-39 -20 -13
-19 -19 -17
-36 -10 7
-45 8 -4
-36 19 9
-20 42 18
-29 35 12
-10 41 18
-22 32 29
5 46 26
-11 38 41
0 44 34
-1 30 36
-7 34 35
-17 18 31
17 23 19
18 12 8
-5 9 4
-3 -10 5
17 -19 8
-7 -24 -5
-22 -23 -14
-36 -35 -18
-11 -39 -9
-24 -44 -28
-48 -46 -26
-30 -46 -30
-43 -40 -26
-24 -36 -33
-33 -32 -40
-49 -36 -28
-54 -33 -35
-56 -27 -28
-56 -19 -38
-49 -18 -29
-37 -18 -34
-32 -14 -17
-14 -1 -22
-28 -5 -26
-6 -14 -20
-22 5 -24
-17 10 -21
2 8 -10
18 4 -18
7 -1 -3
8 2 -14
23 -8 -6
20 -6 -5
30 -2 -17
22 -10 -16
16 0 -7
21 -11 -14
16 -22 -18
-4 -20 -16
9 -17 -16
3 -17 -25
-18 -11 -17
-19 -15 -23
-38 -14 -31
-13 -28 -25
-23 -21 -24
-11 -17 -31
5 -15 -38
-25 -14 -29
-34 -10 -26
-11 -25 -28
-32 -25 -22
-14 -17 -22
-9 -4 -20
-11 -1 -6
-16 -4 -2
-2 -7 -4
2 13 4
33 0 14
24 17 17
20 11 36
13 23 26
28 31 30
-18 -14 -35
End
