1 0 0 0
19 8 2
40 0 -9
21 1 8
4 -5 5
8 0 0
-2 -2 -9
-2 -5 -10
-5 -17 -2
-4 -9 -17
-19 -4 -22
-6 -8 -3
-21 -8 -11
-25 -2 -30
9 -3 -18
-14 -14 -13
-13 -7 -42
-9 -14 -42
4 -16 -29
-25 -14 -54
-3 -25 -57
-27 -30 -42
-23 -25 -57
-34 -19 -51
-32 -18 -52
-38 -24 -43
-43 -19 -51
-33 -12 -39
-37 -11 -30
-34 -15 -32
-37 -12 -22
-28 -7 -13
-32 6 -17
-39 -1 -14
-14 -6 -5
-26 -5 -6
-15 -3 -5
-11 -13 -14
-12 -6 -25
-14 -6 -20
-1 -22 -20
-9 -8 -19
-14 -19 -12
7 -22 -15
-18 -26 -26
-14 -22 -10
-2 -22 -21
-12 -19 1
-8 -23 5
12 -19 16
10 -27 44
16 -21 34
25 -23 63
27 -18 76
30 -6 77
41 13 90
54 10 83
50 7 108
55 32 103
74 32 92
69 49 95
62 41 81
74 33 85
53 37 72
40 51 52
44 46 43
51 38 43
19 32 10
13 36 15
13 34 -7
-3 9 -25
-9 26 -21
-23 13 -15
-25 -1 -18
-15 13 -39
-23 -1 -34
-39 -5 -29
-20 -9 -38
-27 -15 -22
-11 6 -40
-10 -8 -16
-10 0 -26
-6 -7 -18
-14 -12 -22
-17 -8 -29
-12 5 -20
-20 -10 -32
-10 -12 -33
-17 -1 -43
-10 -12 -25
-10 -14 -47
-39 0 -58
-30 -14 -57
-46 -10 -68
-42 -8 -66
-39 -30 -75
-49 -14 -80
-49 -15 -73
-56 -19 -69
-58 -19 -74
-56 -28 -71
-52 -20 -93
-49 -31 -84
-44 -30 -103
-49 -34 -123
-65 -39 -132
-62 -42 -158
-60 -28 -139
-51 -56 -125
-77 -64 -117
-70 -48 -32
-61 -66 54
-59 -71 72
17 -69 75
41 -79 100
57 -56 173
79 -58 149
83 -25 164
133 23 153
168 66 152
156 69 157
136 64 141
145 84 130
141 121 121
127 143 111
98 116 82
80 116 50
85 110 16
51 69 15
4 54 -10
-40 44 -33
-39 23 -34
-57 10 -49
-61 -11 -50
-62 -54 -57
-72 -61 -61
-77 -90 -66
-59 -76 -53
-60 -68 -31
-62 -55 -23
-44 -70 -9
-23 -61 -4
-1 -40 7
26 -44 21
24 -31 48
22 -3 64
30 12 65
56 37 93
68 30 97
79 39 99
86 33 95
85 57 86
86 52 78
81 45 80
53 62 70
65 72 57
62 71 36
52 62 28
36 52 15
19 27 3
6 26 -10
1 22 -21
-14 7 2
-7 2 2
-21 -22 -17
-1 -32 -19
13 -39 -20
-12 -43 -12
-21 -39 -7
-24 -19 0
-6 7 12
16 3 15
21 -16 29
15 -36 21
16 -10 22
26 12 34
13 22 43
29 30 53
23 56 48
23 57 36
43 47 29
22 45 45
17 55 34
2 62 24
-2 59 23
5 62 15
-5 36 0
-2 17 -8
-16 4 -21
-19 -14 -32
-21 -22 -31
-39 -29 -23
-35 -20 -29
-29 -53 -36
-31 -62 -39
-26 -72 -39
-27 -82 -37
-46 -81 -31
-44 -73 -31
-39 -52 -32
-30 -36 -24
-22 -49 -30
-26 -68 -13
-23 -59 -20
-22 -34 -18
-23 -19 -14
-23 -9 -3
-20 1 -5
-2 11 -7
6 18 -8
12 4 -9
13 6 0
4 31 -8
2 28 -10
7 32 0
5 16 -3
8 0 -2
10 2 -10
3 -19 -14
-5 -7 -15
-10 -7 -17
-23 -17 -12
-17 -22 -13
-7 -23 -7
-6 -39 -10
-17 -33 -2
-18 -33 1
-9 -33 7
-8 -19 15
2 -7 22
9 -3 34
24 -3 45
46 -4 46
50 -12 58
45 18 64
44 29 66
56 41 63
63 38 74
61 43 66
67 47 61
70 41 55
47 36 45
53 52 42
33 55 34
29 63 25
29 48 23
18 51 17
10 52 4
10 61 -1
-22 49 -6
26 9 13
18 8 -4
-19 13 -5
-22 14 -8
-19 6 -8
-6 8 -4
0 -4 -12
-11 1 -14
1 -10 -5
-12 3 -17
-12 -19 -20
-17 -10 -18
-11 -11 -24
-17 -20 -30
-23 -12 -28
-16 -18 -22
-14 -18 -16
-3 -20 -16
-13 -9 -17
0 -12 -16
-12 0 -1
3 3 -1
-9 -2 8
4 15 2
17 5 15
14 23 8
25 20 6
14 29 29
28 23 34
25 32 34
36 26 36
47 30 43
48 31 52
54 30 48
54 38 51
49 44 45
41 34 42
44 31 52
39 26 57
36 34 69
45 25 64
50 16 76
40 21 79
57 32 87
62 31 89
67 38 84
72 31 90
72 39 83
60 65 84
62 48 67
57 52 60
53 43 61
41 62 47
28 57 41
45 40 30
3 34 20
7 26 12
-4 28 9
-8 7 -1
-17 1 -10
-26 1 -9
-28 -8 -23
-30 -9 -35
-41 -11 -32
-34 -25 -34
-28 -28 -29
-32 -20 -30
-31 -15 -33
-24 -21 -26
-30 -29 -18
-17 -26 -26
-27 -10 -9
-17 -10 -14
-16 -22 -7
-23 2 -8
-8 -18 -8
-23 -24 -14
-24 -23 -15
-28 -26 -25
-30 -18 -22
-38 -20 -29
-31 -24 -48
-34 -32 -44
-44 -35 -50
-59 -41 -43
-39 -38 -61
-46 -30 -58
-58 -49 -72
-52 -44 -71
-48 -55 -68
-54 -52 -77
-52 -46 -69
-56 -47 -84
-41 -60 -67
-51 -50 -66
-39 -41 -69
-33 -41 -68
-34 -52 -70
-39 -46 -60
-34 -36 -62
-39 -34 -61
-42 -23 -71
-41 -30 -77
-36 -20 -70
-47 -19 -75
-39 -27 -85
-44 -30 -77
-51 -28 -63
-48 -28 -66
-44 -18 -50
-52 -30 -32
-34 -34 -9
-21 -41 14
-8 -39 57
7 -49 90
64 -33 125
88 -29 146
108 -26 167
139 9 150
165 24 156
151 59 143
149 88 143
153 112 137
143 114 131
131 129 109
102 135 85
86 132 67
69 127 55
57 108 43
49 101 22
20 82 21
9 63 6
-2 47 -10
-2 26 -7
-17 28 -22
-22 15 -26
-18 -1 -24
-25 -3 -26
-18 -9 -28
-18 -16 -20
-15 -30 -10
-11 -34 2
-8 -27 14
-1 -33 19
9 -14 43
18 -25 59
32 -9 66
30 -14 70
30 10 74
42 37 79
51 34 85
45 44 75
48 50 66
46 66 62
41 63 68
36 55 45
35 49 38
29 42 33
18 30 30
22 15 23
15 6 13
8 -9 11
-4 -9 3
5 -20 6
-3 -25 0
8 -21 -8
9 -26 -8
-6 -14 -3
-2 -32 -10
-6 -34 -10
-4 -30 -17
6 -39 -10
-5 -56 -7
-9 -40 -10
-4 -48 -19
-6 -36 -10
-9 -33 -5
-23 -29 -16
-15 -40 -5
-29 -33 -12
-34 -28 -18
-36 -39 -11
-30 -5 -22
-28 -20 -23
-29 -25 -30
-30 -27 -44
-31 -39 -44
-34 -30 -49
-31 -54 -53
-42 -27 -59
-42 -58 -60
-44 -65 -57
-55 -59 -62
-39 -76 -61
-54 -59 -66
-52 -53 -60
-53 -58 -62
-49 -57 -67
-40 -59 -52
-52 -41 -54
-51 -45 -60
-43 -39 -52
-43 -39 -54
-35 -41 -47
-39 -37 -47
-21 -51 -55
-35 -23 -46
-28 -1 -44
-16 -19 -42
-30 -22 -51
-8 -10 -46
-14 6 -56
-10 0 -51
-12 4 -60
-28 12 -60
-9 2 -54
-22 -2 -61
-27 5 -62
-26 -13 -36
-26 -12 -33
-18 -34 4
-17 -26 28
-4 -32 58
26 -37 92
46 -29 108
82 -12 140
101 13 145
124 46 146
137 79 148
146 99 146
151 137 149
138 157 142
132 152 123
124 149 117
108 147 96
87 140 83
63 131 60
58 119 49
42 107 39
18 98 22
1 73 5
-6 62 -1
-20 50 -18
-17 45 -25
-23 27 -35
-39 32 -40
-38 17 -44
-28 13 -37
-22 18 -30
-17 5 -20
-3 12 -8
-66 -44 -55
-63 -33 -52
-63 -22 -42
-59 -9 -37
-59 9 -32
-46 21 -11
-37 30 -4
-26 40 -2
-2 40 13
10 45 26
26 50 37
41 46 57
47 47 62
57 52 68
72 58 70
94 65 65
103 67 67
111 65 69
112 67 68
121 70 76
127 66 79
130 63 84
124 60 79
118 60 73
114 59 69
94 60 58
89 61 50
77 59 51
64 62 46
64 62 49
75 62 54
66 54 49
68 48 48
64 44 50
57 43 48
61 36 50
58 37 40
61 34 31
64 32 24
66 37 22
69 35 20
63 30 21
59 25 22
52 19 24
41 10 24
36 4 22
28 -1 18
16 -6 15
5 3 9
-5 2 5
-16 1 6
-28 4 7
-30 11 5
-31 14 7
-27 14 10
-21 17 12
-14 13 16
-14 14 22
-12 15 23
-7 15 25
1 15 31
9 18 31
16 18 30
12 15 25
21 13 20
13 7 18
5 7 6
12 0 -8
13 -6 -21
-5 -16 -36
-14 -27 -44
-30 -39 -55
-60 -50 -70
-76 -62 -76
-100 -74 -76
-122 -81 -86
-126 -87 -87
-129 -96 -92
-138 -104 -100
-140 -103 -98
-139 -105 -97
-133 -108 -92
-129 -104 -94
-128 -103 -94
-127 -104 -89
-109 -100 -85
-103 -96 -84
-99 -90 -81
-90 -90 -74
-78 -82 -67
-71 -73 -63
-54 -71 -59
-31 -60 -56
-21 -54 -56
-16 -50 -51
-13 -48 -52
-19 -39 -51
-27 -31 -54
-35 -24 -49
-39 -16 -43
-37 -6 -42
-29 -3 -37
-33 8 -30
-24 15 -19
-11 20 -5
-9 27 2
6 34 20
22 39 32
24 48 40
44 52 54
58 56 65
61 62 70
75 70 72
95 71 74
106 74 79
124 78 77
130 74 77
131 78 78
135 83 75
136 83 75
129 77 74
125 81 74
122 81 70
110 73 67
97 69 60
88 67 56
86 66 50
86 62 51
79 57 49
73 58 45
82 55 49
76 47 49
74 42 54
69 34 49
58 31 50
57 28 46
59 22 43
53 17 42
47 17 32
48 16 24
42 16 18
33 14 15
30 14 12
22 13 10
8 14 8
4 13 7
1 13 9
-11 13 9
-24 13 7
-27 10 8
-37 8 12
-34 10 8
-29 9 14
-27 11 17
-18 12 17
-5 11 20
0 13 21
7 15 22
11 7 22
3 4 12
5 2 5
2 -2 0
-7 -10 -9
-16 -13 -24
-22 -19 -37
-34 -28 -50
-36 -34 -51
-50 -41 -57
-60 -45 -59
-66 -47 -63
-81 -56 -65
-95 -64 -67
-101 -65 -71
-112 -72 -71
-123 -77 -77
-118 -81 -80
-117 -87 -78
-120 -86 -78
-111 -86 -76
-105 -85 -76
-98 -86 -70
-95 -81 -65
-90 -76 -62
-78 -78 -56
-74 -74 -56
-70 -70 -54
-59 -67 -51
-48 -63 -41
-41 -52 -44
-33 -47 -43
-26 -39 -37
-11 -30 -33
-7 -23 -27
0 -17 -23
4 -13 -20
12 -9 -16
9 -7 -12
4 -7 -12
4 -5 -12
4 0 -8
-2 10 -6
2 12 -7
2 18 -2
3 27 2
6 26 3
13 32 9
11 36 16
20 36 20
25 37 24
38 40 30
46 40 31
54 43 32
60 51 35
76 52 42
92 58 49
100 68 54
100 69 61
110 75 70
106 80 75
108 78 75
107 77 73
98 74 73
102 72 69
92 67 63
82 63 56
70 61 52
65 50 49
55 43 48
50 35 43
42 23 43
39 18 41
35 11 39
36 5 35
38 5 30
34 2 22
37 1 22
31 5 12
24 8 8
15 8 7
15 13 6
6 13 5
0 8 6
-6 11 7
4 5 8
-8 2 12
-10 7 14
-6 1 15
-16 1 15
-12 2 18
-70 -60 -64
13 34 25
9 25 20
-11 24 -26
-9 5 -52
3 -25 -78
-17 -24 -86
-12 -39 -88
-6 -64 -101
-19 -67 -107
-24 -51 -100
-11 -62 -82
-15 -55 -59
2 -44 -43
-17 -21 -17
7 -20 2
6 -15 36
-12 31 50
9 21 59
2 50 67
8 48 80
3 55 82
13 52 87
10 66 63
7 45 54
16 46 57
2 33 25
5 20 5
13 13 -23
-21 -12 -45
-8 -20 -80
-14 -39 -93
-12 -49 -96
-18 -65 -106
-18 -70 -109
-19 -60 -94
-12 -62 -69
-15 -63 -61
-14 -62 -29
-7 -45 -24
0 -20 -5
-1 -6 39
2 6 29
-3 24 41
17 33 46
7 50 53
13 42 74
6 45 46
-7 37 17
-4 23 4
3 29 -41
-17 29 -54
-7 21 -74
-17 -12 -115
-20 -15 -114
-30 -34 -140
-36 -50 -150
-23 -65 -129
-48 -63 -136
-46 -65 -137
-31 -60 -137
-36 -58 -113
-32 -50 -106
-13 -47 -70
-30 -34 -51
-22 -10 -31
-18 -9 -13
-34 13 19
-42 26 25
-20 33 28
-16 35 56
-9 41 60
-1 47 38
-17 38 29
-22 45 26
-16 13 0
-32 16 1
-22 25 -28
-11 -15 -41
-25 -27 -65
-15 -32 -80
-22 -61 -86
-22 -86 -70
-15 -63 -73
-6 -80 -68
-19 -76 -61
-7 -45 -29
18 -56 -21
3 -35 13
0 -17 39
4 2 60
20 20 91
18 27 109
26 47 120
44 66 126
44 52 145
40 50 143
47 48 133
63 49 134
47 49 115
49 51 78
46 30 60
50 15 49
34 4 29
54 -9 6
46 -30 3
47 -47 -3
52 -41 4
51 -49 6
50 -30 23
68 -34 25
73 -26 40
49 -16 70
77 2 82
66 7 120
59 35 130
74 57 151
77 53 155
61 83 155
70 93 159
79 78 163
76 91 147
65 93 138
63 83 123
65 79 116
46 57 79
47 30 58
44 13 57
35 6 42
43 9 43
40 -23 36
31 -25 30
33 -23 30
36 -22 39
24 6 46
36 -25 42
39 -16 52
28 -9 77
31 16 84
25 33 93
40 58 102
46 52 121
24 75 130
30 80 126
28 93 120
23 57 109
41 62 100
24 42 94
20 52 65
9 54 35
-14 34 31
13 13 12
-19 -6 7
-23 -26 -19
-30 -45 -17
-36 -53 -30
-26 -70 -33
-20 -68 -36
-38 -64 -44
-40 -70 -47
-23 -54 -34
-36 -54 -24
-32 -42 -14
-26 -20 -13
-20 -24 3
-27 -4 13
-35 4 25
-31 31 15
-20 38 36
-26 54 22
-14 25 9
-33 31 11
-31 18 3
-31 21 -10
-46 -1 -28
-54 7 -45
-52 -5 -68
-65 -39 -77
-68 -45 -90
-61 -61 -93
-62 -57 -107
-55 -72 -117
-68 -80 -116
-61 -73 -114
-55 -65 -101
-56 -53 -92
-56 -65 -95
-41 -48 -85
-54 -42 -70
-50 -19 -51
-56 -8 -43
-37 18 -22
-41 27 -27
-52 24 -19
-48 16 -7
-43 37 -20
-34 38 -21
-36 26 -42
-35 21 -42
-39 20 -56
-50 -3 -77
-40 -12 -81
-38 -33 -91
-42 -29 -94
-38 -49 -112
-46 -71 -112
-32 -74 -112
-35 -76 -113
-1 -88 -116
-27 -74 -94
-18 -83 -97
-17 -60 -78
-1 -40 -63
-15 -28 -51
-15 -5 -37
-3 -8 -18
1 2 -7
-10 18 8
5 37 14
15 37 9
15 39 17
18 40 15
18 27 -1
9 22 -10
13 7 -10
8 8 -34
2 -6 -51
8 -26 -51
1 -44 -58
0 -50 -60
-3 -54 -59
9 -58 -62
-6 -67 -63
5 -68 -68
13 -59 -47
13 -50 -46
22 -37 -34
10 -30 -23
12 -16 1
23 1 11
18 20 38
33 38 44
8 49 60
25 65 67
30 55 76
41 54 77
25 48 64
21 46 52
23 39 44
20 39 29
4 47 59
0 51 -9
20 50 -19
15 35 -31
7 14 -38
7 10 -54
19 -3 -37
10 -12 -49
10 -39 -44
9 -36 -34
3 -51 -32
5 -59 -31
-8 -62 -14
-14 -67 -10
-4 -51 22
-3 -46 27
-3 -39 27
-18 -25 50
-23 -23 53
-20 -18 48
-14 9 22
-6 20 27
-16 43 26
-23 40 17
-6 53 18
7 49 10
12 50 -2
11 30 -9
-2 45 -35
12 29 -46
31 21 -62
12 12 -49
2 -3 -66
30 -8 -51
18 -25 -39
8 -24 -46
11 -34 -48
11 -48 -25
3 -59 -46
4 -48 -19
-11 -53 -19
-9 -37 -27
1 -31 -12
2 -34 -13
-17 -20 3
-13 -10 17
-26 12 14
-26 31 0
-20 29 -2
-28 47 -10
-12 55 -23
-18 41 -30
-9 41 -43
-7 45 -50
1 32 -46
-4 39 -78
-4 20 -91
-3 8 -86
2 7 -99
9 -22 -98
-23 -24 -111
-19 -34 -106
-2 -47 -98
-24 -73 -71
-28 -58 -78
-22 -70 -82
-25 -50 -67
-30 -51 -55
-41 -29 -57
-26 -35 -36
-36 -20 -32
-54 -5 -28
-31 -6 -9
-34 15 -25
-37 32 -34
-38 26 -19
-21 33 -15
-24 45 -36
-10 33 -47
-10 28 -62
-13 48 -66
-18 25 -66
-2 7 -61
-5 1 -73
4 -17 -66
-1 -27 -74
-1 -30 -60
-4 -47 -55
6 -66 -48
-17 -66 -35
-26 -70 -30
-12 -67 -8
-11 -66 19
-23 -46 37
-18 -59 35
-4 -36 55
-15 -20 76
-7 -8 86
8 7 82
-4 14 88
-2 49 94
8 56 96
13 47 111
7 54 86
36 83 99
40 59 84
45 52 77
54 51 71
59 40 65
53 26 64
77 9 59
70 11 71
64 7 69
77 -12 79
66 -30 90
60 -18 106
63 -25 98
68 -29 127
54 -16 134
51 -7 150
68 1 145
56 7 167
56 21 155
64 36 151
61 46 155
77 84 159
70 93 146
74 110 144
73 102 138
79 107 126
84 94 122
78 102 109
85 82 98
87 75 93
95 59 96
83 56 89
78 39 85
75 30 74
86 14 77
76 -8 78
53 -13 79
64 -5 84
62 -23 80
62 -15 97
41 -14 98
25 5 91
35 -1 101
38 21 110
30 13 108
18 26 114
16 49 108
16 60 107
10 58 90
1 69 89
12 61 78
8 70 82
9 87 71
3 69 45
12 60 38
23 49 30
9 32 7
21 28 0
-5 17 -3
9 -11 -15
0 -19 -11
2 -44 -15
-11 -59 -14
-4 -73 -21
-18 -78 -4
-26 -82 -5
-18 -70 -1
-39 -72 3
-31 -63 4
-43 -63 13
-43 -39 -2
-51 -28 1
-59 -26 12
-62 -9 -1
-70 -8 -10
-70 25 -12
-44 4 -26
-60 12 -24
-71 11 -49
-52 27 -64
-55 -1 -63
-43 -11 -83
-39 -15 -95
-54 -9 -98
-46 -34 -114
-41 -53 -117
-51 -70 -111
-63 -71 -122
-54 -78 -112
-65 -94 -110
-54 -95 -98
-57 -108 -89
-65 -99 -97
-73 -81 -84
-58 -77 -80
-70 -76 -67
-67 -63 -48
-89 -43 -50
-84 -40 -55
-83 -11 -54
-74 9 -62
-74 6 -62
-64 22 -64
-62 30 -63
-56 28 -79
-48 36 -80
-36 40 -91
-29 18 -96
-24 25 -110
-27 2 -116
-25 2 -115
-33 -19 -123
-15 -25 -125
-22 -41 -109
-8 -50 -114
-3 -69 -108
-20 -68 -105
-13 -75 -89
-25 -65 -80
-20 -79 -73
-30 -60 -62
-22 -60 -52
-26 -39 -34
-11 -29 -22
-25 -20 -18
-34 1 -21
-29 2 -14
-9 30 -20
-6 23 -27
-5 36 -18
6 45 -23
16 49 -21
20 54 -31
10 43 -34
29 41 -42
30 38 -55
42 9 -43
21 0 -56
34 3 -48
34 -22 -42
34 -34 -49
28 -39 -42
37 -65 -31
28 -54 -20
42 -63 0
41 -58 0
-2 48 13
46 74 42
57 91 26
62 81 15
41 67 3
9 56 -2
-12 50 -2
-20 55 -15
-15 59 -33
-23 54 -38
-46 37 -29
-59 23 -35
-43 18 -43
-35 14 -37
-24 12 -30
1 13 -12
14 21 7
26 45 27
49 56 39
61 52 43
75 59 63
78 77 86
101 106 109
117 136 107
109 133 104
99 111 103
76 94 106
66 82 96
80 76 90
89 74 82
73 58 78
72 35 78
65 3 79
66 -6 50
84 -11 40
94 -27 45
74 -36 44
57 -30 25
40 -33 11
21 -33 -7
-6 -42 -24
-27 -40 -36
-46 -30 -51
-55 -23 -64
-70 -32 -64
-96 -47 -62
-115 -78 -68
-122 -101 -72
-107 -100 -79
-80 -85 -57
-57 -80 -57
-45 -77 -39
-12 -85 -35
-20 -86 -39
-12 -63 -26
-11 -45 -23
-4 -13 -14
-2 30 -19
-7 45 -4
-31 44 -15
-38 27 -18
-53 17 -18
-68 28 -17
-63 20 -30
-56 14 -38
-55 -1 -37
-52 -12 -32
-63 -39 -42
-62 -53 -62
-77 -60 -69
-83 -62 -72
-94 -60 -85
-102 -79 -94
-115 -88 -113
-129 -94 -110
-133 -117 -95
-128 -131 -77
-117 -130 -61
-89 -132 -49
-39 -129 -39
-6 -144 -7
5 -154 24
30 -130 25
64 -86 33
90 -57 45
93 -41 64
90 -25 88
92 -7 90
107 23 59
108 37 34
89 45 29
59 54 32
37 69 21
30 97 8
25 110 -10
13 86 -10
1 58 2
-17 51 2
-26 58 -20
-20 66 -27
-27 54 -28
-45 36 -30
-52 31 -33
-56 38 -40
-44 36 -47
-31 12 -46
-33 -19 -31
-26 -15 -26
-3 0 -18
7 11 -5
4 12 21
18 23 52
43 48 81
71 72 92
102 98 98
106 105 112
108 116 126
113 131 131
110 143 135
129 148 113
137 158 92
137 137 98
118 110 105
109 111 83
102 107 69
82 68 57
74 47 48
53 14 36
55 17 4
41 -4 -6
39 -23 -5
9 -41 6
-12 -46 -8
-26 -55 -27
-37 -45 -46
-63 -63 -56
-77 -90 -47
-92 -89 -50
-93 -88 -62
-89 -97 -60
-92 -110 -55
-77 -122 -59
-68 -121 -60
-44 -87 -58
-24 -65 -36
3 -43 -14
17 -29 2
21 -11 8
24 9 2
31 37 -8
32 63 5
23 65 16
4 64 20
-12 67 7
-19 54 -11
-39 22 -22
-60 4 -33
-76 -18 -41
-78 -12 -47
-88 -11 -57
-103 -29 -64
-107 -47 -70
-106 -60 -81
-114 -65 -91
-99 -75 -98
-82 -78 -103
-83 -82 -97
-98 -82 -102
-122 -91 -112
-129 -98 -116
-126 -94 -89
-120 -94 -44
-104 -100 -16
-52 -113 3
10 -122 13
48 -134 32
52 -136 56
68 -116 90
81 -72 111
130 -5 111
162 36 98
162 35 109
146 33 109
117 66 91
109 102 41
97 117 5
65 124 1
18 114 5
-7 99 -7
-10 79 -50
-11 60 -84
-44 30 -95
-96 -2 -93
-129 -23 -94
-129 -16 -97
-115 -10 -99
-98 -26 -101
-82 -60 -87
-66 -88 -67
-64 -86 -53
-51 -64 -43
-42 -54 -26
-25 -69 16
-4 -46 49
22 7 71
70 48 88
99 70 89
102 86 112
91 98 146
94 142 159
122 158 155
147 152 148
149 159 142
138 150 125
139 134 106
132 124 77
100 119 56
61 105 47
41 87 38
34 73 18
48 55 -6
45 36 -20
25 7 -27
-7 -21 -25
-16 -31 -4
-11 -12 -1
6 -8 -3
13 -16 2
0 -33 10
3 -42 8
0 -46 -3
-6 -41 -15
-23 -36 -21
-31 -43 -17
-41 -53 -22
-25 -52 -30
-17 -56 -38
-23 -66 -38
-31 -68 -33
-28 -64 -24
-25 -47 -17
-17 -26 -14
1 -14 -8
-5 -13 1
-5 -1 -12
-1 21 -23
2 39 -25
-10 52 -18
-20 43 -14
-28 29 -22
44 64 58
-56 -32 -76
-47 -39 -86
-51 -45 -85
-66 -39 -84
-64 -29 -89
-42 -35 -75
-67 -42 -74
-50 -29 -95
-45 -33 -73
-48 -40 -75
-58 -25 -70
-45 -50 -49
-40 -46 -36
-38 -50 -22
-21 -63 -5
-20 -48 4
-13 -57 28
5 -40 38
8 -34 77
24 -19 66
61 -11 99
43 -7 112
42 6 104
77 18 104
69 29 118
62 21 134
67 36 120
79 32 112
76 42 110
72 36 106
67 46 105
49 48 79
71 48 68
44 41 71
35 33 51
25 47 39
44 43 6
25 42 9
13 42 -10
13 38 -11
1 23 -11
3 37 -25
16 35 -31
1 26 -13
-11 33 -18
8 12 -24
3 23 -20
-2 24 -1
-2 2 13
-11 17 11
4 2 13
9 10 24
6 -2 22
12 6 16
-1 8 45
8 6 27
13 12 32
25 6 19
12 -2 11
2 3 -7
10 -1 -9
6 -1 -11
-1 15 -18
-13 -7 -20
-13 -5 -32
-14 -3 -42
-30 -11 -42
-19 -13 -51
-23 -21 -34
-22 -17 -51
-35 -19 -73
-40 -24 -54
-18 -20 -51
-29 -17 -50
-43 -23 -60
-17 -22 -57
-26 -17 -46
-32 -15 -25
-38 -6 -49
-24 1 -41
-14 -9 -41
-19 -12 -25
-18 7 -22
-28 -4 -32
-16 -17 -31
-28 -5 -14
-9 1 47
-15 -6 21
-1 -12 -2
21 -6 6
-3 -10 -15
2 -22 14
-7 -6 -17
-29 13 -27
2 10 -13
-18 0 -65
-34 -17 -98
-42 -24 -85
-68 -34 -103
-79 -23 -86
-74 -33 -119
-71 -30 -149
-57 -38 -164
-78 -63 -150
-97 -50 -154
-107 -43 -106
-101 -71 -100
-91 -49 -79
-58 -58 -71
-43 -64 -31
-38 -80 -1
-19 -79 45
2 -63 73
47 -38 114
75 -17 151
92 -5 148
135 10 168
146 17 151
170 35 147
156 58 145
151 72 148
146 101 149
148 104 126
131 96 112
99 90 85
83 94 65
74 86 54
38 85 37
28 73 25
16 73 -14
18 44 -20
-5 35 -21
-24 16 -27
-45 2 -28
-39 1 -26
-39 -1 -33
-20 -39 -23
-27 -36 -21
-26 -24 -10
-15 -34 7
2 -13 29
1 -21 37
9 1 46
28 -8 53
43 6 52
49 -6 54
43 20 62
41 34 67
48 39 70
48 39 63
43 41 52
26 53 44
31 31 30
12 33 14
-2 28 8
-12 30 -4
-27 17 -14
-19 2 -20
-23 -6 -16
-30 4 -30
-36 -31 -34
-29 -32 -39
-47 -27 -37
-37 -40 -33
-43 -31 -32
-38 -23 -24
-23 -33 -26
-20 -41 -12
-16 -11 -22
-15 -24 -14
-6 -12 -13
-10 -12 -12
-9 -12 -5
-2 -6 2
10 -3 1
-4 2 -5
6 10 7
-6 1 -1
-2 -4 9
3 10 -14
-7 -2 -9
-6 -15 -11
-15 -12 -19
-11 -27 -25
-19 -20 -24
-19 -13 -40
-26 -25 -40
-30 -36 -41
-31 -51 -52
-38 -50 -59
-42 -55 -53
-44 -59 -54
-33 -73 -65
-45 -76 -52
-52 -55 -56
-37 -71 -61
-35 -75 -49
-31 -66 -62
-27 -66 -54
-30 -64 -30
-49 -65 3
-34 -43 2
11 -50 13
24 -41 33
26 -42 56
30 -49 84
60 -30 96
82 -4 95
94 21 115
111 32 112
105 56 116
121 60 104
125 66 111
113 100 102
96 81 99
98 93 75
85 96 48
68 84 37
43 86 24
25 54 10
7 52 -6
-8 47 -15
-48 45 -28
-52 33 -37
-47 -9 -41
-67 -2 -57
-67 -12 -51
-66 -30 -34
-68 -41 -24
-52 -25 -27
-41 -25 -18
-36 -24 -10
-8 -26 -7
0 -29 15
-4 -19 27
2 11 38
22 6 54
28 20 47
21 33 50
38 18 50
36 14 47
24 25 45
24 40 36
20 39 26
33 31 25
24 47 17
10 23 -10
-10 35 -10
8 13 -7
-47 -30 -88
38 50 22
20 45 10
11 30 3
-2 40 -18
-9 45 -24
-9 43 -39
-11 22 -49
-16 15 -64
-21 8 -69
-40 -3 -65
-36 6 -75
-36 -11 -69
-33 -7 -71
-28 -18 -56
-40 -28 -31
-40 -35 -28
-22 -23 -14
-9 -21 -7
-3 -22 12
-2 -28 37
14 -28 59
24 2 61
40 21 68
58 22 92
55 34 86
66 42 93
73 63 105
75 78 108
73 93 98
77 94 95
71 93 75
74 110 76
58 92 70
51 116 55
55 108 38
46 91 23
30 98 10
11 66 -3
11 72 -8
3 57 -29
-4 48 -24
-10 27 -29
-18 4 -41
-27 0 -25
-21 -16 -30
-25 -15 -30
-9 -35 -9
-18 -25 -28
-7 -36 -11
-14 -42 -6
-24 -19 -10
-6 -19 2
-4 -12 -12
3 -9 -8
-11 -11 -16
-15 -29 -28
-18 -12 -20
-26 -20 -40
-27 -25 -63
-30 -7 -69
-36 -38 -89
-65 -51 -106
-62 -62 -99
-82 -59 -98
-83 -66 -104
-70 -82 -87
-71 -100 -74
-77 -110 -84
-54 -127 -88
-55 -131 -36
-61 -114 -14
-41 -119 -4
-3 -96 8
12 -81 19
19 -89 36
27 -94 70
21 -66 92
40 -21 86
73 3 94
76 5 99
63 16 77
70 12 68
67 25 92
44 57 78
45 64 63
53 53 34
39 66 9
21 60 -2
-4 29 -10
-17 33 -29
-19 61 -55
-21 44 -72
-26 31 -85
-50 -4 -96
-60 -24 -114
-55 -21 -107
-71 -20 -108
-72 -27 -106
-65 -61 -116
-66 -62 -98
-62 -71 -74
-71 -87 -58
-54 -84 -44
-39 -78 -17
-27 -66 12
-8 -76 27
7 -64 47
24 -45 61
35 -15 98
49 7 121
53 33 123
82 67 112
97 79 120
89 94 132
82 101 126
82 121 118
92 156 111
86 149 91
82 136 68
71 128 41
56 124 22
39 124 25
15 123 5
17 106 -19
-1 74 -56
-19 38 -53
-36 19 -57
-48 16 -53
-31 13 -49
-24 -6 -34
-25 -20 -40
-21 -37 -30
-15 -41 -16
-10 -30 -1
-12 -21 27
10 -4 29
18 -2 18
26 4 30
21 4 25
12 8 25
13 29 26
6 30 -3
7 45 -2
-6 24 -35
-18 6 -60
-35 2 -63
-56 -19 -94
-71 -22 -95
-78 -35 -140
-87 -51 -121
-102 -73 -103
-117 -91 -80
-98 -119 -87
-72 -123 -104
-56 -132 -87
-54 -140 -28
-66 -156 22
-39 -126 16
13 -75 31
50 -62 53
53 -57 86
60 -76 108
73 -28 105
82 18 126
94 61 159
98 53 151
113 56 113
121 75 89
114 95 93
72 92 106
39 88 90
41 121 40
57 126 9
32 106 -3
-11 58 -12
-36 30 -52
-39 37 -89
-48 45 -83
-69 30 -96
-83 -28 -110
-84 -46 -151
-81 -53 -154
-98 -89 -138
-113 -107 -115
-109 -115 -110
-92 -105 -109
-71 -103 -90
-68 -124 -67
-64 -156 -28
-49 -136 -9
-23 -113 23
5 -84 52
12 -70 83
44 -51 84
68 -27 97
80 -2 114
79 30 131
77 56 146
97 91 134
108 131 116
117 123 109
99 118 95
84 130 83
72 138 67
60 148 49
49 151 27
43 128 4
29 109 -26
7 89 -43
-14 69 -51
-34 60 -56
-35 51 -63
-37 35 -64
-40 10 -70
-30 -3 -71
-38 -32 -55
-36 -49 -39
-28 -34 -32
-17 -21 -10
4 -25 8
19 -23 15
22 -25 19
22 -16 28
26 8 26
30 30 32
25 44 33
22 38 11
20 46 5
0 44 -27
-14 30 -36
-31 26 -51
-52 16 -72
-64 9 -94
-79 -12 -128
-95 -48 -145
-108 -70 -122
-130 -98 -86
-135 -117 -51
-100 -129 -73
-63 -154 -88
-29 -151 -54
-36 -157 -4
-51 -149 42
-22 -103 62
41 -62 78
95 -34 108
123 -39 119
122 -41 123
128 -12 125
40 49 34
-66 -101 -130
-65 -87 -122
-71 -91 -88
-66 -85 -59
-60 -87 -63
-23 -82 -45
-3 -83 -6
-17 -64 28
-1 -54 52
24 -30 60
52 8 72
77 3 84
76 10 104
70 44 109
76 72 123
86 98 121
87 112 99
103 121 87
93 118 81
68 121 75
53 125 65
46 132 41
40 128 30
36 112 14
9 94 6
-7 81 -1
-14 69 -12
-16 67 -22
-11 56 -30
-17 43 -24
-23 27 -23
-25 17 -14
-19 9 -11
-13 7 -16
0 2 -6
8 -12 3
4 -11 10
7 -6 18
14 -7 29
15 1 32
30 -1 36
36 -10 38
31 -7 45
30 11 49
31 15 49
30 25 50
28 24 52
34 12 55
26 4 55
22 13 55
28 5 52
26 1 40
35 -9 35
19 -21 33
20 -10 17
20 -6 6
16 -12 5
15 -21 -12
1 -28 -22
-3 -27 -30
-11 -26 -39
-15 -25 -44
-14 -28 -48
-17 -32 -53
-22 -28 -57
-25 -30 -50
-28 -19 -43
-24 -4 -42
-16 -9 -33
-23 1 -31
-24 4 -28
-21 19 -19
-19 21 -10
-4 35 5
-4 44 9
-6 52 18
-9 47 21
-5 38 26
-2 38 20
3 28 17
4 29 13
-1 23 10
-12 13 3
-8 2 -6
-9 -9 -10
-17 -26 -29
-22 -34 -34
-21 -42 -37
-28 -54 -44
-36 -59 -55
-30 -66 -59
-42 -66 -67
-46 -71 -81
-46 -83 -85
-46 -89 -95
-50 -79 -108
-47 -83 -110
-53 -76 -112
-60 -74 -106
-53 -80 -97
-51 -75 -82
-46 -70 -36
-36 -73 -32
-25 -66 -33
-1 -52 -7
-4 -47 34
-4 -44 49
22 -30 62
54 8 68
70 27 86
65 24 101
58 43 105
60 77 119
80 94 128
92 110 116
105 113 102
103 114 98
81 130 102
65 137 94
63 139 74
68 146 57
61 134 51
43 119 33
18 114 25
14 97 4
15 87 -13
10 57 -13
0 35 -10
-15 28 -14
-12 7 -16
-15 -4 -22
-13 -6 -25
-10 -19 -25
-15 -24 -16
-18 -34 -10
-12 -36 -9
-12 -35 -2
-6 -29 5
-4 -34 8
1 -30 22
2 -23 35
9 -14 30
14 -15 41
14 -6 42
13 -15 45
14 -22 46
9 -17 51
15 -13 57
19 -18 38
29 -21 35
29 -24 26
15 -30 21
11 -45 14
10 -38 -2
14 -28 -5
15 -37 -16
-2 -28 -32
-6 -35 -39
-10 -32 -43
-9 -23 -46
-12 -26 -52
-14 -19 -55
-23 -13 -58
-28 -13 -51
-38 -14 -49
-28 0 -46
-22 15 -42
-25 8 -38
-24 13 -30
-32 3 -23
-27 13 -17
-19 18 -16
-7 24 -12
-7 17 -3
-11 12 11
-11 12 14
-5 12 -2
3 27 6
0 20 0
-5 14 9
-7 13 1
-12 8 -2
2 6 -6
-7 1 -4
-10 2 -15
-11 -11 -18
-7 -12 -19
-14 -19 -26
-17 -35 -39
-16 -41 -42
-26 -43 -42
-37 -40 -53
-38 -46 -62
-27 -54 -65
-39 -55 -81
-27 -78 -92
-36 -81 -90
-54 -75 -94
-53 -70 -94
-44 -78 -87
-37 -73 -67
-39 -76 -33
-42 -79 -46
-15 -72 -39
-1 -58 -22
-6 -46 25
9 -33 32
18 -17 45
45 16 78
49 32 67
62 29 92
57 50 91
66 72 121
78 100 134
80 102 127
84 121 117
98 130 121
87 130 121
75 130 106
79 136 102
70 144 105
66 133 62
77 113 53
41 101 23
15 87 28
12 77 17
-6 62 -11
3 49 -34
-9 29 -41
-25 5 -36
-44 -3 -50
-47 -18 -53
-42 -20 -64
-34 -28 -58
-42 -49 -52
-39 -58 -44
-42 -62 -33
-34 -57 -28
-28 -53 -19
-19 -55 -16
-17 -50 -10
-19 -56 2
-14 -52 22
-7 -46 19
2 -44 31
0 -27 24
5 -31 23
3 -35 26
4 -46 39
-59 -102 -128
10 10 -11
18 11 14
9 11 9
10 6 12
16 21 9
5 -3 23
10 20 50
24 13 42
22 17 9
14 28 6
21 41 10
31 30 18
17 31 37
4 28 25
21 34 25
18 20 46
32 6 44
26 13 43
26 20 46
31 9 36
37 29 8
23 22 26
12 18 30
29 31 19
13 29 33
31 22 25
14 18 39
30 11 28
27 5 39
24 26 11
14 13 10
16 8 16
13 16 22
19 16 25
9 7 13
25 6 16
-2 7 24
9 5 10
1 -10 20
-11 4 10
12 1 5
-8 1 7
-5 -6 -16
-6 -14 2
12 -16 -14
-14 -4 -19
-14 3 -21
5 -20 -20
13 -14 -9
-7 -20 -17
3 5 -28
9 -14 -14
-4 -12 -25
6 -22 -34
-18 -12 -19
-15 -14 -42
-25 -14 -39
-17 -19 -52
-27 -19 -52
-32 -11 -56
-15 -30 -58
-23 -28 -45
-28 -28 -56
-19 -20 -62
-19 -20 -65
-23 -10 -68
-37 -26 -65
-43 -24 -66
-42 -18 -72
-23 -27 -84
-48 -30 -78
-37 -20 -80
-28 -32 -72
-29 -20 -73
-19 -21 -85
-34 -28 -83
-38 -26 -84
-25 -17 -74
-18 -26 -80
-27 -11 -69
-23 -17 -70
-31 -26 -92
-32 -16 -82
-29 -16 -71
-47 0 -74
-28 -24 -69
-40 -27 -59
-28 -10 -71
-39 -24 -62
-34 -13 -54
-23 -17 -46
-33 -16 -55
-12 -14 -47
-14 -20 -33
-24 1 -42
-17 -6 -26
-9 -22 -19
-9 -7 -12
-1 11 -26
0 -3 -14
-9 12 -6
5 3 0
-5 -2 24
-4 8 2
14 -1 24
2 12 19
31 -12 47
10 -4 53
14 15 62
27 7 71
22 21 77
25 15 83
49 16 84
42 11 92
30 15 104
42 20 103
41 26 130
40 29 111
52 9 117
49 14 111
49 21 123
77 14 118
66 21 129
55 21 122
54 23 114
54 22 115
81 14 120
58 13 114
62 24 130
58 21 114
64 34 128
69 18 142
63 26 137
66 30 125
72 19 126
75 27 129
81 34 127
81 35 128
76 39 126
63 34 126
54 39 129
66 27 124
62 35 109
71 29 116
65 30 118
55 42 103
50 29 95
48 34 70
41 41 80
28 31 93
39 46 93
32 31 85
22 24 60
34 30 65
31 27 59
34 34 55
26 29 40
31 21 25
17 22 43
17 27 30
18 22 31
18 28 37
2 8 20
-3 23 20
-2 13 23
4 16 30
-1 10 0
-2 39 -15
-4 6 -21
-3 2 -2
-10 12 -23
-16 -1 -21
-41 -12 -27
-34 6 -42
-44 -4 -32
-31 -2 -42
-26 -12 -31
-33 -13 -41
-37 -11 -42
-24 -17 -62
-30 -24 -58
-35 -3 -65
-25 -16 -82
-53 -24 -72
-53 -11 -61
-46 -34 -54
-47 -21 -58
-39 -21 -73
-56 -34 -82
-47 -31 -80
-47 -30 -90
-41 -52 -81
-36 -46 -75
-46 -50 -96
-39 -38 -84
-58 -52 -73
-55 -50 -83
-57 -34 -79
-55 -47 -84
-49 -46 -51
-46 -42 -84
-51 -39 -96
-34 -36 -83
-38 -43 -77
-52 -36 -78
-46 -32 -84
-46 -39 -64
-34 -24 -80
-61 -24 -78
-33 -21 -75
-30 -28 -61
-29 -22 -65
-34 -5 -79
-33 -12 -78
-35 -26 -79
-20 -19 -74
-22 -14 -69
-17 -8 -55
-24 -10 -70
-17 6 -54
-23 -14 -63
-11 -18 -53
-26 -9 -54
-25 9 -59
-15 -7 -47
-27 -14 -51
-12 -14 -59
-22 11 -56
3 2 -52
-3 -1 -29
-13 1 -37
-3 -4 -48
-8 12 -45
-3 2 -58
-1 5 -44
-3 -1 -43
-2 23 -49
-11 -4 -43
-7 -3 -44
-11 -3 -45
-4 9 -33
4 10 -31
9 0 -23
0 -2 -12
-4 15 -17
-1 -6 -15
8 1 -19
3 9 5
-1 21 -8
9 19 -2
21 -10 -5
-17 -2 -10
-52 -10 -25
-44 -2 -19
-32 16 -30
-3 3 -15
6 -11 2
6 -15 15
3 -27 25
-34 -27 23
-34 -20 20
-10 -21 2
12 -8 1
34 -1 -7
48 -9 -3
28 -3 -6
2 -11 -11
-29 -19 -21
-38 11 -30
-30 18 -40
-2 13 -30
10 13 -22
18 3 -5
0 -10 13
-23 -22 13
-44 -19 3
-43 -19 -9
-26 2 -22
-2 -2 -32
8 -10 -19
6 -7 -19
-15 -18 -21
-48 -19 -27
-62 2 -40
-66 -5 -41
-54 3 -38
-9 10 -29
-3 -2 -10
-7 -9 17
-23 -23 22
-38 -22 22
-38 -3 11
-18 -4 -2
21 2 -4
35 0 -8
51 0 -8
44 -6 -7
12 -4 -17
-3 -7 -30
-30 -1 -39
-16 21 -51
5 13 -44
20 2 -39
25 -8 -18
-1 -22 -23
-19 -35 -7
-38 -19 -27
-29 -23 -38
-18 -20 -57
-2 5 -55
22 -2 -51
13 -12 -42
-7 -9 -41
-47 2 -40
-69 3 -54
-50 25 -59
-38 29 -58
-4 30 -48
14 25 -28
16 11 -11
-10 5 -4
-23 6 -7
-36 18 -16
-15 18 -35
13 24 -52
35 24 -50
47 14 -51
33 13 -42
-3 7 -54
-26 15 -68
-38 25 -84
-34 30 -93
7 26 -90
22 15 -77
33 3 -59
-2 -14 -48
-23 -17 -54
-48 -24 -55
-56 -22 -78
-34 -5 -82
-10 -19 -96
-8 -14 -86
-24 -35 -79
-54 -39 -78
-83 -34 -84
-116 -23 -91
-100 -4 -87
-85 -2 -86
-43 -7 -56
-23 -13 -38
-25 -18 -15
-28 -26 12
-51 -26 12
-43 -6 16
-22 -2 17
20 16 13
45 7 33
61 4 55
50 12 79
34 -1 81
5 17 85
8 16 77
20 30 85
58 28 100
89 18 119
87 22 152
79 -9 159
60 -17 158
23 -24 149
37 -12 136
50 -25 129
85 -18 122
96 -26 126
91 -35 136
35 -49 125
9 -31 102
25 -18 110
39 -12 104
76 12 122
102 -2 143
108 -5 150
90 -10 164
74 -2 157
67 9 147
87 20 134
130 45 133
147 49 130
154 53 131
152 51 141
122 52 137
96 70 118
81 68 115
86 88 109
97 89 105
121 87 116
140 79 130
115 62 133
100 53 134
73 46 126
62 50 114
64 63 96
78 57 88
93 58 94
101 44 90
79 45 86
49 36 83
23 46 73
-6 49 60
11 55 51
15 55 54
29 58 69
33 44 79
29 42 93
12 34 93
-22 37 77
-26 37 65
-5 42 48
10 42 34
30 41 32
32 36 30
2 25 25
-29 17 5
-46 26 -8
-55 22 -20
-46 28 -28
-29 24 -32
-14 9 -14
-18 -10 -3
-34 -23 2
-58 -42 -4
-73 -45 -12
-78 -37 -38
-60 -34 -49
-45 -42 -46
-34 -53 -50
-42 -62 -50
-56 -56 -47
-84 -74 -55
-110 -62 -67
-103 -56 -81
-98 -58 -81
-73 -58 -80
-58 -71 -65
-58 -78 -52
-67 -84 -43
-79 -94 -43
-101 -90 -62
-90 -90 -76
-63 -73 -83
-47 -77 -84
-36 -71 -88
-26 -81 -83
-63 -94 -83
-89 -75 -94
-103 -73 -106
-99 -55 -115
-75 -41 -115
-66 -54 -105
-45 -61 -87
-50 -69 -78
-65 -77 -74
-85 -80 -73
-98 -76 -90
-86 -59 -101
-59 -55 -113
-42 -46 -111
-30 -52 -109
-42 -58 -109
-79 -51 -110
-94 -38 -120
-103 -32 -124
-94 -13 -127
-76 1 -121
-53 -4 -113
-27 -7 -92
-36 -17 -75
-51 -23 -72
-64 -10 -72
-70 -1 -83
-48 14 -95
-23 26 -97
2 17 -86
-1 22 -84
-1 6 -82
-36 8 -83
-49 10 -97
-65 25 -104
-46 34 -103
-31 27 -98
-6 23 -81
4 11 -68
-10 -9 -49
-44 -12 -52
-40 -22 -52
-58 -4 -62
-32 5 -66
-4 -20 -68
11 -13 -58
17 -21 -54
38 13 -14
End
