1 0 0 0
4 -6 9
9 -6 -3
0 -5 8
-10 -7 -8
6 -6 -7
26 2 2
2 -6 2
5 6 0
-6 4 -6
19 -7 4
-7 7 21
-4 -11 4
-7 -2 19
8 25 13
12 17 23
4 9 15
23 9 17
10 2 13
16 7 -2
5 -1 10
31 3 21
5 -1 1
8 14 4
14 2 10
-10 14 12
14 9 33
9 21 9
19 12 25
7 18 10
23 17 17
-4 18 19
14 -10 6
5 13 7
19 8 18
-2 11 26
7 12 55
-10 42 74
7 42 79
18 50 91
9 73 95
23 67 109
27 73 97
21 69 85
42 65 69
53 55 57
44 50 28
50 23 30
37 22 7
53 3 -20
30 -13 -28
30 -33 -62
25 -53 -54
25 -60 -61
-4 -64 -71
-14 -53 -73
-32 -36 -25
-14 -21 17
-30 11 52
-35 -11 71
-37 31 66
-29 39 69
-26 45 69
9 66 78
20 56 70
27 43 47
35 23 18
42 15 5
37 20 -4
59 4 -14
50 -23 -46
30 -36 -59
10 -34 -40
12 -24 -37
-6 -34 -41
-25 -49 -66
-19 -44 -67
-17 -54 -81
-34 -51 -55
-23 -43 -97
-11 -73 -113
-40 -69 -138
-22 -76 -119
-26 -87 -117
-28 -92 -136
-42 -103 -142
-25 -112 -157
-47 -118 -132
-38 -113 -148
-51 -119 -130
-58 -115 -135
-56 -118 -120
-65 -93 -123
-76 -82 -118
-64 -85 -107
-74 -74 -106
-62 -88 -102
-65 -83 -134
-72 -92 -115
-61 -104 -135
-51 -104 -147
-50 -116 -153
-49 -124 -156
-60 -115 -146
-62 -125 -147
-60 -110 -129
-82 -105 -123
-87 -96 -106
-78 -68 -93
-75 -59 -74
-61 -32 -46
-70 -3 -17
-68 8 10
-49 42 46
-44 80 96
-31 124 133
-10 137 141
5 187 153
21 154 168
42 159 156
77 155 154
87 156 158
126 153 157
141 150 151
141 150 142
158 133 128
153 123 125
150 118 114
136 105 97
134 95 89
123 83 78
110 70 71
113 64 61
86 50 54
76 36 36
68 26 33
54 30 30
46 27 30
35 24 31
23 23 26
15 21 30
5 24 34
1 35 45
5 39 54
-8 44 55
-1 43 57
-5 50 62
6 63 60
13 62 69
18 56 66
23 60 66
30 62 59
20 66 61
36 62 60
35 54 62
31 61 58
23 47 49
25 38 45
17 37 39
13 30 32
21 20 21
10 13 10
-7 5 12
-4 -5 5
-16 0 8
-19 -4 9
-20 1 -2
-26 -10 0
-20 -11 -1
-26 -3 4
-19 -4 1
-11 -2 3
-16 -9 0
-14 -2 5
-11 -2 3
-12 -9 2
3 -4 5
-13 -8 -2
-9 -11 -4
5 -11 -14
3 -28 -26
-18 -37 -44
-2 -52 -60
-15 -66 -71
-29 -82 -93
-50 -96 -111
-45 -119 -130
-68 -133 -147
-86 -153 -162
-93 -153 -161
-108 -156 -155
-139 -156 -153
-152 -160 -154
-154 -158 -159
-158 -158 -158
-151 -150 -150
-155 -139 -125
-156 -107 -86
-152 -86 -54
-151 -52 -19
-149 -11 19
-143 35 59
-121 79 92
-81 122 126
-43 149 148
-9 162 150
30 162 152
73 158 159
116 158 156
151 145 146
159 138 129
156 121 111
157 108 100
157 91 83
158 76 66
145 56 45
128 34 23
112 18 15
100 13 4
86 0 0
60 -4 -1
44 -10 -10
27 -13 -6
13 -11 -5
11 -6 -1
7 -3 -4
11 -5 -12
15 -14 -22
16 -12 -23
23 -17 -25
31 -18 -27
30 -18 -30
25 -20 -22
25 -15 -13
16 -6 0
8 2 19
1 18 27
-7 30 41
-7 40 51
-10 55 61
-4 64 66
10 66 69
11 71 68
22 66 66
27 66 64
37 66 60
47 57 57
50 55 50
56 46 40
51 37 32
15 -5 0
14 -5 6
13 8 -8
13 -9 -6
15 -7 -10
15 -3 10
0 1 7
0 20 13
19 -5 29
5 -4 17
0 -2 12
14 9 16
0 1 -9
1 -5 2
16 4 -11
-4 5 1
-2 0 1
11 5 8
-6 -4 11
21 20 -6
-3 8 4
5 6 18
8 15 -1
-1 5 10
-7 -3 -3
15 -13 2
9 5 19
2 12 18
-4 -4 3
22 6 18
-8 12 14
-6 19 9
3 4 13
7 20 19
-5 16 11
7 -1 14
6 6 13
-4 16 12
10 12 32
-9 20 15
4 -5 7
5 10 10
9 17 12
28 1 -1
-2 -2 14
3 8 9
2 -2 -1
-4 11 -13
6 -4 -4
-5 -20 -36
-7 -25 -35
2 -19 -36
-18 -14 -44
-10 -23 -37
-26 -23 -43
-17 -19 -45
-32 -40 -44
-19 -43 -57
-24 -36 -45
-20 -33 -64
-26 -49 -64
-17 -30 -59
-28 -36 -76
-27 -42 -56
-41 -51 -68
-36 -34 -36
-39 -25 -56
-19 -34 -65
-35 -19 -41
-24 -34 -43
-31 -17 -54
-23 -26 -50
-27 -26 -36
-25 -15 -27
-17 -13 -19
-21 -7 -24
-24 -13 -14
-3 -18 -20
-31 2 -19
-7 19 -25
-11 -2 -7
-15 -11 -7
-4 1 6
-12 -9 -8
-9 -3 -13
-17 -6 -13
-9 10 -1
4 2 -10
2 -1 -20
2 -16 -13
12 -9 -11
-14 -18 -17
32 -15 -14
2 -13 -30
19 -27 -25
4 -30 -34
-10 -23 -42
-4 -32 -34
10 -24 -26
-3 -42 -54
5 -36 -49
-9 -29 -64
-12 -36 -74
-6 -43 -67
-9 -51 -64
8 -54 -62
-21 -24 -29
-19 -26 -32
-21 -11 -23
-38 -18 7
-25 -1 36
-24 21 46
-23 39 82
-19 50 98
8 86 154
-11 99 152
20 117 146
36 165 156
37 162 146
55 164 166
69 158 154
80 152 153
91 150 149
98 150 147
126 144 150
138 159 144
134 153 145
152 132 139
137 133 138
132 134 122
146 110 114
131 97 97
119 93 85
108 72 81
101 58 59
83 46 52
62 33 33
62 9 23
52 16 13
28 -2 3
18 -12 -5
6 -20 -7
-8 -23 -13
-26 -30 -19
-25 -38 -22
-38 -35 -24
-47 -40 -30
-60 -42 -27
-64 -45 -31
-62 -42 -35
-63 -39 -34
-75 -39 -27
-81 -46 -34
-86 -35 -40
-78 -38 -38
-77 -47 -43
-77 -35 -50
-81 -49 -57
-78 -52 -55
-83 -58 -67
-77 -45 -68
-79 -58 -80
-65 -69 -89
-78 -81 -97
-81 -92 -118
-88 -99 -123
-86 -110 -144
-90 -133 -157
-102 -144 -154
-100 -151 -156
-103 -151 -157
-116 -160 -161
-121 -142 -154
-142 -156 -152
-150 -136 -99
-156 -36 -40
-154 -164 -150
-135 -146 -151
-158 -11 -9
-142 -16 1
-101 -106 -74
15 62 18
-105 78 85
-159 -65 -41
25 57 11
104 159 158
-69 58 106
13 66 42
167 153 104
53 120 139
-19 78 87
175 162 137
132 130 153
37 82 113
75 102 91
156 110 111
85 89 124
67 111 129
144 85 82
119 60 59
60 70 72
92 52 62
113 39 37
92 62 67
74 25 26
70 -3 -16
77 3 -11
64 16 18
42 -11 -10
54 -21 -34
61 -23 -32
24 -27 -38
7 -46 -54
34 -23 -33
38 -16 -29
-8 -42 -48
-2 -41 -57
27 -21 -34
-8 -21 -25
-19 -20 -28
11 -12 -26
7 -9 -14
-22 -14 -19
-13 1 -9
20 19 15
3 19 20
-13 29 33
7 34 27
17 22 25
0 50 55
10 70 84
32 46 59
32 62 54
29 73 73
27 62 74
42 72 69
61 86 85
50 72 88
41 56 55
66 66 65
72 75 90
52 54 69
69 51 57
81 57 62
58 37 50
55 28 42
81 46 57
71 30 45
45 15 27
-23 -48 -63
-25 -46 -58
-27 -33 -61
-29 -42 -46
-26 -40 -66
-27 -37 -44
-27 -48 -68
-30 -48 -41
-41 -40 -46
-36 -41 -54
-40 -39 -37
-49 -30 -49
-27 -40 -51
-45 -16 -40
-18 -33 -23
-28 -9 -3
-25 1 -15
-35 -1 -15
-19 -4 9
-23 16 10
-15 7 22
-18 32 33
-3 23 57
-14 34 42
12 40 65
21 52 62
18 57 74
28 51 69
24 71 73
37 67 72
45 55 98
49 60 88
40 52 78
40 62 81
31 43 80
31 66 75
52 54 56
41 65 62
38 36 58
37 39 39
41 35 46
41 33 64
21 30 56
36 31 32
26 40 36
18 21 19
22 17 31
19 16 30
3 16 37
22 22 18
18 21 28
19 11 12
24 16 14
7 8 16
11 10 9
13 7 9
9 28 19
8 4 -2
7 4 3
-7 7 4
-4 5 -1
11 -5 -7
12 -16 -8
-9 -9 -16
-2 -2 -10
-6 -15 -18
-11 -25 -32
-6 -19 -39
13 -18 -23
-19 -25 -30
-16 -25 -33
4 -18 -32
-4 -29 -45
-16 -8 -30
-19 -22 -27
-13 -26 -28
0 -18 -25
-20 -29 -46
-11 -22 -43
-20 -24 -36
-11 -25 -21
-30 -19 -50
-11 -29 -43
-7 -19 -54
-5 -26 -56
-12 -35 -65
-12 -43 -76
-20 -55 -73
-11 -52 -66
-22 -51 -86
-30 -60 -88
-25 -72 -92
-41 -67 -97
-22 -66 -98
-52 -63 -109
-28 -78 -107
-42 -85 -115
-37 -84 -126
-56 -79 -122
-39 -101 -119
-46 -73 -142
-47 -90 -136
-51 -91 -146
-61 -109 -147
-68 -95 -142
-57 -110 -140
-64 -85 -137
-52 -106 -133
-60 -76 -107
-64 -84 -82
-63 -45 -52
-57 -29 -6
-62 18 60
-62 30 122
-57 84 163
-51 127 153
-6 158 153
0 154 157
30 156 162
56 169 156
87 152 161
99 155 144
141 144 137
149 133 124
151 108 102
150 92 87
137 73 75
130 54 67
110 55 53
100 43 44
84 30 44
68 25 33
48 25 20
37 19 19
23 10 23
8 4 16
6 2 13
6 2 12
3 3 3
10 -12 -1
0 -1 2
-2 -6 5
2 -2 8
-11 2 8
-5 4 20
-5 14 23
-17 18 39
-21 37 50
-14 41 60
-14 48 67
-10 64 78
-11 66 89
-5 71 88
2 72 79
14 72 77
36 71 73
39 64 62
44 55 50
58 44 49
44 35 34
45 20 30
50 21 18
30 16 21
28 4 15
11 0 10
6 0 7
-4 9 13
-16 11 20
-13 4 12
-16 5 15
-19 7 13
-9 9 11
-3 2 9
-3 -1 13
10 -1 10
6 -2 7
12 -6 4
19 -8 9
16 -6 2
29 -6 19
-3 -13 10
-2 -8 14
-8 -2 15
-27 5 13
-18 1 11
-28 1 10
-19 2 -5
-31 -3 -11
-34 -8 -22
-22 -14 -26
-39 -29 -43
-36 -49 -52
-38 -51 -66
-41 -72 -75
-40 -68 -95
-55 -82 -94
-61 -97 -100
-73 -99 -106
-82 -100 -107
-100 -93 -111
-99 -98 -99
-100 -93 -106
-105 -92 -98
-107 -81 -98
-105 -82 -106
-95 -80 -99
-100 -73 -98
-62 -76 -93
-69 -69 -92
-59 -63 -91
-49 -56 -79
-20 -50 -65
-44 -40 -46
-28 -22 -26
-31 -4 2
-35 18 32
-20 38 53
-14 71 74
-7 82 96
16 103 115
28 119 134
52 134 133
64 139 136
94 146 131
124 141 126
142 127 115
151 116 105
148 103 95
147 82 88
141 68 69
139 59 58
126 57 50
115 37 42
97 40 35
77 18 28
58 18 23
56 3 19
32 6 3
34 -2 1
17 -9 -10
21 -22 -20
13 -23 -28
-1 -33 -31
11 -38 -31
-4 -39 -40
7 -41 -32
-5 -33 -30
-3 -31 -15
-4 -20 -9
-34 -83 -81
-34 -79 -58
-33 -70 -38
-42 -43 -5
-29 -29 31
-35 13 68
-42 50 86
-8 80 114
-2 113 124
31 121 136
46 149 143
59 153 138
84 127 139
109 122 115
111 111 108
114 97 111
109 74 85
100 75 63
87 40 58
66 30 45
30 24 25
14 13 7
-3 9 -25
-28 -11 -45
-29 -28 -63
-35 -39 -88
-53 -44 -91
-51 -64 -93
-42 -80 -111
-42 -90 -117
-42 -89 -127
-30 -91 -118
-37 -88 -107
-43 -108 -117
-41 -97 -107
-27 -97 -96
-26 -90 -62
-38 -71 -56
-44 -47 -23
-43 -34 10
-47 -1 52
-48 34 85
-35 72 105
-17 92 135
2 126 143
28 141 154
49 146 161
81 140 138
105 120 132
110 122 118
117 110 106
112 94 90
118 66 92
93 47 63
59 41 41
40 19 32
30 10 18
-9 1 -3
-28 -10 -29
-44 -33 -57
-48 -51 -76
-49 -68 -89
-55 -78 -100
-51 -98 -120
-70 -109 -123
-57 -110 -126
-47 -112 -123
-55 -112 -125
-57 -107 -114
-47 -100 -113
-51 -124 -112
-46 -114 -89
-58 -93 -73
-51 -83 -56
-51 -67 -33
-63 -42 11
-64 -8 43
-46 36 72
-38 53 96
-18 85 114
-11 115 127
18 137 139
44 145 133
74 132 126
79 125 125
95 109 98
119 91 89
127 68 82
104 49 80
89 43 50
67 18 38
35 7 26
34 5 -1
2 -5 -11
-26 -19 -36
-38 -44 -54
-58 -52 -96
-44 -72 -109
-60 -76 -115
-52 -85 -122
-47 -114 -136
-52 -114 -135
-48 -126 -138
-44 -122 -136
-35 -119 -142
-40 -123 -128
-43 -117 -118
-38 -118 -105
-52 -89 -82
-47 -82 -56
-66 -57 -21
-58 -19 22
-68 26 61
-43 62 98
-37 94 113
-28 135 146
17 151 159
36 164 149
62 149 145
91 142 143
100 143 126
129 126 117
139 97 104
138 93 97
115 67 68
96 52 60
60 45 40
29 30 25
15 25 -7
-10 10 -19
-16 -1 -59
-36 -22 -74
-36 -37 -95
-45 -46 -104
-57 -56 -127
-35 -77 -122
-56 -82 -133
-52 -91 -132
-60 -94 -132
-53 -100 -130
-66 -93 -130
-64 -92 -114
-68 -88 -99
-72 -65 -80
-63 -58 -40
-83 -33 -3
-75 -7 31
-67 14 62
-47 45 103
-42 84 118
-28 94 139
6 119 153
30 130 156
73 137 146
92 121 130
118 109 125
127 99 106
137 76 94
132 66 94
132 52 74
111 31 62
88 22 58
56 27 31
39 5 9
21 2 -4
-2 -16 -34
-38 -20 -67
-28 -34 -84
-57 -55 -99
-62 -62 -118
-51 -82 -140
-58 -95 -148
-66 -103 -146
-54 -103 -153
-68 -108 -149
-51 -109 -149
-63 -93 -143
-63 -106 -117
-59 -87 -105
-72 -80 -88
-71 -68 -56
-82 -46 -16
-72 -23 20
-64 10 57
-62 45 90
-40 65 107
-10 89 124
0 109 139
36 124 143
71 124 136
94 110 135
116 121 114
134 95 104
128 85 97
133 64 91
121 46 87
99 49 59
94 30 53
57 21 34
46 13 25
33 7 0
-14 -8 -35
-27 -20 -55
-37 -31 -73
-48 -62 -95
-62 -66 -124
-61 -83 -138
-60 -105 -144
-73 -106 -143
-61 -111 -153
-60 -121 -158
-76 -128 -153
-66 -126 -148
-81 -116 -134
-71 -113 -114
-67 -92 -98
-90 -79 -73
-97 -45 -27
-107 -31 16
-105 8 49
-75 34 77
-52 68 104
-38 109 133
-8 130 145
26 137 150
54 134 145
101 131 134
132 123 116
153 114 120
156 104 103
145 81 94
149 66 87
130 40 86
116 29 73
104 27 61
73 16 36
34 8 6
14 3 -12
-14 -11 -33
-20 -29 -52
-27 -59 -87
-37 -78 -107
-39 -83 -118
-55 -107 -134
-63 -110 -131
-63 -120 -150
-64 -130 -157
-67 -128 -156
-55 -117 -152
-4 -27 -14
-11 -2 -17
-17 -18 -12
-10 -22 -25
-4 -21 -30
-15 -7 2
-14 -11 -10
-9 -9 -25
-4 -11 -7
-6 -9 -7
5 4 13
-10 3 5
1 3 7
2 -2 11
-15 14 25
13 2 40
-2 13 25
1 -1 22
10 13 39
2 21 38
8 19 37
10 27 49
0 41 54
2 43 59
-2 50 45
16 27 53
26 50 54
28 51 65
29 55 44
34 45 45
27 37 53
33 32 35
44 42 67
30 33 47
36 53 45
29 30 40
26 33 44
25 31 57
22 19 41
17 44 42
13 19 39
23 29 58
13 33 40
8 30 49
25 37 52
1 21 57
10 37 47
22 42 58
7 30 58
21 39 55
23 38 53
6 41 66
25 42 69
16 50 68
18 48 58
25 53 53
20 46 57
38 36 51
21 23 33
27 31 44
22 19 22
24 25 13
14 9 15
7 0 9
18 -2 -1
14 -20 3
4 -8 -23
11 -20 -25
-3 -18 -41
-12 -25 -45
-30 -27 -46
-25 -33 -43
-26 -29 -53
-20 -42 -55
-30 -37 -38
-21 -55 -64
-19 -47 -59
-28 -36 -76
-22 -58 -74
-25 -60 -74
-36 -50 -65
-39 -53 -75
-44 -51 -70
-40 -63 -93
-38 -60 -66
-26 -61 -74
-34 -65 -99
-44 -80 -126
-36 -67 -135
-38 -84 -134
-31 -96 -130
-54 -110 -139
-59 -102 -139
-45 -115 -162
-61 -117 -137
-69 -114 -152
-55 -118 -139
-73 -131 -167
-73 -135 -147
-72 -125 -153
-72 -157 -152
-87 -164 -146
-92 -140 -160
-89 -141 -150
-112 -143 -152
-77 -153 -155
-101 -161 -155
-110 -153 -142
-104 -123 -117
-107 -105 -84
-95 -58 -41
-99 2 23
-121 36 78
-96 97 115
-73 148 156
-51 162 160
-17 150 166
42 160 159
89 155 157
110 152 158
156 156 149
174 160 151
151 148 149
157 141 142
154 118 116
151 114 109
144 103 96
145 92 88
126 85 79
112 67 73
97 71 66
94 58 59
78 57 54
67 49 52
56 41 43
54 40 40
50 31 33
52 30 25
45 21 22
40 13 12
38 12 9
36 8 13
32 8 9
29 13 14
12 16 28
8 20 33
4 26 34
-1 41 50
7 45 57
3 55 65
-2 61 57
-2 62 56
13 59 54
16 63 50
19 59 52
29 54 42
38 45 38
26 39 32
24 35 34
30 31 31
24 27 26
23 22 18
19 18 18
9 23 17
5 29 16
6 26 14
2 20 15
-2 20 14
-3 23 14
-2 23 22
-2 20 26
13 18 27
10 18 28
17 14 20
19 19 29
20 16 22
20 17 21
31 19 24
19 16 30
19 23 31
16 20 30
15 20 33
9 25 30
4 21 25
3 21 25
-2 19 17
1 20 7
2 8 2
-5 6 -8
-7 -11 -22
-9 -16 -29
-12 -20 -41
-22 -38 -58
-27 -50 -67
-39 -58 -83
-41 -68 -90
-43 -75 -89
-66 -83 -105
-70 -85 -108
-79 -90 -110
-95 -98 -116
-102 -99 -123
-95 -101 -121
-96 -96 -126
-102 -101 -131
-95 -100 -125
-100 -102 -130
-98 -96 -126
-83 -96 -126
-94 -94 -124
-84 -91 -122
-72 -78 -98
-76 -66 -71
-74 -44 -46
-79 -26 -17
-78 -10 12
-64 24 39
-49 49 70
-35 63 89
-13 95 109
7 112 130
35 122 139
53 134 142
83 142 144
106 141 144
115 137 143
142 127 135
152 121 123
153 110 114
156 95 102
142 85 89
137 79 82
129 67 72
112 58 62
103 48 53
93 42 49
67 30 40
69 27 31
51 19 32
38 14 18
45 6 15
38 8 5
26 -6 1
31 -12 -8
25 -18 -11
25 -16 -14
25 -18 -9
13 -11 -5
13 -13 1
-6 -6 -7
9 -23 -9
-12 -15 -29
-14 -14 -17
-18 -2 -19
-15 -26 -18
2 -15 -15
-1 -20 -25
2 -19 -17
-17 -15 -30
1 -18 -22
-4 -10 -14
-7 -7 -1
5 -7 2
0 -9 2
6 -7 -2
-9 5 -16
-11 -14 -11
2 -4 -25
5 -9 -1
-10 8 -28
-5 -17 -20
-6 -3 -21
2 -10 -2
3 -7 -2
17 1 7
-1 -8 -10
11 -2 5
3 1 -6
2 4 2
8 -1 -20
0 -1 -2
0 2 -15
-1 -3 -22
1 0 -2
0 4 10
-13 6 25
17 13 18
-7 11 22
5 21 28
10 14 22
7 13 33
8 34 34
22 28 37
0 36 29
15 40 47
21 57 45
11 34 41
17 40 52
33 47 53
16 37 49
20 53 66
30 50 75
18 55 76
23 40 76
23 77 94
33 60 86
17 52 102
40 69 98
30 77 98
34 74 109
30 74 110
45 67 101
47 79 83
34 69 94
54 73 92
54 72 106
45 57 104
43 45 46
43 46 53
43 46 83
44 22 38
62 21 21
31 30 5
22 -18 7
14 -17 -32
29 -19 -2
24 -20 -2
0 -39 -48
-3 -61 -70
-9 -71 -89
-25 -82 -85
-36 -75 -93
-14 -80 -82
-41 -102 -117
-51 -113 -144
-38 -112 -162
-47 -112 -162
-57 -119 -156
-51 -117 -148
-69 -143 -160
-75 -151 -147
-74 -148 -152
-56 -147 -149
-76 -140 -156
-71 -143 -159
-96 -157 -154
-86 -147 -154
-100 -130 -145
-106 -126 -133
-103 -124 -108
-124 -116 -106
-126 -92 -90
-125 -137 -113
-145 -98 -118
-110 25 -6
-81 -23 9
-105 -8 -22
-72 113 45
-99 24 56
-90 -40 -38
24 169 124
36 89 131
-5 105 132
87 156 126
99 117 143
-45 133 154
123 155 153
161 157 154
99 139 148
110 104 101
142 123 82
120 119 107
118 110 118
138 96 89
87 59 63
86 62 46
111 49 50
94 37 47
87 59 46
87 15 17
55 -16 -31
34 12 -19
45 -4 -15
34 -20 -17
30 -4 -18
23 -21 -42
-11 -57 -67
-22 -43 -65
-11 -32 -48
-24 -20 -30
-23 -25 -26
-29 -35 -51
-42 -36 -51
-67 -26 -43
-46 -19 -22
-21 12 -5
-25 14 3
-43 -1 -8
-40 8 -9
-29 18 8
-32 27 24
-13 60 48
9 48 43
-4 40 30
-8 50 30
0 51 37
11 69 48
36 80 66
44 69 60
42 54 40
48 52 42
37 56 42
52 59 54
62 57 58
68 46 49
50 40 26
42 25 17
34 25 26
55 36 40
58 36 40
50 19 20
46 14 11
36 5 -2
22 10 2
38 18 18
35 9 18
22 3 1
18 -6 -13
1 -18 -14
9 -11 -4
9 -1 9
5 -3 2
-2 -12 0
-13 -12 -19
-21 -19 -16
-22 -3 -12
-16 4 6
-24 -7 5
-30 -1 -6
-38 -14 -18
-45 -10 -14
-39 -4 -6
-33 3 9
-26 -1 1
-29 2 -1
-34 -6 -9
-42 -6 -10
-20 6 7
-12 12 10
-18 6 3
-9 -7 -3
-17 2 -18
-21 3 -17
-10 2 3
7 17 -2
13 10 1
12 -1 -2
10 -1 -14
10 1 -15
15 6 8
18 3 12
24 5 5
20 -3 -7
16 -4 -10
17 1 -8
19 10 3
28 9 11
23 7 0
24 1 -10
16 -2 -12
23 6 5
15 15 8
18 6 9
25 7 3
12 -2 -6
-4 3 -1
5 6 5
11 21 7
2 16 14
4 6 8
-6 9 -2
-5 5 6
-10 9 9
-7 14 11
-7 18 15
-10 9 12
-7 1 4
-11 4 3
-1 8 15
7 14 21
10 21 17
10 8 13
1 11 11
14 18 13
22 18 18
28 41 47
37 24 32
30 14 12
End
