0 0 1 0
756 11 4
11 8 -4
11 8 8
11 4 8
11 -4 11
11 -4 11
11 8 11
10 11 11
4 8 11
11 4 11
8 4 11
10 8 11
8 -4 11
11 4 11
8 10 11
10 8 11
8 8 11
8 11 11
8 11 11
8 10 11
10 8 11
11 11 11
8 11 11
10 11 11
11 11 11
10 8 11
10 10 11
11 10 10
11 11 11
8 10 11
11 10 4
11 -17 4
-4 8 8
8 -4 10
10 4 -4
8 4 4
8 4 8
10 10 4
8 4 4
8 8 8
11 -4 11
10 8 8
11 4 11
11 8 10
11 4 10
11 8 11
11 10 10
11 8 8
11 -4 4
4 4 -4
10 8 8
11 4 -4
11 4 10
4 -4 4
8 -4 -4
11 4 4
10 -4 -17
8 11 -4
11 8 -4
4 8 -4
8 11 -4
8 11 -4
11 10 -4
4 11 -19
4 11 4
4 10 11
-4 10 4
-19 11 4
-4 11 10
-4 11 10
4 10 10
-4 11 11
8 10 -4
4 10 11
11 11 10
10 11 -4
10 11 -4
10 10 8
8 4 10
11 11 4
11 11 4
11 -4 -4
4 4 8
10 11 -4
4 8 4
4 4 -20
-19 4 -4
11 11 4
10 8 8
4 8 4
8 4 11
4 4 11
4 10 -4
10 4 8
11 4 11
11 4 -4
8 10 10
11 4 11
10 11 10
11 11 11
11 11 4
11 11 11
8 11 4
11 11 11
11 4 10
11 11 10
11 11 8
4 11 -4
11 11 11
11 11 8
11 11 11
11 11 10
10 11 11
11 11 11
11 11 8
11 8 4
10 11 11
11 11 11
11 11 10
11 8 10
11 11 10
11 8 10
11 11 8
11 11 11
11 4 11
11 11 11
11 11 4
11 8 8
10 10 4
11 11 11
11 11 8
11 4 10
8 11 8
10 10 11
8 11 11
8 4 11
11 10 11
10 8 11
8 8 11
-4 11 10
8 11 8
4 8 11
10 8 8
10 4 10
10 8 11
8 4 10
11 11 11
8 8 -4
4 8 10
8 8 8
11 4 11
10 11 8
8 8 11
11 11 10
10 10 4
4 11 -4
8 8 8
-4 8 8
10 11 11
11 10 4
4 10 11
4 8 10
8 11 8
8 11 11
8 8 8
10 8 11
-4 11 4
4 8 4
8 8 11
8 4 11
10 4 11
4 8 11
8 10 11
4 10 8
8 10 11
4 4 11
10 4 11
8 4 8
8 8 11
8 8 8
4 4 11
10 8 4
4 10 11
11 4 4
-4 4 11
11 4 10
8 4 10
4 8 10
8 8 11
8 4 11
10 4 8
8 4 -4
11 10 4
8 11 11
11 11 11
8 4 8
4 4 4
8 4 4
4 4 11
8 4 11
-17 11 11
-19 8 11
-4 4 11
-17 4 11
-17 4 11
-4 8 11
-19 8 11
-4 -4 11
-4 -4 11
-4 -4 11
4 -4 11
8 4 11
8 -4 11
11 4 11
10 8 11
11 8 11
11 4 11
11 10 11
11 8 11
11 8 11
11 4 11
11 8 11
11 8 11
11 4 11
11 4 11
11 4 11
11 4 11
11 -4 11
11 4 11
11 4 11
11 8 11
11 4 11
11 8 11
11 10 11
11 11 11
11 11 11
11 11 11
11 11 11
11 11 11
11 11 11
11 11 11
11 11 11
11 11 11
11 11 11
11 11 11
11 11 11
11 11 11
11 11 11
11 10 11
11 10 11
11 11 11
11 11 11
11 11 11
11 11 11
11 11 11
11 11 11
11 11 11
11 11 11
11 11 11
11 11 11
11 11 11
11 11 11
11 11 11
11 11 11
11 11 11
11 11 11
11 11 11
11 11 11
11 11 11
11 11 11
11 11 11
11 11 11
11 11 11
11 11 11
11 11 11
11 11 11
11 11 11
11 11 11
11 11 11
11 11 11
11 11 11
11 11 11
11 11 11
11 11 10
11 11 10
11 11 11
11 11 10
11 11 8
11 11 8
11 11 8
11 11 4
11 43 8
11 43 4
11 60 4
11 60 4
11 43 4
11 43 -4
11 43 4
11 43 4
11 11 -4
-4 -4 8
-4 8 4
-4 -17 4
-4 -17 4
-4 -4 4
-4 -4 4
-4 -4 4
-4 4 -4
-4 -4 4
-4 -4 -4
-4 -4 -4
-4 4 -4
-4 -4 -4
-4 -4 -17
-17 -20 -4
-19 -20 -4
-4 -20 -4
-20 -4 -4
-20 -17 -4
-20 -20 -4
-19 -20 -20
-19 -46 -20
-17 -20 -20
-20 -20 -20
-20 -20 -20
-20 -20 -20
-20 -20 -19
-20 -20 -20
-20 -20 -20
-20 -20 -20
-20 -45 -20
-20 -20 -20
-20 -45 -20
-20 -49 -20
-20 -45 -20
-20 -45 -20
-20 -49 -20
-20 -49 -20
-20 -51 -20
-20 -52 -20
-20 -51 -20
-20 -52 -20
-20 -52 -38
-20 -52 -38
-20 -52 -20
-20 -52 -20
-20 -52 -45
-20 -52 -45
-45 -52 -20
-20 -52 -45
-45 -52 -37
-45 -52 -45
-45 -52 -45
-45 -52 -45
-49 -52 -51
-49 -52 -49
-45 -52 -49
-52 -52 -52
-45 -52 -51
-49 -52 -51
-45 -52 -51
-52 -52 -52
-52 -52 -52
-52 -52 -52
-52 -52 -52
-52 -52 -52
-52 -52 -52
-52 -52 -52
-52 -52 -52
-52 -52 -52
-52 -52 -52
-52 -52 -52
-52 -52 -52
-52 -52 -52
-52 -52 -52
-52 -52 -52
-52 -52 -52
-52 -52 -52
-52 -52 -52
-52 -52 -52
-52 -52 -52
-52 -52 -52
-52 -52 -52
-52 -52 -52
-52 -52 -52
-52 -52 -52
-52 -52 -52
-52 -52 -52
-52 -52 -52
-52 -52 -52
-52 -52 -52
-52 -52 -52
-52 -52 -52
-52 -52 -52
-52 -52 -52
-52 -52 -52
-52 -52 -81
-52 -52 -81
-52 -52 -52
-52 -52 -81
11 -4 11
11 10 4
11 8 11
11 11 8
8 11 11
10 11 10
11 8 11
8 8 4
11 10 8
10 8 8
10 8 10
11 11 11
8 8 11
11 8 11
11 8 8
10 11 11
11 4 11
4 11 11
11 10 11
11 8 4
11 11 10
11 8 11
11 10 11
8 4 11
8 11 11
11 11 4
11 8 8
4 4 11
10 10 11
11 11 8
8 8 10
10 10 11
8 4 10
10 8 11
11 10 11
10 8 8
11 8 11
8 8 8
11 8 -4
11 10 4
10 11 4
8 4 11
4 8 11
10 8 11
8 11 4
11 8 4
10 4 -4
11 10 11
11 11 8
11 4 8
11 8 8
11 8 8
11 8 8
4 8 10
8 10 10
8 8 11
4 11 4
11 8 11
4 8 8
4 4 10
4 8 4
11 8 8
11 8 10
10 4 11
-4 4 8
11 10 11
4 4 10
4 4 8
11 10 11
10 8 11
-4 4 10
10 8 8
4 8 4
8 4 8
8 4 10
8 8 8
4 4 4
4 10 10
4 4 8
4 4 11
11 4 10
11 8 4
4 8 10
4 8 11
11 8 4
10 4 4
8 10 8
8 8 4
8 8 4
8 11 4
8 4 8
10 8 10
11 10 11
8 8 11
11 8 -4
8 11 11
8 -4 8
4 11 8
4 8 -4
8 8 11
11 11 4
8 10 4
11 11 4
8 8 4
4 8 4
4 8 4
4 4 4
-4 4 4
-4 8 4
-4 4 4
-4 4 -4
-4 -4 -4
4 -4 -4
4 -4 -4
4 4 4
8 -4 4
8 4 4
10 -4 4
8 -4 4
8 -4 4
4 -4 4
11 -4 4
11 -4 4
10 -4 4
10 -4 4
8 -17 -4
8 -17 4
10 -17 -4
8 -20 -4
10 -20 -4
10 -17 -4
10 -4 -4
11 -20 -4
8 -20 -4
11 -20 -4
11 -4 -4
8 -4 -4
8 -4 -4
4 -4 -4
-4 -17 4
-4 -4 -4
-4 -17 -4
-4 -4 -4
-4 -4 -4
-17 -17 -4
-4 -17 4
-4 -17 4
-4 -4 -4
4 -20 4
4 -19 4
-4 -19 4
-4 -20 8
-4 -20 8
-4 -20 8
-4 -20 10
-4 -4 10
-4 -4 10
-17 -20 11
-4 -20 11
-19 -19 11
-4 -20 11
-17 -17 11
-19 -20 11
-19 -20 11
-4 -20 11
-20 -20 11
-17 -17 10
-4 -20 11
-4 -20 10
-4 -20 8
4 -20 8
-4 -20 8
-4 -20 4
-4 -20 8
-20 -20 8
-4 -19 4
-17 -17 8
-17 -20 4
-4 -4 4
-4 -4 4
-4 -4 8
4 -4 8
4 -4 8
4 -4 8
8 4 8
4 4 8
4 -4 10
8 -17 10
4 4 10
4 4 10
8 4 10
4 4 10
10 4 8
8 4 10
10 4 8
8 4 11
8 -4 11
4 -4 11
4 -4 11
-4 4 11
11 8 11
11 11 11
10 4 8
8 4 11
8 11 4
8 4 -4
8 11 11
4 -4 8
8 11 11
11 10 11
11 4 8
4 4 4
8 10 10
8 4 4
11 4 10
8 8 4
8 -4 11
11 8 11
4 -4 10
11 4 -4
10 4 10
8 8 11
8 8 11
4 -4 10
11 4 -4
10 11 8
11 11 10
4 4 8
8 8 11
11 8 8
4 10 8
8 10 -4
8 8 4
11 10 8
11 4 10
8 10 -4
-4 10 8
8 8 11
-4 4 4
10 4 8
11 4 8
11 4 4
4 8 -4
11 8 10
-4 8 -4
4 10 8
4 4 -4
10 4 4
8 10 8
8 8 4
4 10 -4
8 8 -4
-4 11 8
-4 11 -4
4 8 8
8 11 8
11 10 -4
11 11 4
8 11 -4
11 11 4
8 10 10
8 4 8
11 11 4
10 11 11
11 8 11
10 11 8
10 10 10
4 11 4
11 11 11
8 11 8
8 11 10
11 10 11
11 11 11
11 11 11
8 11 11
11 11 11
8 11 8
8 11 10
11 11 8
11 11 10
8 11 10
11 11 11
11 11 10
8 11 10
8 11 8
10 10 4
8 8 10
11 11 11
11 11 11
11 11 4
10 11 10
10 11 11
11 11 11
4 11 4
11 11 10
11 11 8
11 10 11
11 11 4
11 11 11
11 11 11
8 4 11
4 4 11
10 10 10
4 -4 11
8 10 11
8 4 10
10 4 11
10 -4 8
10 4 10
10 -4 8
11 8 4
8 10 4
10 8 11
10 10 4
11 4 8
8 8 8
11 -4 8
10 8 11
8 4 8
8 10 11
8 8 11
10 8 8
10 4 8
11 8 10
4 8 10
11 8 8
8 8 11
10 11 11
11 8 11
8 11 4
11 11 11
11 4 11
4 4 11
8 10 11
10 8 8
10 11 11
10 11 11
-4 10 11
4 11 11
10 4 10
4 10 10
10 11 11
11 8 10
10 11 11
11 8 8
8 11 11
4 11 11
11 11 10
8 11 8
4 10 10
10 11 8
10 10 11
4 8 11
10 11 11
10 11 11
11 11 8
10 10 11
4 10 8
10 11 11
8 8 11
11 10 4
4 11 11
11 10 11
4 11 4
11 10 11
10 11 11
4 8 11
8 10 4
8 10 11
8 11 8
10 8 11
11 4 8
10 4 4
10 8 4
11 4 -4
4 4 11
10 8 11
8 8 11
4 4 11
8 11 10
4 11 11
11 8 10
11 4 11
8 11 11
8 8 4
10 11 4
11 10 8
11 8 11
11 11 11
8 4 10
11 8 4
8 8 8
8 -4 11
10 4 8
11 11 11
-4 8 11
11 -4 10
11 4 11
11 4 10
8 8 10
10 8 11
11 8 11
11 8 4
11 4 4
10 11 4
8 8 10
11 11 11
11 4 8
11 10 11
11 8 10
10 4 11
10 8 11
11 10 11
11 8 10
11 4 8
8 8 8
11 10 -4
10 8 11
11 10 11
11 10 11
8 4 11
11 10 11
8 4 11
11 -4 8
8 10 10
11 4 11
11 10 10
8 10 11
11 4 11
10 4 10
11 8 11
11 -4 11
11 8 11
11 11 11
11 8 11
11 4 8
11 10 11
10 8 4
11 4 8
4 8 11
4 4 11
11 10 8
11 4 11
8 11 11
11 10 11
8 10 10
11 10 8
11 10 11
11 4 11
11 10 11
11 11 4
11 11 8
10 8 8
11 11 8
11 4 4
8 8 10
11 4 4
11 4 8
8 4 11
11 8 4
4 8 4
8 8 11
11 11 10
-4 8 8
4 8 11
11 4 11
8 8 4
11 4 11
11 8 11
11 4 8
8 11 4
8 4 4
10 11 -4
11 10 11
4 11 8
8 11 11
11 11 11
11 10 11
10 -4 -4
10 10 4
8 10 8
11 10 8
11 4 11
11 11 8
11 8 11
11 8 -4
8 11 11
11 4 11
11 8 11
8 4 10
11 11 11
8 8 8
11 4 11
11 11 8
11 11 10
8 11 8
8 11 11
11 10 11
11 8 8
11 11 11
10 4 4
10 11 8
10 10 -4
8 8 4
8 -4 4
8 4 4
11 4 4
4 8 4
8 4 8
4 4 8
11 8 8
8 4 -4
8 4 4
8 4 8
-4 8 8
8 4 4
4 -4 8
8 8 8
4 -4 4
4 4 4
-4 -4 4
4 4 11
4 4 8
4 4 10
4 4 8
8 -4 4
-4 -4 10
4 -4 8
-4 -4 10
4 -20 10
-4 4 8
-4 -4 8
8 -4 4
8 8 8
4 -4 11
8 4 4
-4 -4 8
-4 -4 8
4 -4 4
4 -19 4
8 4 8
11 -4 8
4 4 4
4 -4 8
4 -4 4
-4 4 4
4 -4 4
8 -17 4
-4 -4 4
4 8 4
4 -4 4
4 8 11
4 -17 4
4 -4 4
4 4 4
4 10 4
-4 -4 4
8 10 4
4 4 -4
8 -4 4
8 10 -4
8 8 -4
8 -4 -4
4 8 -4
8 8 4
4 4 -4
10 4 10
4 4 4
4 4 8
10 8 4
11 4 8
8 -4 4
10 4 4
8 4 4
4 8 4
8 8 8
8 -4 8
4 8 4
11 4 4
8 4 4
8 4 10
11 4 4
-4 4 8
10 8 4
10 4 4
8 10 8
10 8 4
4 11 8
10 8 8
8 11 4
8 4 8
8 11 4
11 4 8
10 8 4
11 4 11
8 8 8
10 10 4
10 11 4
11 11 11
11 11 4
4 11 4
10 11 4
8 11 8
4 10 -4
4 10 4
4 8 11
10 11 10
4 8 8
4 8 8
-4 8 8
4 11 10
4 11 10
8 11 11
-4 10 10
4 11 11
4 10 4
4 8 4
8 11 4
4 8 11
10 10 11
11 11 10
8 10 4
11 11 8
11 10 10
10 11 8
11 11 8
8 11 10
11 8 4
10 4 -4
8 10 8
11 10 4
11 8 8
11 8 4
11 10 8
11 8 4
8 8 4
8 11 8
10 11 -4
11 8 4
11 4 -4
8 10 4
11 8 8
11 10 4
8 8 -4
11 11 -4
11 4 8
8 11 -4
8 -4 -4
11 4 -4
8 4 -4
11 4 8
8 8 4
11 4 -4
11 8 4
10 11 -4
8 -4 8
10 8 4
4 4 10
4 -4 -4
8 8 8
8 8 8
11 -4 4
-17 4 4
8 10 8
4 8 4
4 8 8
4 10 4
4 11 8
4 8 4
8 8 8
4 8 -4
8 11 4
8 11 4
8 8 8
4 8 4
10 8 8
8 10 8
-4 11 10
8 11 8
4 11 11
4 10 10
4 10 4
-4 11 10
-4 8 8
4 4 8
4 8 10
-4 10 4
8 10 11
4 4 8
11 8 11
8 4 11
8 -4 4
11 8 10
4 10 11
11 4 11
10 4 8
4 8 4
11 10 11
10 4 10
11 11 -4
11 11 11
11 8 11
11 11 11
11 8 11
11 8 11
11 11 11
11 11 11
11 10 11
11 11 11
11 8 11
11 10 11
11 8 11
11 11 11
11 8 11
11 8 11
11 10 11
11 8 11
11 10 11
11 11 11
11 4 11
11 11 11
11 10 11
11 11 11
11 11 11
11 11 11
11 11 11
11 -4 43
11 11 11
43 8 60
51 11 11
43 11 51
60 11 11
60 10 51
60 8 11
11 11 11
11 11 43
43 8 11
60 11 11
60 11 -213
11 8 11
11 11 43
43 10 11
43 4 43
-213 10 68
51 4 60
60 11 11
68 4 11
43 10 60
43 8 43
11 8 43
43 8 72
51 8 60
60 4 68
-213 8 60
43 8 72
43 4 68
51 8 75
11 4 68
43 -4 68
43 -4 72
11 -4 68
11 -4 72
11 4 60
11 8 60
11 -4 60
43 11 60
11 -4 51
11 4 68
11 -4 43
11 4 51
43 -4 43
11 4 68
11 4 11
11 -4 43
11 4 60
11 11 60
11 4 60
11 8 68
11 8 51
11 8 60
11 8 43
11 11 11
11 4 11
11 10 43
11 8 11
11 11 11
11 11 11
11 11 43
11 11 11
11 11 60
11 8 11
11 11 11
11 11 11
11 11 11
11 11 11
11 8 11
11 11 11
11 10 11
11 10 11
11 11 11
-147 -120 -88
-147 -120 -88
-132 -120 -86
-132 -120 -85
-132 -120 -52
-148 -124 -52
-132 -120 -52
-145 -124 -52
-132 -118 -52
-148 -120 -52
-132 -124 -51
-132 -120 -45
-145 -120 -38
-132 -124 -38
-132 -120 -20
-132 -124 -20
-132 -124 -20
-132 -132 -20
-124 -120 -20
-124 -132 -20
-124 -124 -20
-118 -132 -20
-118 -132 -20
-120 -124 -20
-117 -132 -20
-117 -132 -20
-117 -132 -20
-117 -132 -20
-117 -148 -20
-117 -148 -20
-117 -147 -20
-92 -145 -20
-92 -145 -19
-86 -147 -20
-85 -148 -19
-81 -148 -19
-52 -148 -4
-52 -147 -4
-52 -132 4
-52 -132 4
-49 -145 8
-45 -132 10
-45 -132 11
-20 -124 11
-20 -124 11
-20 -124 11
-20 -120 11
-20 -120 11
-20 -117 11
-20 -117 11
-20 -117 43
-20 -117 -213
-20 -117 43
-20 -117 43
-45 -117 43
-20 -88 43
-20 -86 43
-20 -86 43
-20 -85 51
-20 -85 43
-20 -52 60
-19 -52 60
-4 -52 60
4 -52 60
-4 -52 68
4 -52 72
4 -52 72
4 -52 72
8 -52 75
8 -52 74
8 -52 75
11 -52 75
11 -52 75
11 -52 75
11 -52 75
11 -52 75
11 -52 75
11 -52 75
-213 -52 75
-213 -52 75
11 -52 75
43 -52 75
43 -51 75
43 -52 75
60 -52 75
44 -45 75
43 -49 75
43 -45 75
43 -37 75
11 -37 75
-213 -20 75
11 -20 75
43 -20 75
51 -20 83
60 -20 83
68 -20 75
72 -17 90
74 -17 91
75 -19 91
75 -17 108
75 140 -52
75 140 -52
68 140 -52
43 140 -52
11 140 -45
11 140 -49
4 91 -52
-20 75 -52
-20 51 -52
-37 11 -52
-45 11 -52
-45 11 -52
-20 11 -52
-20 11 -52
-20 11 -52
-20 11 -52
-20 11 -52
-20 11 -51
-20 11 -49
-20 11 -45
-45 11 -20
-52 11 -20
-52 11 -38
-81 4 -45
-88 -4 -49
-117 -20 -51
-117 -49 -52
-120 -52 -52
-120 -52 -52
-117 -85 -52
-117 -92 -52
-117 -88 -52
-92 -101 -52
-85 -88 -52
-52 -85 -52
-52 -52 -51
-52 -52 -45
-52 -52 -20
-52 -52 -20
-52 -52 -19
-52 -52 -4
-52 -52 8
-52 -81 11
-52 -88 11
-52 -117 11
-52 -117 11
-52 -117 11
-81 -124 11
-81 -124 43
-52 -132 43
-52 -124 60
-52 -120 68
-52 -117 74
-52 -117 74
-52 -117 75
-45 -88 75
-20 -92 140
-20 -86 140
-20 -85 140
-20 -52 140
-38 -85 140
-45 -85 140
-49 -86 140
-49 -92 140
-51 -117 140
-49 -117 140
-52 -117 140
-49 -117 108
-52 -117 140
-49 -117 140
-37 -117 140
-20 -108 140
-20 -88 12
-19 -85 140
-4 -52 91
4 -52 83
10 -52 75
11 -52 75
11 -52 75
11 -52 72
11 -51 68
11 -51 68
11 -51 60
11 -49 60
11 -49 43
11 -45 43
11 -49 -213
11 -20 11
11 -20 11
43 -20 11
60 -20 11
72 -4 11
75 -4 11
75 8 11
83 10 11
91 11 11
91 11 11
91 11 11
91 11 11
91 11 11
4 4 -4
8 8 -4
4 10 -4
4 11 4
8 11 8
8 11 11
11 11 11
8 11 11
11 11 11
8 11 11
10 11 11
11 11 11
11 11 11
8 11 11
11 11 11
10 11 10
11 11 4
11 11 4
11 11 4
11 10 4
11 11 4
11 10 8
11 8 11
11 8 11
11 -4 11
11 8 11
11 -4 11
11 -17 11
11 -20 11
11 -4 11
11 4 11
11 4 11
11 -4 11
11 -4 11
11 -20 8
11 4 8
11 -4 4
11 4 4
8 4 -19
8 4 -20
-4 -4 -20
-4 -4 -20
-17 -4 -20
-4 -4 -20
-20 -4 -20
-20 8 -20
-17 8 -4
-4 11 4
-4 10 8
4 11 11
8 10 11
8 11 11
8 10 11
8 10 11
11 11 11
11 11 11
11 11 11
10 11 11
11 11 11
11 11 10
11 11 4
11 11 8
11 11 -4
11 11 -17
11 8 -4
8 8 -17
10 -4 -4
4 4 -17
8 -4 -4
4 4 4
4 -19 8
8 -4 10
11 4 11
11 -4 11
11 -20 11
11 -19 11
11 -19 11
11 -19 11
11 4 11
11 -4 11
11 4 11
11 8 11
11 8 10
11 8 8
11 8 4
11 4 -4
8 8 -4
8 11 -4
8 11 -17
8 10 -17
4 11 -4
4 10 -4
-4 11 -4
-20 11 -4
-19 11 -4
-19 4 10
-4 4 11
-4 4 11
11 -4 11
11 -4 11
11 8 4
11 11 10
11 10 8
11 10 4
8 10 10
11 11 8
11 11 4
11 4 8
10 8 10
10 11 -17
11 8 -4
11 10 4
4 11 8
8 8 4
8 4 8
11 -4 8
4 8 8
11 8 11
11 8 11
4 10 11
10 8 11
11 10 4
11 8 11
-4 10 11
8 10 10
4 8 11
11 4 4
8 10 11
8 10 11
8 8 4
10 11 11
10 10 8
11 11 11
8 10 11
8 11 11
11 11 11
11 8 11
11 11 11
11 10 11
11 8 11
11 11 11
10 8 11
11 10 11
11 10 11
8 8 11
10 11 11
11 10 11
11 4 11
11 4 10
11 11 11
11 8 11
11 10 10
11 8 11
11 8 11
10 11 4
11 11 10
8 11 11
4 8 8
11 11 10
8 10 11
10 11 11
8 8 11
11 11 11
11 11 8
11 8 4
11 11 10
11 11 8
10 11 11
11 11 8
8 11 11
8 11 10
11 11 11
11 11 4
11 11 8
4 11 10
10 11 11
10 11 8
4 11 10
8 11 4
4 11 11
11 11 11
4 11 11
8 8 10
11 11 10
11 11 11
10 11 11
4 11 11
10 11 11
8 11 11
4 11 11
8 11 11
4 11 11
10 11 10
8 11 11
10 11 11
8 11 11
11 10 11
8 10 11
10 11 11
10 10 11
-20 140 11
-4 140 72
4 140 108
8 91 140
11 140 140
11 108 140
11 140 140
11 140 91
11 140 68
11 140 11
11 140 10
43 91 -4
60 83 -20
60 75 -20
60 68 -20
68 60 -20
60 11 -17
11 11 4
11 11 10
11 11 11
4 11 11
4 11 11
8 11 11
8 11 8
11 11 4
11 51 -4
11 60 4
11 68 8
11 74 8
11 74 4
11 75 4
11 75 -4
11 91 -20
11 91 -20
11 90 -20
60 75 -20
75 74 -20
140 51 -20
140 11 -20
140 11 -17
140 11 -4
140 11 8
83 11 11
60 11 11
11 11 11
-4 11 43
-20 11 43
-49 11 43
-52 11 51
-52 11 43
-52 51 43
-45 43 43
-20 43 43
8 72 11
11 75 11
43 140 11
72 140 11
75 143 43
75 155 43
75 155 60
75 141 51
72 140 43
68 140 11
51 68 11
11 11 11
11 11 8
11 -20 4
11 -52 4
4 -85 -4
-17 -88 -4
-20 -85 -20
-45 -52 -20
-49 -20 -49
-51 4 -52
-20 11 -52
-20 51 -52
4 75 -52
11 83 -52
43 140 -49
75 140 -20
140 140 8
140 140 11
140 140 19
140 140 72
140 140 75
74 75 75
-213 43 74
11 11 43
10 -4 11
4 -20 10
4 -52 4
4 -85 4
11 -101 10
11 -101 11
11 -88 43
43 -85 68
43 -116 83
11 -20 91
8 -4 83
-20 11 75
11 11 11
11 11 11
11 11 11
11 11 11
11 43 -213
11 43 11
11 43 11
11 43 11
11 11 11
11 11 11
11 11 11
11 11 11
11 11 11
11 11 11
11 11 11
43 11 11
60 11 11
11 11 11
11 43 11
11 43 11
11 43 11
11 43 11
11 11 11
11 11 11
11 11 11
11 11 43
43 11 60
60 11 60
60 11 51
60 11 43
43 11 11
11 43 11
11 60 11
11 72 11
11 51 11
43 43 11
11 11 11
60 11 11
60 11 11
60 11 11
11 11 11
11 11 11
11 43 43
11 11 43
11 51 43
43 60 43
43 60 11
51 72 11
43 11 11
11 11 11
11 11 11
11 11 11
11 11 11
11 11 11
60 11 43
68 11 51
68 11 60
68 51 60
60 51 51
60 11 43
43 60 43
11 11 11
60 60 11
11 43 11
11 43 11
43 -213 43
51 43 43
60 60 19
43 43 43
11 43 51
11 43 11
11 60 11
43 11 11
43 43 11
43 11 11
11 11 11
11 11 11
43 11 11
43 11 11
43 11 43
11 11 43
43 11 43
-213 51 43
11 43 43
11 60 11
11 43 11
11 11 11
11 43 11
11 60 43
-213 -213 43
43 43 60
43 11 51
60 60 51
68 11 68
60 -213 43
43 51 60
43 11 60
11 11 51
11 11 43
11 11 43
4 8 11
8 4 10
4 8 11
10 4 10
4 8 11
8 8 10
8 4 11
4 10 11
8 4 11
-4 4 10
4 4 10
-4 4 11
8 4 11
4 8 10
-4 4 10
8 4 8
4 -4 11
8 -4 11
4 4 11
4 -4 11
4 -4 11
8 8 11
4 -17 11
4 -17 10
8 4 10
4 -4 11
4 -19 11
8 -4 11
4 -4 11
4 -4 10
8 -4 10
4 4 11
8 -4 10
4 -4 8
4 -4 10
8 4 8
4 -4 10
4 4 10
8 -4 4
8 4 8
8 -17 8
4 -4 8
8 -4 8
8 -4 10
8 -4 8
8 -4 11
8 -17 10
8 -4 8
4 -4 8
4 8 8
8 -4 11
8 -4 8
10 4 8
8 4 8
8 4 10
8 -4 11
4 -4 10
8 4 8
8 -4 10
4 -4 10
4 4 10
8 -4 8
4 4 8
4 4 8
4 -4 8
8 4 8
4 -4 8
4 -4 4
4 4 4
8 -17 4
-4 4 8
8 -4 4
4 -4 4
8 -4 8
4 4 4
4 -4 8
4 -4 8
8 -4 4
8 4 8
8 -4 4
4 4 4
4 -4 8
4 4 4
8 -4 4
8 4 4
4 -4 8
4 4 4
8 -4 -4
8 4 4
4 -4 8
8 -4 4
8 4 -4
4 -4 -4
4 4 4
4 4 4
4 -4 4
4 -4 -4
4 4 4
8 8 -4
4 8 -4
10 11 8
10 4 11
11 8 4
8 -4 8
8 10 4
8 8 4
4 4 8
8 4 8
4 11 11
4 -4 11
8 4 11
11 4 11
10 8 10
11 4 10
11 8 8
11 11 8
11 4 4
10 4 4
11 10 4
8 11 8
10 4 4
10 11 4
11 4 4
10 10 8
10 10 8
10 8 8
8 -4 11
11 8 10
11 10 8
11 4 10
11 8 4
8 11 4
4 10 4
-4 11 4
-4 11 4
-4 10 -4
-4 10 -4
-4 8 4
8 11 4
4 11 8
8 11 10
10 11 11
11 11 10
11 10 11
10 11 11
10 8 11
4 10 8
4 11 8
4 11 8
-4 11 10
4 10 4
4 11 4
4 10 8
8 10 4
11 10 4
10 11 4
10 11 4
8 11 4
8 11 4
4 11 4
8 4 4
8 8 10
10 4 8
4 11 10
8 10 11
8 11 11
8 11 11
10 11 11
10 8 11
11 11 11
11 11 11
11 11 11
10 8 11
10 11 8
8 4 4
4 -4 -4
-4 -4 -4
-4 -4 -17
-4 11 -17
-20 11 -20
-4 11 -4
-4 11 -4
-4 10 -4
4 10 4
10 10 4
8 10 8
10 10 10
11 10 11
11 11 11
11 11 11
11 11 11
11 11 11
11 11 11
10 11 11
10 11 11
8 11 11
8 11 10
8 11 4
8 11 8
4 11 8
4 11 4
4 11 8
-4 11 -4
8 11 -4
4 8 4
4 11 4
4 11 4
8 11 -17
8 11 10
8 10 -4
-4 11 4
-4 8 4
8 8 -4
8 8 4
4 10 -4
8 11 8
-20 8 -4
10 8 4
4 4 -4
8 8 -4
4 8 -4
4 11 -4
4 8 -19
4 -4 -20
4 11 -4
8 8 -17
8 8 4
8 10 4
10 8 -19
11 4 -4
10 4 -20
4 4 -4
4 4 -4
11 10 4
11 8 -4
4 8 -20
10 8 -20
11 4 -20
4 8 -19
10 10 -20
11 8 -4
11 -4 -4
11 11 -20
11 10 -19
8 4 -4
11 10 -4
11 -4 4
11 8 -4
10 4 -4
8 4 -4
11 4 -4
8 8 4
11 -4 -4
4 -4 8
10 -4 -19
8 -4 4
4 8 8
8 -4 4
10 10 4
8 8 10
8 -4 4
11 8 10
11 4 8
8 8 -4
4 4 11
10 10 8
4 4 4
4 8 -4
-4 8 4
4 4 4
-4 4 4
4 4 10
4 8 4
8 10 4
8 10 -20
4 4 -4
-4 -4 -4
4 8 4
8 8 8
8 4 8
-4 10 4
4 8 4
11 8 4
10 4 11
10 11 -4
8 8 8
11 11 -4
11 10 8
11 4 4
8 8 10
4 11 8
10 4 -4
11 11 10
10 11 8
11 10 -17
11 4 4
8 4 4
4 8 4
8 8 4
11 8 8
-19 -19 -20
-17 -20 -20
-20 -4 -20
-17 -4 -20
-17 -19 -20
-4 -4 -20
-17 -4 -20
-4 -4 -20
-4 -4 -20
-4 -19 -20
-4 -4 -20
-4 4 -20
-4 -4 -20
-4 -4 -20
-4 -4 -20
-4 -4 -20
-4 -4 -20
-4 -19 -20
-4 -4 -20
-4 -4 -17
4 -17 -19
-4 -4 -19
4 8 -19
4 -20 -20
8 -4 -17
4 4 -4
4 4 -4
8 -4 -17
8 -4 -4
4 8 -4
8 4 -4
8 4 -4
8 8 -4
10 8 -4
8 8 -4
8 11 -4
10 10 4
11 4 4
10 11 -4
11 11 4
10 10 4
11 11 4
11 10 8
11 11 4
11 11 4
11 11 8
11 11 8
11 11 8
11 11 8
11 11 10
11 11 10
11 11 10
11 11 11
11 11 10
11 11 11
11 11 11
11 11 11
11 -213 11
11 11 11
11 11 11
11 11 11
11 11 11
11 11 11
11 11 11
11 11 11
11 43 11
11 60 11
11 60 11
11 43 11
11 68 11
11 51 11
11 11 11
11 60 11
11 68 11
11 68 11
11 68 11
11 68 11
11 60 11
11 72 11
11 72 11
11 60 11
11 60 11
11 68 11
11 68 11
11 74 11
11 68 11
11 75 11
11 72 11
11 72 11
11 72 11
11 74 11
11 72 11
11 75 11
11 75 11
11 75 11
11 75 11
11 75 11
11 75 11
11 83 11
11 75 11
End
